ts_code,trade_date,close,adj_factor,adj_close
002353.SZ,20150105,31.74,7.981,253.31694
002353.SZ,20150106,32.03,7.981,255.63143
002353.SZ,20150107,31.29,7.981,249.72548999999998
002353.SZ,20150108,32.45,7.981,258.98345
002353.SZ,20150109,33.0,7.981,263.373
002353.SZ,20150112,33.85,7.981,270.15685
002353.SZ,20150113,34.09,7.981,272.07229
002353.SZ,20150114,33.87,7.981,270.31647
002353.SZ,20150115,33.78,7.981,269.59818
002353.SZ,20150116,33.78,7.981,269.59818
002353.SZ,20150119,33.98,7.981,271.19437999999997
002353.SZ,20150120,36.62,7.981,292.26421999999997
002353.SZ,20150121,36.56,7.981,291.78536
002353.SZ,20150122,37.76,7.981,301.36256
002353.SZ,20150123,36.85,7.981,294.09985
002353.SZ,20150126,36.86,7.981,294.17966
002353.SZ,20150127,36.8,7.981,293.70079999999996
002353.SZ,20150128,36.0,7.981,287.316
002353.SZ,20150129,34.79,7.981,277.65899
002353.SZ,20150130,35.15,7.981,280.53215
002353.SZ,20150202,34.66,7.981,276.62145999999996
002353.SZ,20150203,35.97,7.981,287.07657
002353.SZ,20150204,35.38,7.981,282.36778000000004
002353.SZ,20150205,34.45,7.981,274.94545
002353.SZ,20150206,34.31,7.981,273.82811000000004
002353.SZ,20150209,34.2,7.981,272.9502
002353.SZ,20150210,34.59,7.981,276.06279
002353.SZ,20150211,34.3,7.981,273.7483
002353.SZ,20150212,34.46,7.981,275.02526
002353.SZ,20150213,35.12,7.981,280.29272
002353.SZ,20150216,35.23,7.981,281.17062999999996
002353.SZ,20150217,34.1,7.981,272.1521
002353.SZ,20150225,33.12,7.981,264.33072
002353.SZ,20150226,34.01,7.981,271.43381
002353.SZ,20150227,33.95,7.981,270.95495
002353.SZ,20150302,34.8,7.981,277.73879999999997
002353.SZ,20150303,33.95,7.981,270.95495
002353.SZ,20150304,35.36,7.981,282.20815999999996
002353.SZ,20150305,35.97,7.981,287.07657
002353.SZ,20150306,35.34,7.981,282.04854
002353.SZ,20150309,35.03,7.981,279.57443
002353.SZ,20150310,35.24,7.981,281.25044
002353.SZ,20150311,34.91,7.981,278.61670999999996
002353.SZ,20150312,35.35,7.981,282.12835
002353.SZ,20150313,35.6,7.981,284.1236
002353.SZ,20150316,36.49,7.981,291.22669
002353.SZ,20150317,36.33,7.981,289.94973
002353.SZ,20150318,37.49,7.981,299.20769
002353.SZ,20150319,37.42,7.981,298.64902
002353.SZ,20150320,37.03,7.981,295.53643
002353.SZ,20150323,38.5,7.981,307.2685
002353.SZ,20150324,38.05,7.981,303.67704999999995
002353.SZ,20150325,39.09,7.981,311.97729000000004
002353.SZ,20150326,40.49,7.981,323.15069
002353.SZ,20150327,40.3,7.981,321.6343
002353.SZ,20150330,40.35,7.981,322.03335
002353.SZ,20150331,38.45,7.981,306.86945000000003
002353.SZ,20150401,38.65,7.981,308.46565
002353.SZ,20150402,39.13,7.981,312.29653
002353.SZ,20150403,38.99,7.981,311.17919
002353.SZ,20150407,40.4,7.981,322.4324
002353.SZ,20150408,39.45,7.981,314.85045
002353.SZ,20150409,38.18,7.981,304.71458
002353.SZ,20150410,38.76,7.981,309.34355999999997
002353.SZ,20150413,39.61,7.981,316.12741
002353.SZ,20150414,39.18,7.981,312.69558
002353.SZ,20150415,37.85,7.981,302.08085
002353.SZ,20150416,38.56,7.981,307.74736
002353.SZ,20150417,39.69,7.981,316.76588999999996
002353.SZ,20150420,39.44,7.981,314.77063999999996
002353.SZ,20150421,41.29,7.981,329.53549
002353.SZ,20150422,41.59,7.981,331.92979
002353.SZ,20150423,40.87,7.981,326.18347
002353.SZ,20150424,40.27,7.981,321.39487
002353.SZ,20150427,40.82,7.981,325.78442
002353.SZ,20150428,38.14,7.981,304.39534
002353.SZ,20150429,38.44,7.981,306.78963999999996
002353.SZ,20150430,37.88,7.981,302.32028
002353.SZ,20150504,38.38,7.981,306.31078
002353.SZ,20150505,37.92,7.981,302.63952
002353.SZ,20150506,37.16,7.981,296.57395999999994
002353.SZ,20150507,35.8,7.981,285.71979999999996
002353.SZ,20150508,36.4,7.981,290.5084
002353.SZ,20150511,37.3,7.981,297.69129999999996
002353.SZ,20150512,37.66,7.981,300.56445999999994
002353.SZ,20150513,37.46,7.981,298.96826
002353.SZ,20150514,38.2,7.981,304.87420000000003
002353.SZ,20150515,38.06,7.981,303.75686
002353.SZ,20150518,39.04,7.981,311.57824
002353.SZ,20150519,39.28,7.981,313.49368
002353.SZ,20150520,38.94,7.981,310.78013999999996
002353.SZ,20150521,39.58,7.981,315.88797999999997
002353.SZ,20150522,39.67,7.981,316.60627
002353.SZ,20150525,40.5,7.981,323.2305
002353.SZ,20150526,44.55,7.981,355.55355
002353.SZ,20150930,39.92,8.017,320.03864
002353.SZ,20151008,35.93,8.017,288.05080999999996
002353.SZ,20151009,32.34,8.017,259.26978
002353.SZ,20151012,29.38,8.017,235.53945999999996
002353.SZ,20151013,28.45,8.017,228.08364999999998
002353.SZ,20151014,28.99,8.017,232.41282999999999
002353.SZ,20151015,29.11,8.017,233.37487
002353.SZ,20151016,28.88,8.017,231.53095999999996
002353.SZ,20151019,29.08,8.017,233.13435999999996
002353.SZ,20151020,29.28,8.017,234.73775999999998
002353.SZ,20151021,26.4,8.017,211.64879999999997
002353.SZ,20151022,26.87,8.017,215.41679
002353.SZ,20151023,26.78,8.017,214.69526
002353.SZ,20151026,27.42,8.017,219.82614
002353.SZ,20151027,26.85,8.017,215.25645
002353.SZ,20151028,26.27,8.017,210.60658999999998
002353.SZ,20151029,26.45,8.017,212.04964999999999
002353.SZ,20151030,26.05,8.017,208.84285
002353.SZ,20151102,26.13,8.017,209.48421
002353.SZ,20151103,25.86,8.017,207.31962
002353.SZ,20151104,26.99,8.017,216.37882999999997
002353.SZ,20151105,26.66,8.017,213.73322
002353.SZ,20151106,26.97,8.017,216.21848999999997
002353.SZ,20151109,27.57,8.017,221.02868999999998
002353.SZ,20151110,27.35,8.017,219.26495
002353.SZ,20151111,27.59,8.017,221.18902999999997
002353.SZ,20151112,27.08,8.017,217.10035999999997
002353.SZ,20151113,26.14,8.017,209.56438
002353.SZ,20151116,27.25,8.017,218.46325
002353.SZ,20151117,26.91,8.017,215.73746999999997
002353.SZ,20151118,26.41,8.017,211.72896999999998
002353.SZ,20151119,27.1,8.017,217.26069999999999
002353.SZ,20151120,27.8,8.017,222.87259999999998
002353.SZ,20151123,27.38,8.017,219.50545999999997
002353.SZ,20151124,28.11,8.017,225.35787
002353.SZ,20151125,27.87,8.017,223.43379
002353.SZ,20151126,27.39,8.017,219.58562999999998
002353.SZ,20151127,25.52,8.017,204.59383999999997
002353.SZ,20151130,24.72,8.017,198.18023999999997
002353.SZ,20151201,24.97,8.017,200.18448999999998
002353.SZ,20151202,25.0,8.017,200.42499999999998
002353.SZ,20151203,25.26,8.017,202.50942
002353.SZ,20151204,25.33,8.017,203.07060999999996
002353.SZ,20151207,26.8,8.017,214.85559999999998
002353.SZ,20151208,25.73,8.017,206.27741
002353.SZ,20151209,25.02,8.017,200.58533999999997
002353.SZ,20151210,24.71,8.017,198.10007
002353.SZ,20151211,24.27,8.017,194.57259
002353.SZ,20151214,24.81,8.017,198.90176999999997
002353.SZ,20151215,24.82,8.017,198.98193999999998
002353.SZ,20151216,25.25,8.017,202.42925
002353.SZ,20151217,25.57,8.017,204.99469
002353.SZ,20151218,24.98,8.017,200.26466
002353.SZ,20151221,25.14,8.017,201.54738
002353.SZ,20151222,25.72,8.017,206.19723999999997
002353.SZ,20151223,25.28,8.017,202.66976
002353.SZ,20151224,25.42,8.017,203.79214
002353.SZ,20151225,26.19,8.017,209.96523
002353.SZ,20151228,25.3,8.017,202.8301
002353.SZ,20151229,26.05,8.017,208.84285
002353.SZ,20151230,25.89,8.017,207.56013
002353.SZ,20151231,25.38,8.017,203.47145999999998
002353.SZ,20160104,22.92,8.017,183.74964
002353.SZ,20160105,21.7,8.017,173.9689
002353.SZ,20160106,22.32,8.017,178.93944
002353.SZ,20160107,20.13,8.017,161.38221
002353.SZ,20160108,20.0,8.017,160.33999999999997
002353.SZ,20160111,18.0,8.017,144.30599999999998
002353.SZ,20160112,17.83,8.017,142.94311
002353.SZ,20160113,16.92,8.017,135.64764
002353.SZ,20160114,17.33,8.017,138.93460999999996
002353.SZ,20160115,16.64,8.017,133.40287999999998
002353.SZ,20160118,16.92,8.017,135.64764
002353.SZ,20160119,17.5,8.017,140.29749999999999
002353.SZ,20160120,17.33,8.017,138.93460999999996
002353.SZ,20160121,16.38,8.017,131.31846
002353.SZ,20160122,17.27,8.017,138.45359
002353.SZ,20160125,17.51,8.017,140.37767
002353.SZ,20160126,15.76,8.017,126.34791999999999
002353.SZ,20160127,15.32,8.017,122.82043999999999
002353.SZ,20160128,14.67,8.017,117.60938999999999
002353.SZ,20160129,15.8,8.017,126.6686
002353.SZ,20160201,15.9,8.017,127.4703
002353.SZ,20160202,16.25,8.017,130.27625
002353.SZ,20160203,15.95,8.017,127.87114999999999
002353.SZ,20160204,16.21,8.017,129.95557
002353.SZ,20160205,16.29,8.017,130.59693
002353.SZ,20160215,15.91,8.017,127.55046999999999
002353.SZ,20160216,16.85,8.017,135.08645
002353.SZ,20160217,16.86,8.017,135.16662
002353.SZ,20160218,16.74,8.017,134.20457999999996
002353.SZ,20160219,16.67,8.017,133.64339
002353.SZ,20160222,17.25,8.017,138.29325
002353.SZ,20160223,17.69,8.017,141.82073
002353.SZ,20160224,17.58,8.017,140.93885999999998
002353.SZ,20160225,16.05,8.017,128.67285
002353.SZ,20160226,16.37,8.017,131.23829
002353.SZ,20160229,15.01,8.017,120.33516999999999
002353.SZ,20160301,15.41,8.017,123.54196999999999
002353.SZ,20160302,16.14,8.017,129.39437999999998
002353.SZ,20160303,16.44,8.017,131.79948
002353.SZ,20160304,16.09,8.017,128.99353
002353.SZ,20160307,16.68,8.017,133.72356
002353.SZ,20160308,17.5,8.017,140.29749999999999
002353.SZ,20160309,16.47,8.017,132.03999
002353.SZ,20160310,15.88,8.017,127.30996
002353.SZ,20160311,15.66,8.017,125.54621999999999
002353.SZ,20160314,16.12,8.017,129.23404
002353.SZ,20160315,15.75,8.017,126.26774999999999
002353.SZ,20160316,15.65,8.017,125.46605
002353.SZ,20160317,16.3,8.017,130.6771
002353.SZ,20160318,16.89,8.017,135.40713
002353.SZ,20160321,17.28,8.017,138.53376
002353.SZ,20160322,17.06,8.017,136.77002
002353.SZ,20160323,17.59,8.017,141.01903
002353.SZ,20160419,16.76,8.017,134.36492
002353.SZ,20160420,15.91,8.017,127.55046999999999
002353.SZ,20160421,16.54,8.017,132.60117999999997
002353.SZ,20160422,16.46,8.017,131.95982
002353.SZ,20160425,18.11,8.017,145.18786999999998
002353.SZ,20160426,18.75,8.017,150.31875
002353.SZ,20160427,19.37,8.017,155.28929
002353.SZ,20160428,18.97,8.017,152.08248999999998
002353.SZ,20160429,18.74,8.017,150.23857999999998
002353.SZ,20160503,19.32,8.017,154.88844
002353.SZ,20160504,18.93,8.017,151.76181
002353.SZ,20160505,19.78,8.017,158.57626
002353.SZ,20160506,18.4,8.017,147.51279999999997
002353.SZ,20160509,17.33,8.017,138.93460999999996
002353.SZ,20160510,17.4,8.017,139.49579999999997
002353.SZ,20160511,17.7,8.017,141.90089999999998
002353.SZ,20160512,18.1,8.017,145.1077
002353.SZ,20160513,17.73,8.017,142.14141
002353.SZ,20160516,17.91,8.017,143.58446999999998
002353.SZ,20160517,18.99,8.017,152.24282999999997
002353.SZ,20160518,19.15,8.017,153.52554999999998
002353.SZ,20160519,18.91,8.017,151.60146999999998
002353.SZ,20160520,19.5,8.03,156.58499999999998
002353.SZ,20160523,19.4,8.03,155.78199999999998
002353.SZ,20160524,18.77,8.03,150.7231
002353.SZ,20160525,18.43,8.03,147.9929
002353.SZ,20160526,19.02,8.03,152.73059999999998
002353.SZ,20160527,18.7,8.03,150.16099999999997
002353.SZ,20160530,18.31,8.03,147.02929999999998
002353.SZ,20160531,19.16,8.03,153.85479999999998
002353.SZ,20160601,19.36,8.03,155.46079999999998
002353.SZ,20160602,19.39,8.03,155.7017
002353.SZ,20160603,19.34,8.03,155.3002
002353.SZ,20160606,21.02,8.03,168.79059999999998
002353.SZ,20160607,20.42,8.03,163.9726
002353.SZ,20160608,21.36,8.03,171.52079999999998
002353.SZ,20160613,19.68,8.03,158.0304
002353.SZ,20160614,19.97,8.03,160.35909999999998
002353.SZ,20160615,20.92,8.03,167.9876
002353.SZ,20160616,20.9,8.03,167.82699999999997
002353.SZ,20160617,20.48,8.03,164.4544
002353.SZ,20160620,20.51,8.03,164.6953
002353.SZ,20160621,19.93,8.03,160.03789999999998
002353.SZ,20160622,20.0,8.03,160.6
002353.SZ,20160623,19.43,8.03,156.0229
002353.SZ,20160624,18.81,8.03,151.04429999999996
002353.SZ,20160627,19.39,8.03,155.7017
002353.SZ,20160628,19.17,8.03,153.9351
002353.SZ,20160629,19.39,8.03,155.7017
002353.SZ,20160630,19.28,8.03,154.8184
002353.SZ,20160701,18.95,8.03,152.1685
002353.SZ,20160704,19.5,8.03,156.58499999999998
002353.SZ,20160705,19.44,8.03,156.1032
002353.SZ,20160706,19.3,8.03,154.97899999999998
002353.SZ,20160707,19.74,8.03,158.51219999999998
002353.SZ,20160708,19.41,8.03,155.86229999999998
002353.SZ,20160711,19.28,8.03,154.8184
002353.SZ,20160712,19.62,8.03,157.5486
002353.SZ,20160713,19.95,8.03,160.1985
002353.SZ,20160714,19.79,8.03,158.91369999999998
002353.SZ,20160715,19.74,8.03,158.51219999999998
002353.SZ,20160718,19.36,8.03,155.46079999999998
002353.SZ,20160719,19.2,8.03,154.176
002353.SZ,20160720,19.15,8.03,153.7745
002353.SZ,20160721,19.02,8.03,152.73059999999998
002353.SZ,20160722,18.45,8.03,148.15349999999998
002353.SZ,20160725,18.65,8.03,149.75949999999997
002353.SZ,20160726,18.71,8.03,150.2413
002353.SZ,20160727,17.55,8.03,140.9265
002353.SZ,20160728,17.35,8.03,139.3205
002353.SZ,20160729,17.13,8.03,137.55389999999997
002353.SZ,20160801,16.77,8.03,134.6631
002353.SZ,20160802,16.9,8.03,135.70699999999997
002353.SZ,20160803,16.68,8.03,133.94039999999998
002353.SZ,20160804,17.0,8.03,136.51
002353.SZ,20160805,16.88,8.03,135.54639999999998
002353.SZ,20160808,16.94,8.03,136.0282
002353.SZ,20160809,17.28,8.03,138.7584
002353.SZ,20160810,17.1,8.03,137.313
002353.SZ,20160811,16.9,8.03,135.70699999999997
002353.SZ,20160812,17.2,8.03,138.11599999999999
002353.SZ,20160815,17.47,8.03,140.28409999999997
002353.SZ,20160816,17.48,8.03,140.3644
002353.SZ,20160817,17.5,8.03,140.52499999999998
002353.SZ,20160818,17.56,8.03,141.00679999999997
002353.SZ,20160819,17.72,8.03,142.2916
002353.SZ,20160822,17.33,8.03,139.15989999999996
002353.SZ,20160823,17.06,8.03,136.99179999999998
002353.SZ,20160824,17.13,8.03,137.55389999999997
002353.SZ,20160825,16.9,8.03,135.70699999999997
002353.SZ,20160826,17.17,8.03,137.8751
002353.SZ,20160829,17.29,8.03,138.8387
002353.SZ,20160830,17.46,8.03,140.2038
002353.SZ,20160831,17.36,8.03,139.40079999999998
002353.SZ,20160901,17.09,8.03,137.2327
002353.SZ,20160902,17.14,8.03,137.6342
002353.SZ,20160905,17.14,8.03,137.6342
002353.SZ,20160906,17.37,8.03,139.4811
002353.SZ,20160907,17.41,8.03,139.8023
002353.SZ,20160908,17.42,8.03,139.8826
002353.SZ,20160909,18.18,8.03,145.9854
002353.SZ,20160912,19.1,8.03,153.373
002353.SZ,20160913,19.03,8.03,152.8109
002353.SZ,20160914,18.34,8.03,147.2702
002353.SZ,20160919,18.5,8.03,148.55499999999998
002353.SZ,20160920,18.9,8.03,151.76699999999997
002353.SZ,20160921,18.52,8.03,148.7156
002353.SZ,20160922,18.69,8.03,150.0807
002353.SZ,20160923,18.8,8.03,150.964
002353.SZ,20160926,17.98,8.03,144.3794
002353.SZ,20160927,18.15,8.03,145.7445
002353.SZ,20160928,17.84,8.03,143.25519999999997
002353.SZ,20160929,18.02,8.03,144.70059999999998
002353.SZ,20160930,18.2,8.03,146.146
002353.SZ,20161010,18.77,8.03,150.7231
002353.SZ,20161011,19.31,8.03,155.05929999999998
002353.SZ,20161012,19.15,8.03,153.7745
002353.SZ,20161013,19.25,8.03,154.5775
002353.SZ,20161014,19.02,8.03,152.73059999999998
002353.SZ,20161017,18.58,8.03,149.1974
002353.SZ,20161018,18.84,8.03,151.28519999999997
002353.SZ,20161019,18.87,8.03,151.52609999999999
002353.SZ,20161020,18.75,8.03,150.5625
002353.SZ,20161021,18.53,8.03,148.7959
002353.SZ,20161024,18.81,8.03,151.04429999999996
002353.SZ,20161025,18.84,8.03,151.28519999999997
002353.SZ,20161026,18.62,8.03,149.5186
002353.SZ,20161027,18.78,8.03,150.8034
002353.SZ,20161028,18.2,8.03,146.146
002353.SZ,20161031,18.14,8.03,145.6642
002353.SZ,20161101,18.26,8.03,146.6278
002353.SZ,20161102,18.05,8.03,144.9415
002353.SZ,20161103,18.03,8.03,144.7809
002353.SZ,20161104,17.89,8.03,143.6567
002353.SZ,20161107,17.69,8.03,142.0507
002353.SZ,20161108,17.78,8.03,142.7734
002353.SZ,20161109,17.58,8.03,141.1674
002353.SZ,20161110,17.98,8.03,144.3794
002353.SZ,20161111,18.23,8.03,146.3869
002353.SZ,20161114,18.32,8.03,147.1096
002353.SZ,20161115,18.23,8.03,146.3869
002353.SZ,20161116,18.58,8.03,149.1974
002353.SZ,20161117,18.4,8.03,147.75199999999998
002353.SZ,20161118,18.34,8.03,147.2702
002353.SZ,20161121,18.62,8.03,149.5186
002353.SZ,20161122,19.0,8.03,152.57
002353.SZ,20161123,19.87,8.03,159.5561
002353.SZ,20161124,20.43,8.03,164.0529
002353.SZ,20161125,20.13,8.03,161.64389999999997
002353.SZ,20161128,20.0,8.03,160.6
002353.SZ,20161129,19.63,8.03,157.6289
002353.SZ,20161130,19.15,8.03,153.7745
002353.SZ,20161201,20.06,8.03,161.0818
002353.SZ,20161202,20.12,8.03,161.5636
002353.SZ,20161205,20.34,8.03,163.3302
002353.SZ,20161206,20.7,8.03,166.22099999999998
002353.SZ,20161207,21.05,8.03,169.0315
002353.SZ,20161208,20.54,8.03,164.93619999999999
002353.SZ,20161209,20.44,8.03,164.1332
002353.SZ,20161212,20.1,8.03,161.403
002353.SZ,20161213,21.42,8.03,172.0026
002353.SZ,20161214,21.35,8.03,171.4405
002353.SZ,20161215,21.44,8.03,172.1632
002353.SZ,20161216,21.09,8.03,169.3527
002353.SZ,20161219,22.19,8.03,178.1857
002353.SZ,20161220,21.44,8.03,172.1632
002353.SZ,20161221,21.33,8.03,171.27989999999997
002353.SZ,20161222,21.45,8.03,172.24349999999998
002353.SZ,20161223,20.79,8.03,166.94369999999998
002353.SZ,20161226,20.38,8.03,163.65139999999997
002353.SZ,20161227,20.07,8.03,161.16209999999998
002353.SZ,20161228,19.95,8.03,160.1985
002353.SZ,20161229,20.09,8.03,161.3227
002353.SZ,20161230,20.3,8.03,163.009
002353.SZ,20170103,20.22,8.03,162.36659999999998
002353.SZ,20170104,20.6,8.03,165.418
002353.SZ,20170105,21.06,8.03,169.1118
002353.SZ,20170106,21.39,8.03,171.7617
002353.SZ,20170109,21.42,8.03,172.0026
002353.SZ,20170110,20.79,8.03,166.94369999999998
002353.SZ,20170111,20.11,8.03,161.48329999999999
002353.SZ,20170112,19.92,8.03,159.9576
002353.SZ,20170113,19.88,8.03,159.63639999999998
002353.SZ,20170116,19.19,8.03,154.0957
002353.SZ,20170117,20.2,8.03,162.206
002353.SZ,20170118,20.31,8.03,163.08929999999998
002353.SZ,20170119,20.46,8.03,164.2938
002353.SZ,20170120,20.47,8.03,164.37409999999997
002353.SZ,20170123,20.89,8.03,167.7467
002353.SZ,20170124,20.71,8.03,166.3013
002353.SZ,20170125,20.71,8.03,166.3013
002353.SZ,20170126,20.58,8.03,165.25739999999996
002353.SZ,20170203,20.58,8.03,165.25739999999996
002353.SZ,20170206,21.05,8.03,169.0315
002353.SZ,20170207,20.91,8.03,167.9073
002353.SZ,20170208,21.07,8.03,169.19209999999998
002353.SZ,20170209,21.03,8.03,168.8709
002353.SZ,20170210,20.63,8.03,165.6589
002353.SZ,20170213,21.53,8.03,172.8859
002353.SZ,20170214,21.63,8.03,173.6889
002353.SZ,20170215,21.33,8.03,171.27989999999997
002353.SZ,20170216,21.52,8.03,172.80559999999997
002353.SZ,20170217,20.92,8.03,167.9876
002353.SZ,20170220,21.46,8.03,172.3238
002353.SZ,20170221,22.23,8.03,178.5069
002353.SZ,20170222,22.86,8.03,183.56579999999997
002353.SZ,20170223,22.76,8.03,182.7628
002353.SZ,20170224,22.46,8.03,180.35379999999998
002353.SZ,20170227,22.36,8.03,179.55079999999998
002353.SZ,20170228,23.38,8.03,187.74139999999997
002353.SZ,20170301,23.01,8.03,184.7703
002353.SZ,20170302,23.44,8.03,188.2232
002353.SZ,20170303,23.75,8.03,190.71249999999998
002353.SZ,20170306,23.66,8.03,189.98979999999997
002353.SZ,20170307,23.01,8.03,184.7703
002353.SZ,20170308,22.56,8.03,181.15679999999998
002353.SZ,20170309,21.93,8.03,176.09789999999998
002353.SZ,20170310,22.05,8.03,177.0615
002353.SZ,20170313,22.24,8.03,178.58719999999997
002353.SZ,20170314,22.11,8.03,177.5433
002353.SZ,20170315,21.72,8.03,174.41159999999996
002353.SZ,20170316,22.44,8.03,180.1932
002353.SZ,20170317,22.12,8.03,177.62359999999998
002353.SZ,20170320,21.81,8.03,175.13429999999997
002353.SZ,20170321,21.62,8.03,173.6086
002353.SZ,20170322,21.87,8.03,175.6161
002353.SZ,20170323,22.07,8.03,177.22209999999998
002353.SZ,20170324,22.28,8.03,178.9084
002353.SZ,20170327,21.59,8.03,173.36769999999999
002353.SZ,20170328,21.1,8.03,169.433
002353.SZ,20170329,21.35,8.03,171.4405
002353.SZ,20170330,20.59,8.03,165.33769999999998
002353.SZ,20170331,20.73,8.03,166.46189999999999
002353.SZ,20170405,21.07,8.03,169.19209999999998
002353.SZ,20170406,21.14,8.03,169.7542
002353.SZ,20170407,21.54,8.03,172.9662
002353.SZ,20170410,21.3,8.03,171.039
002353.SZ,20170411,21.76,8.03,174.7328
002353.SZ,20170412,21.49,8.03,172.5647
002353.SZ,20170413,20.98,8.03,168.46939999999998
002353.SZ,20170414,20.98,8.03,168.46939999999998
002353.SZ,20170417,21.08,8.03,169.27239999999998
002353.SZ,20170418,19.61,8.03,157.46829999999997
002353.SZ,20170419,18.68,8.03,150.00039999999998
002353.SZ,20170420,18.15,8.03,145.7445
002353.SZ,20170421,18.17,8.03,145.9051
002353.SZ,20170424,17.22,8.03,138.27659999999997
002353.SZ,20170425,16.9,8.03,135.70699999999997
002353.SZ,20170426,16.8,8.03,134.904
002353.SZ,20170427,17.12,8.03,137.4736
002353.SZ,20170428,17.34,8.03,139.2402
002353.SZ,20170502,17.05,8.03,136.9115
002353.SZ,20170503,16.99,8.03,136.42969999999997
002353.SZ,20170504,16.96,8.03,136.1888
002353.SZ,20170505,15.46,8.03,124.1438
002353.SZ,20170508,15.47,8.03,124.22409999999999
002353.SZ,20170509,15.89,8.03,127.5967
002353.SZ,20170510,15.8,8.03,126.874
002353.SZ,20170511,16.27,8.03,130.6481
002353.SZ,20170512,16.3,8.03,130.88899999999998
002353.SZ,20170515,16.58,8.03,133.13739999999999
002353.SZ,20170516,16.67,8.03,133.86010000000002
002353.SZ,20170517,16.67,8.03,133.86010000000002
002353.SZ,20170518,17.9,8.03,143.73699999999997
002353.SZ,20170519,18.34,8.03,147.2702
002353.SZ,20170522,17.19,8.03,138.0357
002353.SZ,20170523,15.75,8.03,126.4725
002353.SZ,20170524,16.66,8.03,133.7798
002353.SZ,20170525,16.8,8.03,134.904
002353.SZ,20170526,16.77,8.03,134.6631
002353.SZ,20170531,16.25,8.03,130.48749999999998
002353.SZ,20170601,15.4,8.03,123.66199999999999
002353.SZ,20170602,15.72,8.03,126.2316
002353.SZ,20170605,16.12,8.03,129.4436
002353.SZ,20170606,16.03,8.03,128.7209
002353.SZ,20170607,16.39,8.03,131.61169999999998
002353.SZ,20170608,16.19,8.03,130.0057
002353.SZ,20170609,15.9,8.045,127.91550000000001
002353.SZ,20170612,15.86,8.045,127.5937
002353.SZ,20170613,16.07,8.045,129.28315
002353.SZ,20170614,16.06,8.045,129.2027
002353.SZ,20170615,16.19,8.045,130.24855000000002
002353.SZ,20170616,16.18,8.045,130.1681
002353.SZ,20170619,16.04,8.045,129.0418
002353.SZ,20170620,16.31,8.045,131.21394999999998
002353.SZ,20170621,16.21,8.045,130.40945
002353.SZ,20170622,16.0,8.045,128.72
002353.SZ,20170623,15.82,8.045,127.2719
002353.SZ,20170626,15.95,8.045,128.31775
002353.SZ,20170627,15.97,8.045,128.47865000000002
002353.SZ,20170628,15.77,8.045,126.86965
002353.SZ,20170629,15.95,8.045,128.31775
002353.SZ,20170630,15.82,8.045,127.2719
002353.SZ,20170703,15.87,8.045,127.67415
002353.SZ,20170704,16.31,8.045,131.21394999999998
002353.SZ,20170705,16.28,8.045,130.9726
002353.SZ,20170706,16.0,8.045,128.72
002353.SZ,20170707,16.07,8.045,129.28315
002353.SZ,20170710,15.93,8.045,128.15685
002353.SZ,20170711,15.84,8.045,127.4328
002353.SZ,20170712,15.71,8.045,126.38695
002353.SZ,20170713,15.72,8.045,126.4674
002353.SZ,20170714,15.65,8.045,125.90425
002353.SZ,20170717,14.79,8.045,118.98554999999999
002353.SZ,20170718,14.3,8.045,115.04350000000001
002353.SZ,20170719,14.32,8.045,115.2044
002353.SZ,20170720,14.49,8.045,116.57205
002353.SZ,20170721,14.41,8.045,115.92845
002353.SZ,20170724,14.37,8.045,115.60664999999999
002353.SZ,20170725,14.31,8.045,115.12395000000001
002353.SZ,20170726,14.75,8.045,118.66375
002353.SZ,20170727,15.04,8.045,120.9968
002353.SZ,20170728,14.76,8.045,118.74419999999999
002353.SZ,20170731,15.01,8.045,120.75545
002353.SZ,20170801,15.21,8.045,122.36445
002353.SZ,20170802,14.88,8.045,119.70960000000001
002353.SZ,20170803,14.89,8.045,119.79005000000001
002353.SZ,20170804,14.89,8.045,119.79005000000001
002353.SZ,20170807,14.98,8.045,120.5141
002353.SZ,20170808,14.99,8.045,120.59455
002353.SZ,20170809,14.85,8.045,119.46825
002353.SZ,20170810,14.59,8.045,117.37655
002353.SZ,20170811,14.53,8.045,116.89385
002353.SZ,20170814,14.84,8.045,119.3878
002353.SZ,20170815,14.73,8.045,118.50285000000001
002353.SZ,20170816,14.87,8.045,119.62915
002353.SZ,20170817,14.97,8.045,120.43365
002353.SZ,20170818,14.98,8.045,120.5141
002353.SZ,20170821,15.09,8.045,121.39905
002353.SZ,20170822,14.98,8.045,120.5141
002353.SZ,20170823,14.94,8.045,120.19229999999999
002353.SZ,20170824,15.0,8.045,120.675
002353.SZ,20170825,15.07,8.045,121.23815
002353.SZ,20170828,15.18,8.045,122.1231
002353.SZ,20170829,15.15,8.045,121.88175
002353.SZ,20170830,15.16,8.045,121.9622
002353.SZ,20170831,15.11,8.045,121.55995
002353.SZ,20170901,15.1,8.045,121.4795
002353.SZ,20170904,15.11,8.045,121.55995
002353.SZ,20170905,15.13,8.045,121.72085
002353.SZ,20170906,15.59,8.045,125.42155
002353.SZ,20170907,15.4,8.045,123.893
002353.SZ,20170908,15.44,8.045,124.2148
002353.SZ,20170911,15.38,8.045,123.7321
002353.SZ,20170912,15.21,8.045,122.36445
002353.SZ,20170913,15.25,8.045,122.68625
002353.SZ,20170914,15.15,8.045,121.88175
002353.SZ,20170915,15.14,8.045,121.8013
002353.SZ,20170918,15.36,8.045,123.57119999999999
002353.SZ,20170919,15.2,8.045,122.28399999999999
002353.SZ,20170920,15.2,8.045,122.28399999999999
002353.SZ,20170921,15.54,8.045,125.01929999999999
002353.SZ,20170922,15.42,8.045,124.0539
002353.SZ,20170925,15.0,8.045,120.675
002353.SZ,20170926,15.63,8.045,125.74335
002353.SZ,20170927,15.68,8.045,126.1456
002353.SZ,20170928,15.68,8.045,126.1456
002353.SZ,20170929,15.51,8.045,124.77795
002353.SZ,20171009,16.09,8.045,129.44405
002353.SZ,20171010,16.21,8.045,130.40945
002353.SZ,20171011,16.02,8.045,128.8809
002353.SZ,20171012,16.25,8.045,130.73125
002353.SZ,20171013,16.07,8.045,129.28315
002353.SZ,20171016,15.56,8.045,125.1802
002353.SZ,20171017,15.51,8.045,124.77795
002353.SZ,20171018,15.27,8.045,122.84715
002353.SZ,20171019,15.33,8.045,123.32985
002353.SZ,20171020,15.49,8.045,124.61705
002353.SZ,20171023,15.41,8.045,123.97345
002353.SZ,20171024,15.31,8.045,123.16895000000001
002353.SZ,20171025,15.44,8.045,124.2148
002353.SZ,20171026,15.54,8.045,125.01929999999999
002353.SZ,20171027,15.72,8.045,126.4674
002353.SZ,20171030,15.44,8.045,124.2148
002353.SZ,20171031,15.27,8.045,122.84715
002353.SZ,20171101,15.18,8.045,122.1231
002353.SZ,20171102,14.95,8.045,120.27274999999999
002353.SZ,20171103,15.1,8.045,121.4795
002353.SZ,20171106,15.39,8.045,123.81255
002353.SZ,20171107,16.44,8.045,132.2598
002353.SZ,20171108,16.34,8.045,131.4553
002353.SZ,20171109,16.39,8.045,131.85755
002353.SZ,20171110,16.05,8.045,129.12225
002353.SZ,20171113,16.27,8.045,130.89215
002353.SZ,20171114,15.88,8.045,127.75460000000001
002353.SZ,20171115,15.39,8.045,123.81255
002353.SZ,20171116,15.52,8.045,124.85839999999999
002353.SZ,20171117,15.07,8.045,121.23815
002353.SZ,20171120,14.87,8.045,119.62915
002353.SZ,20171121,14.74,8.045,118.5833
002353.SZ,20171122,14.91,8.045,119.95095
002353.SZ,20171123,14.6,8.045,117.457
002353.SZ,20171124,14.78,8.045,118.90509999999999
002353.SZ,20171127,14.47,8.045,116.41115
002353.SZ,20171128,14.53,8.045,116.89385
002353.SZ,20171129,14.26,8.045,114.7217
002353.SZ,20171130,14.11,8.045,113.51495
002353.SZ,20171201,14.19,8.045,114.15854999999999
002353.SZ,20171204,13.89,8.045,111.74505
002353.SZ,20171205,12.64,8.045,101.6888
002353.SZ,20171206,12.52,8.045,100.7234
002353.SZ,20171207,12.42,8.045,99.9189
002353.SZ,20171208,12.48,8.045,100.4016
002353.SZ,20171211,12.67,8.045,101.93015
002353.SZ,20171212,12.5,8.045,100.5625
002353.SZ,20171213,12.62,8.045,101.52789999999999
002353.SZ,20171214,12.86,8.045,103.4587
002353.SZ,20171215,12.76,8.045,102.6542
002353.SZ,20171218,12.73,8.045,102.41285
002353.SZ,20171219,12.71,8.045,102.25195000000001
002353.SZ,20171220,12.8,8.045,102.976
002353.SZ,20171221,12.52,8.045,100.7234
002353.SZ,20171222,12.82,8.045,103.1369
002353.SZ,20171225,12.78,8.045,102.8151
002353.SZ,20171226,12.86,8.045,103.4587
002353.SZ,20171227,13.22,8.045,106.3549
002353.SZ,20171228,13.13,8.045,105.63085000000001
002353.SZ,20171229,13.12,8.045,105.5504
002353.SZ,20180102,13.64,8.045,109.7338
002353.SZ,20180103,13.52,8.045,108.7684
002353.SZ,20180104,14.87,8.045,119.62915
002353.SZ,20180105,14.7,8.045,118.2615
002353.SZ,20180108,14.85,8.045,119.46825
002353.SZ,20180109,15.0,8.045,120.675
002353.SZ,20180110,15.51,8.045,124.77795
002353.SZ,20180111,15.21,8.045,122.36445
002353.SZ,20180112,15.25,8.045,122.68625
002353.SZ,20180115,15.12,8.045,121.6404
002353.SZ,20180116,14.56,8.045,117.1352
002353.SZ,20180117,14.7,8.045,118.2615
002353.SZ,20180118,14.8,8.045,119.066
002353.SZ,20180119,14.59,8.045,117.37655
002353.SZ,20180122,15.03,8.045,120.91635
002353.SZ,20180123,15.3,8.045,123.08850000000001
002353.SZ,20180124,16.06,8.045,129.2027
002353.SZ,20180125,15.92,8.045,128.0764
002353.SZ,20180126,16.03,8.045,128.96135
002353.SZ,20180129,15.84,8.045,127.4328
002353.SZ,20180130,15.73,8.045,126.54785
002353.SZ,20180131,14.75,8.045,118.66375
002353.SZ,20180201,14.6,8.045,117.457
002353.SZ,20180202,15.05,8.045,121.07725
002353.SZ,20180205,15.33,8.045,123.32985
002353.SZ,20180206,13.8,8.045,111.021
002353.SZ,20180207,13.7,8.045,110.2165
002353.SZ,20180208,13.56,8.045,109.09020000000001
002353.SZ,20180209,12.7,8.045,102.1715
002353.SZ,20180212,12.72,8.045,102.3324
002353.SZ,20180213,12.86,8.045,103.4587
002353.SZ,20180214,12.89,8.045,103.70005
002353.SZ,20180222,13.59,8.045,109.33155
002353.SZ,20180223,13.52,8.045,108.7684
002353.SZ,20180226,13.92,8.045,111.9864
002353.SZ,20180227,14.25,8.045,114.64125
002353.SZ,20180228,14.43,8.045,116.08935
002353.SZ,20180301,15.05,8.045,121.07725
002353.SZ,20180302,14.43,8.045,116.08935
002353.SZ,20180305,14.42,8.045,116.0089
002353.SZ,20180306,14.37,8.045,115.60664999999999
002353.SZ,20180307,14.1,8.045,113.4345
002353.SZ,20180308,14.22,8.045,114.3999
002353.SZ,20180309,14.4,8.045,115.848
002353.SZ,20180312,14.96,8.045,120.3532
002353.SZ,20180313,14.85,8.045,119.46825
002353.SZ,20180314,14.84,8.045,119.3878
002353.SZ,20180315,14.63,8.045,117.69835
002353.SZ,20180316,14.5,8.045,116.6525
002353.SZ,20180319,14.54,8.045,116.97429999999999
002353.SZ,20180320,14.67,8.045,118.02015
002353.SZ,20180321,14.98,8.045,120.5141
002353.SZ,20180322,14.84,8.045,119.3878
002353.SZ,20180323,14.1,8.045,113.4345
002353.SZ,20180326,14.51,8.045,116.73295
002353.SZ,20180327,14.82,8.045,119.2269
002353.SZ,20180328,14.9,8.045,119.8705
002353.SZ,20180329,14.89,8.045,119.79005000000001
002353.SZ,20180330,14.99,8.045,120.59455
002353.SZ,20180402,15.06,8.045,121.1577
002353.SZ,20180403,15.5,8.045,124.6975
002353.SZ,20180404,15.3,8.045,123.08850000000001
002353.SZ,20180409,16.03,8.045,128.96135
002353.SZ,20180410,16.24,8.045,130.65079999999998
002353.SZ,20180411,16.68,8.045,134.1906
002353.SZ,20180412,16.68,8.045,134.1906
002353.SZ,20180413,16.53,8.045,132.98385000000002
002353.SZ,20180416,16.69,8.045,134.27105
002353.SZ,20180417,15.76,8.045,126.7892
002353.SZ,20180418,16.08,8.045,129.3636
002353.SZ,20180419,16.87,8.045,135.71915
002353.SZ,20180420,15.94,8.045,128.2373
002353.SZ,20180423,16.11,8.045,129.60495
002353.SZ,20180424,16.4,8.045,131.938
002353.SZ,20180425,16.05,8.045,129.12225
002353.SZ,20180426,15.6,8.045,125.502
002353.SZ,20180427,15.91,8.045,127.99595
002353.SZ,20180502,15.24,8.045,122.6058
002353.SZ,20180503,16.04,8.045,129.0418
002353.SZ,20180504,16.25,8.045,130.73125
002353.SZ,20180507,16.96,8.045,136.44320000000002
002353.SZ,20180508,17.09,8.045,137.48905
002353.SZ,20180509,17.04,8.045,137.08679999999998
002353.SZ,20180510,17.39,8.045,139.90255
002353.SZ,20180511,17.35,8.1,140.535
002353.SZ,20180514,16.96,8.1,137.376
002353.SZ,20180515,16.99,8.1,137.61899999999997
002353.SZ,20180516,17.65,8.1,142.96499999999997
002353.SZ,20180517,17.83,8.1,144.42299999999997
002353.SZ,20180518,19.61,8.1,158.84099999999998
002353.SZ,20180521,20.3,8.1,164.43
002353.SZ,20180522,20.19,8.1,163.53900000000002
002353.SZ,20180523,19.6,8.1,158.76
002353.SZ,20180524,19.7,8.1,159.57
002353.SZ,20180525,19.01,8.1,153.981
002353.SZ,20180528,18.63,8.1,150.903
002353.SZ,20180529,18.25,8.1,147.825
002353.SZ,20180530,18.11,8.1,146.691
002353.SZ,20180531,18.7,8.1,151.47
002353.SZ,20180601,17.66,8.1,143.046
002353.SZ,20180604,18.32,8.1,148.392
002353.SZ,20180605,18.5,8.1,149.85
002353.SZ,20180606,17.98,8.1,145.638
002353.SZ,20180607,17.48,8.1,141.588
002353.SZ,20180608,17.52,8.1,141.91199999999998
002353.SZ,20180611,16.3,8.1,132.03
002353.SZ,20180612,16.55,8.1,134.055
002353.SZ,20180613,16.39,8.1,132.759
002353.SZ,20180614,16.25,8.1,131.625
002353.SZ,20180615,15.59,8.1,126.279
002353.SZ,20180619,14.71,8.1,119.151
002353.SZ,20180620,14.69,8.1,118.98899999999999
002353.SZ,20180621,14.31,8.1,115.911
002353.SZ,20180622,14.72,8.1,119.232
002353.SZ,20180625,15.14,8.1,122.634
002353.SZ,20180626,15.48,8.1,125.38799999999999
002353.SZ,20180627,16.01,8.1,129.681
002353.SZ,20180628,15.93,8.1,129.033
002353.SZ,20180629,16.25,8.1,131.625
002353.SZ,20180702,16.41,8.1,132.921
002353.SZ,20180703,17.13,8.1,138.753
002353.SZ,20180704,16.56,8.1,134.136
002353.SZ,20180705,16.13,8.1,130.653
002353.SZ,20180706,16.26,8.1,131.70600000000002
002353.SZ,20180709,16.85,8.1,136.485
002353.SZ,20180710,17.05,8.1,138.105
002353.SZ,20180711,16.77,8.1,135.837
002353.SZ,20180712,16.7,8.1,135.26999999999998
002353.SZ,20180713,16.9,8.1,136.89
002353.SZ,20180716,17.45,8.1,141.345
002353.SZ,20180717,17.37,8.1,140.697
002353.SZ,20180718,17.63,8.1,142.803
002353.SZ,20180719,17.85,8.1,144.585
002353.SZ,20180720,17.81,8.1,144.261
002353.SZ,20180723,17.47,8.1,141.50699999999998
002353.SZ,20180724,18.01,8.1,145.881
002353.SZ,20180725,18.15,8.1,147.015
002353.SZ,20180726,17.72,8.1,143.53199999999998
002353.SZ,20180727,18.02,8.1,145.962
002353.SZ,20180730,17.87,8.1,144.747
002353.SZ,20180731,18.65,8.1,151.06499999999997
002353.SZ,20180801,18.17,8.1,147.17700000000002
002353.SZ,20180802,17.54,8.1,142.07399999999998
002353.SZ,20180803,17.33,8.1,140.373
002353.SZ,20180806,17.97,8.1,145.557
002353.SZ,20180807,19.77,8.1,160.137
002353.SZ,20180808,18.57,8.1,150.417
002353.SZ,20180809,19.2,8.1,155.51999999999998
002353.SZ,20180810,18.6,8.1,150.66
002353.SZ,20180813,19.04,8.1,154.224
002353.SZ,20180814,19.49,8.1,157.86899999999997
002353.SZ,20180815,19.05,8.1,154.305
002353.SZ,20180816,17.91,8.1005,145.079955
002353.SZ,20180817,17.78,8.1005,144.02689
002353.SZ,20180820,17.55,8.1005,142.16377500000002
002353.SZ,20180821,18.3,8.1005,148.23915000000002
002353.SZ,20180822,18.15,8.1005,147.02407499999998
002353.SZ,20180823,18.41,8.1005,149.13020500000002
002353.SZ,20180824,18.85,8.1005,152.69442500000002
002353.SZ,20180827,18.72,8.1005,151.64136
002353.SZ,20180828,18.85,8.1,152.685
002353.SZ,20180829,18.86,8.1,152.766
002353.SZ,20180830,18.87,8.1,152.847
002353.SZ,20180831,18.25,8.1,147.825
002353.SZ,20180903,19.22,8.1,155.682
002353.SZ,20180904,19.31,8.1,156.41099999999997
002353.SZ,20180905,18.99,8.1,153.819
002353.SZ,20180906,19.24,8.1,155.844
002353.SZ,20180907,19.64,8.1,159.084
002353.SZ,20180910,19.89,8.1,161.109
002353.SZ,20180911,21.12,8.1,171.072
002353.SZ,20180912,20.31,8.1,164.511
002353.SZ,20180913,20.72,8.1,167.832
002353.SZ,20180914,20.25,8.1,164.025
002353.SZ,20180917,20.57,8.1,166.617
002353.SZ,20180918,20.2,8.1,163.61999999999998
002353.SZ,20180919,21.51,8.1,174.231
002353.SZ,20180920,21.36,8.1,173.016
002353.SZ,20180921,21.3,8.1,172.53
002353.SZ,20180925,21.66,8.1,175.446
002353.SZ,20180926,22.01,8.1,178.281
002353.SZ,20180927,21.6,8.1,174.96
002353.SZ,20180928,21.78,8.1,176.418
002353.SZ,20181008,21.73,8.1,176.013
002353.SZ,20181009,22.78,8.1,184.518
002353.SZ,20181010,22.84,8.1,185.004
002353.SZ,20181011,20.56,8.1,166.53599999999997
002353.SZ,20181012,20.61,8.1,166.94099999999997
002353.SZ,20181015,20.38,8.1,165.07799999999997
002353.SZ,20181016,20.61,8.1,166.94099999999997
002353.SZ,20181017,19.92,8.1,161.352
002353.SZ,20181018,18.78,8.1,152.118
002353.SZ,20181019,19.69,8.1,159.489
002353.SZ,20181022,20.36,8.1,164.916
002353.SZ,20181023,20.64,8.1,167.184
002353.SZ,20181024,19.83,8.1,160.623
002353.SZ,20181025,20.61,8.1,166.94099999999997
002353.SZ,20181026,20.1,8.1,162.81
002353.SZ,20181029,20.26,8.1,164.106
002353.SZ,20181030,19.97,8.1,161.75699999999998
002353.SZ,20181031,20.35,8.1,164.835
002353.SZ,20181101,20.16,8.1,163.296
002353.SZ,20181102,20.4,8.1,165.23999999999998
002353.SZ,20181105,21.52,8.1,174.31199999999998
002353.SZ,20181106,21.67,8.1,175.52700000000002
002353.SZ,20181107,21.15,8.1,171.31499999999997
002353.SZ,20181108,21.77,8.1,176.337
002353.SZ,20181109,21.29,8.1,172.44899999999998
002353.SZ,20181112,21.55,8.1,174.555
002353.SZ,20181113,20.94,8.1,169.614
002353.SZ,20181114,18.85,8.1,152.685
002353.SZ,20181115,18.86,8.1,152.766
002353.SZ,20181116,18.69,8.1,151.389
002353.SZ,20181119,18.89,8.1,153.009
002353.SZ,20181120,18.6,8.1,150.66
002353.SZ,20181121,17.53,8.1,141.993
002353.SZ,20181122,17.78,8.1,144.018
002353.SZ,20181123,17.11,8.1,138.59099999999998
002353.SZ,20181126,17.25,8.1,139.725
002353.SZ,20181127,17.29,8.1,140.04899999999998
002353.SZ,20181128,17.65,8.1,142.96499999999997
002353.SZ,20181129,16.84,8.1,136.404
002353.SZ,20181130,17.25,8.1,139.725
002353.SZ,20181203,17.93,8.1,145.233
002353.SZ,20181204,18.25,8.1,147.825
002353.SZ,20181205,18.13,8.1,146.85299999999998
002353.SZ,20181206,17.95,8.1,145.39499999999998
002353.SZ,20181207,17.36,8.1,140.61599999999999
002353.SZ,20181210,18.04,8.1,146.124
002353.SZ,20181211,17.76,8.1,143.856
002353.SZ,20181212,18.06,8.1,146.28599999999997
002353.SZ,20181213,18.34,8.1,148.554
002353.SZ,20181214,18.15,8.1,147.015
002353.SZ,20181217,17.91,8.1,145.071
002353.SZ,20181218,17.46,8.1,141.426
002353.SZ,20181219,16.35,8.1,132.435
002353.SZ,20181220,16.13,8.1,130.653
002353.SZ,20181221,15.99,8.1,129.519
002353.SZ,20181224,16.08,8.1,130.248
002353.SZ,20181225,15.32,8.1,124.092
002353.SZ,20181226,15.06,8.1,121.986
002353.SZ,20181227,15.11,8.1,122.39099999999999
002353.SZ,20181228,15.0,8.1,121.5
002353.SZ,20190102,15.01,8.1,121.58099999999999
002353.SZ,20190103,14.97,8.1,121.257
002353.SZ,20190104,15.36,8.1,124.416
002353.SZ,20190107,15.7,8.1,127.16999999999999
002353.SZ,20190108,15.95,8.1,129.195
002353.SZ,20190109,16.06,8.1,130.08599999999998
002353.SZ,20190110,16.25,8.1,131.625
002353.SZ,20190111,16.3,8.1,132.03
002353.SZ,20190114,15.94,8.1,129.114
002353.SZ,20190115,16.49,8.1,133.569
002353.SZ,20190116,16.4,8.1,132.83999999999997
002353.SZ,20190117,16.36,8.1,132.516
002353.SZ,20190118,16.94,8.1,137.214
002353.SZ,20190121,17.72,8.1,143.53199999999998
002353.SZ,20190122,17.6,8.1,142.56
002353.SZ,20190123,17.5,8.1,141.75
002353.SZ,20190124,17.42,8.1,141.102
002353.SZ,20190125,17.63,8.1,142.803
002353.SZ,20190128,17.48,8.1,141.588
002353.SZ,20190129,17.32,8.1,140.292
002353.SZ,20190130,17.0,8.1,137.7
002353.SZ,20190131,17.07,8.1,138.267
002353.SZ,20190201,17.26,8.1,139.806
002353.SZ,20190211,17.6,8.1,142.56
002353.SZ,20190212,18.07,8.1,146.367
002353.SZ,20190213,18.14,8.1,146.934
002353.SZ,20190214,18.91,8.1,153.171
002353.SZ,20190215,18.83,8.1,152.52299999999997
002353.SZ,20190218,19.6,8.1,158.76
002353.SZ,20190219,19.61,8.1,158.84099999999998
002353.SZ,20190220,19.65,8.1,159.165
002353.SZ,20190221,19.66,8.1,159.24599999999998
002353.SZ,20190222,19.87,8.1,160.947
002353.SZ,20190225,20.64,8.1,167.184
002353.SZ,20190226,19.91,8.1,161.271
002353.SZ,20190227,19.62,8.1,158.922
002353.SZ,20190228,20.03,8.1,162.243
002353.SZ,20190301,20.0,8.1,162.0
002353.SZ,20190304,20.0,8.1,162.0
002353.SZ,20190305,20.84,8.1,168.804
002353.SZ,20190306,20.84,8.1,168.804
002353.SZ,20190307,20.4,8.1,165.23999999999998
002353.SZ,20190308,19.57,8.1,158.517
002353.SZ,20190311,19.98,8.1,161.838
002353.SZ,20190312,21.4,8.1,173.33999999999997
002353.SZ,20190313,21.23,8.1,171.963
002353.SZ,20190314,21.24,8.1,172.04399999999998
002353.SZ,20190315,21.6,8.1,174.96
002353.SZ,20190318,22.53,8.1,182.493
002353.SZ,20190319,22.36,8.1,181.11599999999999
002353.SZ,20190320,22.22,8.1,179.98199999999997
002353.SZ,20190321,22.77,8.1,184.43699999999998
002353.SZ,20190322,22.3,8.1,180.63
002353.SZ,20190325,22.08,8.1,178.84799999999998
002353.SZ,20190326,22.76,8.1,184.356
002353.SZ,20190327,22.6,8.1,183.06
002353.SZ,20190328,23.14,8.1,187.434
002353.SZ,20190329,23.79,8.1,192.69899999999998
002353.SZ,20190401,25.81,8.1,209.06099999999998
002353.SZ,20190402,26.28,8.1,212.868
002353.SZ,20190403,26.38,8.1,213.67799999999997
002353.SZ,20190404,26.34,8.1,213.35399999999998
002353.SZ,20190408,26.04,8.1,210.92399999999998
002353.SZ,20190409,26.47,8.1,214.40699999999998
002353.SZ,20190410,25.22,8.1,204.28199999999998
002353.SZ,20190411,25.27,8.1,204.68699999999998
002353.SZ,20190412,25.12,8.1,203.472
002353.SZ,20190415,24.88,8.1,201.528
002353.SZ,20190416,25.34,8.1,205.254
002353.SZ,20190417,25.13,8.1,203.55299999999997
002353.SZ,20190418,25.1,8.1,203.31
002353.SZ,20190419,25.11,8.1,203.391
002353.SZ,20190422,26.2,8.1,212.22
002353.SZ,20190423,25.8,8.1,208.98
002353.SZ,20190424,24.27,8.1,196.587
002353.SZ,20190425,23.8,8.1,192.78
002353.SZ,20190426,23.15,8.1,187.515
002353.SZ,20190429,22.92,8.1,185.65200000000002
002353.SZ,20190430,22.75,8.1,184.275
002353.SZ,20190506,20.48,8.1,165.888
002353.SZ,20190507,21.25,8.1,172.125
002353.SZ,20190508,21.18,8.1,171.558
002353.SZ,20190509,21.68,8.1,175.608
002353.SZ,20190510,22.64,8.1,183.384
002353.SZ,20190513,21.84,8.1,176.904
002353.SZ,20190514,21.34,8.1,172.85399999999998
002353.SZ,20190515,23.0,8.1,186.29999999999998
002353.SZ,20190516,22.98,8.1,186.138
002353.SZ,20190517,22.77,8.1,184.43699999999998
002353.SZ,20190520,21.9,8.1,177.39
002353.SZ,20190521,21.95,8.1,177.795
002353.SZ,20190522,21.57,8.1,174.71699999999998
002353.SZ,20190523,20.44,8.1,165.564
002353.SZ,20190524,19.88,8.1,161.028
002353.SZ,20190527,21.2,8.1,171.72
002353.SZ,20190528,21.14,8.1,171.234
002353.SZ,20190529,21.01,8.1,170.181
002353.SZ,20190530,21.64,8.1,175.284
002353.SZ,20190531,22.11,8.1,179.09099999999998
002353.SZ,20190603,21.24,8.1,172.04399999999998
002353.SZ,20190604,20.9,8.1,169.29
002353.SZ,20190605,21.04,8.1,170.42399999999998
002353.SZ,20190606,20.31,8.1,164.511
002353.SZ,20190610,21.01,8.1,170.181
002353.SZ,20190611,21.52,8.1,174.31199999999998
002353.SZ,20190612,21.05,8.1,170.505
002353.SZ,20190613,21.33,8.147,173.77551
002353.SZ,20190614,20.51,8.147,167.09497000000002
002353.SZ,20190617,20.52,8.147,167.17644
002353.SZ,20190618,20.67,8.147,168.39849
002353.SZ,20190619,21.08,8.147,171.73875999999998
002353.SZ,20190620,22.11,8.147,180.13017
002353.SZ,20190621,22.54,8.147,183.63338
002353.SZ,20190624,22.89,8.147,186.48483000000002
002353.SZ,20190625,22.87,8.147,186.32189000000002
002353.SZ,20190626,23.42,8.147,190.80274000000003
002353.SZ,20190627,23.5,8.147,191.4545
002353.SZ,20190628,23.1,8.147,188.19570000000002
002353.SZ,20190701,24.08,8.147,196.17976
002353.SZ,20190702,23.98,8.147,195.36506
002353.SZ,20190703,23.8,8.147,193.89860000000002
002353.SZ,20190704,24.03,8.147,195.77241
002353.SZ,20190705,24.09,8.147,196.26123
002353.SZ,20190708,25.91,8.147,211.08877
002353.SZ,20190709,25.84,8.147,210.51848
002353.SZ,20190710,25.75,8.147,209.78525000000002
002353.SZ,20190711,26.06,8.147,212.31082
002353.SZ,20190712,25.99,8.147,211.74053
002353.SZ,20190715,27.08,8.147,220.62076
002353.SZ,20190716,26.98,8.147,219.80606
002353.SZ,20190717,26.67,8.147,217.28049000000001
002353.SZ,20190718,26.46,8.147,215.56962000000001
002353.SZ,20190719,26.43,8.147,215.32521
002353.SZ,20190722,26.41,8.147,215.16227
002353.SZ,20190723,27.0,8.147,219.969
002353.SZ,20190724,26.38,8.147,214.91786
002353.SZ,20190725,26.49,8.147,215.81403
002353.SZ,20190726,26.4,8.147,215.08079999999998
002353.SZ,20190729,26.85,8.147,218.74695000000003
002353.SZ,20190730,27.0,8.147,219.969
002353.SZ,20190731,26.72,8.147,217.68784
002353.SZ,20190801,27.22,8.147,221.76134
002353.SZ,20190802,26.28,8.147,214.10316
002353.SZ,20190805,26.01,8.147,211.90347000000003
002353.SZ,20190806,25.74,8.147,209.70378
002353.SZ,20190807,26.3,8.147,214.26610000000002
002353.SZ,20190808,25.98,8.147,211.65906
002353.SZ,20190809,26.1,8.147,212.63670000000002
002353.SZ,20190812,26.83,8.147,218.58401
002353.SZ,20190813,26.94,8.147,219.48018000000002
002353.SZ,20190814,26.8,8.147,218.33960000000002
002353.SZ,20190815,26.7,8.147,217.5249
002353.SZ,20190816,26.14,8.147,212.96258
002353.SZ,20190819,25.25,8.147,205.71175
002353.SZ,20190820,24.55,8.147,200.00885000000002
002353.SZ,20190821,24.65,8.147,200.82354999999998
002353.SZ,20190822,24.42,8.147,198.94974000000002
002353.SZ,20190823,24.7,8.147,201.2309
002353.SZ,20190826,23.92,8.147,194.87624000000002
002353.SZ,20190827,24.75,8.147,201.63825
002353.SZ,20190828,24.65,8.147,200.82354999999998
002353.SZ,20190829,25.13,8.147,204.73411
002353.SZ,20190830,25.92,8.147,211.17024
002353.SZ,20190902,26.05,8.147,212.22935
002353.SZ,20190903,25.35,8.147,206.52645
002353.SZ,20190904,25.04,8.147,204.00088
002353.SZ,20190905,26.45,8.147,215.48815
002353.SZ,20190906,26.38,8.147,214.91786
002353.SZ,20190909,27.18,8.147,221.43546
002353.SZ,20190910,27.29,8.147,222.33163
002353.SZ,20190911,26.75,8.147,217.93225
002353.SZ,20190912,26.95,8.147,219.56165000000001
002353.SZ,20190916,28.21,8.147,229.82687
002353.SZ,20190917,27.79,8.147,226.40512999999999
002353.SZ,20190918,26.91,8.147,219.23577
002353.SZ,20190919,27.07,8.147,220.53929000000002
002353.SZ,20190920,27.65,8.147,225.26454999999999
002353.SZ,20190923,28.19,8.147,229.66393000000002
002353.SZ,20190924,27.78,8.147,226.32366000000002
002353.SZ,20190925,27.45,8.147,223.63515
002353.SZ,20190926,26.43,8.147,215.32521
002353.SZ,20190927,28.15,8.147,229.33804999999998
002353.SZ,20190930,27.01,8.147,220.05047000000002
002353.SZ,20191008,27.37,8.147,222.98339
002353.SZ,20191009,28.1,8.147,228.93070000000003
002353.SZ,20191010,30.33,8.147,247.09851
002353.SZ,20191011,30.88,8.147,251.57936
002353.SZ,20191014,31.8,8.147,259.07460000000003
002353.SZ,20191015,31.33,8.147,255.24551
002353.SZ,20191016,31.47,8.147,256.38609
002353.SZ,20191017,31.31,8.147,255.08257
002353.SZ,20191018,31.11,8.147,253.45317
002353.SZ,20191021,31.12,8.147,253.53464000000002
002353.SZ,20191022,31.15,8.147,253.77904999999998
002353.SZ,20191023,30.65,8.147,249.70555
002353.SZ,20191024,30.27,8.147,246.60969
002353.SZ,20191025,30.69,8.147,250.03143000000003
002353.SZ,20191028,30.5,8.147,248.48350000000002
002353.SZ,20191029,30.35,8.147,247.26145000000002
002353.SZ,20191030,30.0,8.147,244.41
002353.SZ,20191031,30.65,8.147,249.70555
002353.SZ,20191101,29.83,8.147,243.02500999999998
002353.SZ,20191104,30.35,8.147,247.26145000000002
002353.SZ,20191105,30.23,8.147,246.28381000000002
002353.SZ,20191106,29.79,8.147,242.69913
002353.SZ,20191107,30.22,8.147,246.20234
002353.SZ,20191108,29.0,8.147,236.263
002353.SZ,20191111,28.26,8.147,230.23422000000002
002353.SZ,20191112,28.53,8.147,232.43391000000003
002353.SZ,20191113,29.42,8.147,239.68474000000003
002353.SZ,20191114,29.41,8.147,239.60327
002353.SZ,20191115,28.96,8.147,235.93712000000002
002353.SZ,20191118,31.86,8.147,259.56342
002353.SZ,20191119,32.1,8.147,261.5187
002353.SZ,20191120,31.87,8.147,259.64489000000003
002353.SZ,20191121,31.41,8.147,255.89727000000002
002353.SZ,20191122,31.34,8.147,255.32698000000002
002353.SZ,20191125,31.63,8.147,257.68961
002353.SZ,20191126,31.99,8.147,260.62253
002353.SZ,20191127,33.0,8.147,268.851
002353.SZ,20191128,32.05,8.147,261.11134999999996
002353.SZ,20191129,31.71,8.147,258.34137000000004
002353.SZ,20191202,31.1,8.147,253.37170000000003
002353.SZ,20191203,31.1,8.147,253.37170000000003
002353.SZ,20191204,31.25,8.147,254.59375
002353.SZ,20191205,30.91,8.147,251.82377
002353.SZ,20191206,31.25,8.147,254.59375
002353.SZ,20191209,32.19,8.147,262.25193
002353.SZ,20191210,31.77,8.147,258.83019
002353.SZ,20191211,32.29,8.147,263.06663
002353.SZ,20191212,31.58,8.147,257.28226
002353.SZ,20191213,32.69,8.147,266.32543
002353.SZ,20191216,33.26,8.147,270.96922
002353.SZ,20191217,33.15,8.147,270.07305
002353.SZ,20191218,34.79,8.147,283.43413
002353.SZ,20191219,34.51,8.147,281.15297
002353.SZ,20191220,34.36,8.147,279.93092
002353.SZ,20191223,34.8,8.147,283.5156
002353.SZ,20191224,35.76,8.147,291.33672
002353.SZ,20191225,35.58,8.147,289.87026
002353.SZ,20191226,36.5,8.147,297.3655
002353.SZ,20191227,37.29,8.147,303.80163
002353.SZ,20191230,37.0,8.147,301.439
002353.SZ,20191231,36.96,8.147,301.11312000000004
002353.SZ,20200102,37.0,8.1469,301.43530000000004
002353.SZ,20200103,37.6,8.1469,306.32344
002353.SZ,20200106,39.49,8.1469,321.721081
002353.SZ,20200107,37.69,8.1469,307.056661
002353.SZ,20200108,37.99,8.1469,309.50073100000003
002353.SZ,20200109,39.17,8.1469,319.114073
002353.SZ,20200110,37.93,8.1469,309.01191700000004
002353.SZ,20200113,38.0,8.1469,309.5822
002353.SZ,20200114,37.4,8.1469,304.69406
002353.SZ,20200115,37.8,8.1469,307.95282
002353.SZ,20200116,37.69,8.1469,307.056661
002353.SZ,20200117,38.26,8.1469,311.700394
002353.SZ,20200120,40.2,8.1469,327.50538000000006
002353.SZ,20200121,39.65,8.1469,323.024585
002353.SZ,20200122,39.78,8.1469,324.083682
002353.SZ,20200123,36.98,8.1469,301.272362
002353.SZ,20200203,34.85,8.1469,283.919465
002353.SZ,20200204,38.21,8.1469,311.29304900000005
002353.SZ,20200205,37.0,8.1469,301.43530000000004
002353.SZ,20200206,37.85,8.1469,308.36016500000005
002353.SZ,20200207,38.43,8.1469,313.085367
002353.SZ,20200210,39.43,8.1469,321.23226700000004
002353.SZ,20200211,41.01,8.1469,334.104369
002353.SZ,20200212,40.4,8.1469,329.13476
002353.SZ,20200213,40.45,8.1469,329.54210500000005
002353.SZ,20200214,40.5,8.1469,329.94945
002353.SZ,20200217,41.59,8.1469,338.82957100000004
002353.SZ,20200218,40.15,8.1469,327.098035
002353.SZ,20200219,39.66,8.1469,323.106054
002353.SZ,20200220,39.99,8.1469,325.79453100000006
002353.SZ,20200221,40.61,8.1469,330.845609
002353.SZ,20200224,38.73,8.1469,315.529437
002353.SZ,20200225,37.34,8.1469,304.20524600000005
002353.SZ,20200226,37.01,8.1469,301.516769
002353.SZ,20200227,37.44,8.1469,305.019936
002353.SZ,20200228,34.6,8.1469,281.88274
002353.SZ,20200302,35.23,8.1469,287.015287
002353.SZ,20200303,36.97,8.1469,301.190893
002353.SZ,20200304,35.86,8.1469,292.147834
002353.SZ,20200305,36.02,8.1469,293.451338
002353.SZ,20200306,36.06,8.1469,293.777214
002353.SZ,20200309,32.45,8.1469,264.36690500000003
002353.SZ,20200310,31.54,8.1469,256.95322600000003
002353.SZ,20200311,30.64,8.1469,249.62101600000003
002353.SZ,20200312,29.24,8.1469,238.215356
002353.SZ,20200313,28.2,8.1469,229.74258
002353.SZ,20200316,25.92,8.1469,211.167648
002353.SZ,20200317,25.83,8.1469,210.434427
002353.SZ,20200318,24.97,8.1469,203.428093
002353.SZ,20200319,24.47,8.1469,199.354643
002353.SZ,20200320,25.61,8.1469,208.642109
002353.SZ,20200323,23.05,8.1469,187.78604500000003
002353.SZ,20200324,23.15,8.1469,188.600735
002353.SZ,20200325,23.79,8.1469,193.814751
002353.SZ,20200326,23.28,8.1469,189.65983200000002
002353.SZ,20200327,22.79,8.1469,185.667851
002353.SZ,20200330,21.56,8.1469,175.647164
002353.SZ,20200331,22.11,8.1469,180.127959
002353.SZ,20200401,22.72,8.1469,185.097568
002353.SZ,20200402,24.99,8.1469,203.591031
002353.SZ,20200403,24.35,8.1469,198.37701500000003
002353.SZ,20200407,25.19,8.1469,205.220411
002353.SZ,20200408,24.8,8.1469,202.04312000000002
002353.SZ,20200409,25.05,8.1469,204.079845
002353.SZ,20200410,25.53,8.1469,207.99035700000002
002353.SZ,20200413,24.86,8.1469,202.531934
002353.SZ,20200414,25.8,8.1469,210.19002
002353.SZ,20200415,25.46,8.1469,207.42007400000003
002353.SZ,20200416,25.49,8.1469,207.664481
002353.SZ,20200417,25.3,8.1469,206.11657000000002
002353.SZ,20200420,25.64,8.1469,208.88651600000003
002353.SZ,20200421,24.8,8.1469,202.04312000000002
002353.SZ,20200422,25.29,8.1469,206.035101
002353.SZ,20200423,26.7,8.1469,217.52223
002353.SZ,20200424,25.14,8.1469,204.81306600000002
002353.SZ,20200427,22.75,8.1469,185.34197500000002
002353.SZ,20200428,22.94,8.1469,186.88988600000002
002353.SZ,20200429,23.93,8.1469,194.955317
002353.SZ,20200430,24.92,8.1469,203.02074800000003
002353.SZ,20200506,25.25,8.1469,205.709225
002353.SZ,20200507,25.28,8.1469,205.95363200000003
002353.SZ,20200508,25.19,8.1469,205.220411
002353.SZ,20200511,27.4,8.1469,223.22506
002353.SZ,20200512,27.03,8.1469,220.210707
002353.SZ,20200513,26.62,8.1469,216.87047800000002
002353.SZ,20200514,26.3,8.1469,214.26347
002353.SZ,20200515,26.31,8.1469,214.344939
002353.SZ,20200518,25.93,8.1469,211.249117
002353.SZ,20200519,27.66,8.1469,225.343254
002353.SZ,20200520,26.37,8.1469,214.83375300000003
002353.SZ,20200521,26.96,8.1469,219.64042400000002
002353.SZ,20200522,26.1,8.1469,212.63409000000001
002353.SZ,20200525,25.05,8.1469,204.079845
002353.SZ,20200526,25.85,8.1469,210.59736500000002
002353.SZ,20200527,26.02,8.1469,211.982338
002353.SZ,20200528,25.34,8.1469,206.44244600000002
002353.SZ,20200529,25.48,8.1469,207.58301200000002
002353.SZ,20200601,26.4,8.1469,215.07816
002353.SZ,20200602,27.2,8.1469,221.59568000000002
002353.SZ,20200603,29.56,8.1469,240.822364
002353.SZ,20200604,29.3,8.1469,238.70417000000003
002353.SZ,20200605,28.91,8.1469,235.526879
002353.SZ,20200608,30.54,8.1469,248.806326
002353.SZ,20200609,30.43,8.1469,247.910167
002353.SZ,20200610,30.39,8.1469,247.584291
002353.SZ,20200611,29.56,8.1469,240.822364
002353.SZ,20200612,29.37,8.1469,239.27445300000002
002353.SZ,20200615,28.9,8.1469,235.44541
002353.SZ,20200616,30.03,8.1469,244.65140700000003
002353.SZ,20200617,31.22,8.1469,254.346218
002353.SZ,20200618,31.0,8.1469,252.55390000000003
002353.SZ,20200619,31.2,8.1469,254.18328
002353.SZ,20200622,30.88,8.1469,251.57627200000002
002353.SZ,20200623,30.63,8.1469,249.539547
002353.SZ,20200624,30.94,8.1469,252.06508600000004
002353.SZ,20200629,30.42,8.1469,247.82869800000003
002353.SZ,20200630,31.0,8.1469,252.55390000000003
002353.SZ,20200701,31.14,8.1469,253.694466
002353.SZ,20200702,31.89,8.1469,259.804641
002353.SZ,20200703,31.98,8.188,261.85224
002353.SZ,20200706,33.45,8.188,273.88860000000005
002353.SZ,20200707,33.24,8.188,272.16912
002353.SZ,20200708,32.63,8.188,267.17444000000006
002353.SZ,20200709,33.76,8.188,276.42688
002353.SZ,20200710,32.06,8.188,262.50728000000004
002353.SZ,20200713,33.12,8.188,271.18656
002353.SZ,20200714,32.15,8.188,263.24420000000003
002353.SZ,20200715,31.36,8.188,256.77568
002353.SZ,20200716,29.4,8.188,240.7272
002353.SZ,20200717,29.4,8.188,240.7272
002353.SZ,20200720,31.56,8.188,258.41328
002353.SZ,20200721,31.87,8.188,260.95156000000003
002353.SZ,20200722,33.13,8.188,271.26844000000006
002353.SZ,20200723,32.3,8.188,264.4724
002353.SZ,20200724,30.3,8.188,248.09640000000002
002353.SZ,20200727,31.25,8.188,255.87500000000003
002353.SZ,20200728,30.45,8.188,249.3246
002353.SZ,20200729,31.93,8.188,261.44284
002353.SZ,20200730,32.0,8.188,262.016
002353.SZ,20200731,31.34,8.188,256.61192
002353.SZ,20200803,31.55,8.188,258.33140000000003
002353.SZ,20200804,30.87,8.188,252.76356000000004
002353.SZ,20200805,31.18,8.188,255.30184000000003
002353.SZ,20200806,31.4,8.188,257.1032
002353.SZ,20200807,29.95,8.188,245.2306
002353.SZ,20200810,31.7,8.188,259.5596
002353.SZ,20200811,33.59,8.188,275.03492000000006
002353.SZ,20200812,33.6,8.188,275.1168
002353.SZ,20200813,33.19,8.188,271.75972
002353.SZ,20200814,33.29,8.188,272.57852
002353.SZ,20200817,33.98,8.188,278.22823999999997
002353.SZ,20200818,33.4,8.188,273.4792
002353.SZ,20200819,32.51,8.188,266.19188
002353.SZ,20200820,32.29,8.188,264.39052000000004
002353.SZ,20200821,32.67,8.188,267.50196000000005
002353.SZ,20200824,33.65,8.188,275.5262
002353.SZ,20200825,33.9,8.188,277.5732
002353.SZ,20200826,33.14,8.188,271.35032
002353.SZ,20200827,33.7,8.188,275.9356
002353.SZ,20200828,33.99,8.188,278.31012000000004
002353.SZ,20200831,34.25,8.188,280.439
002353.SZ,20200901,34.05,8.188,278.8014
002353.SZ,20200902,34.58,8.188,283.14104000000003
002353.SZ,20200903,33.6,8.188,275.1168
002353.SZ,20200904,32.75,8.188,268.15700000000004
002353.SZ,20200907,30.78,8.188,252.02664000000001
002353.SZ,20200908,31.06,8.188,254.31928000000002
002353.SZ,20200909,28.87,8.188,236.38756000000004
002353.SZ,20200910,29.03,8.188,237.69764000000004
002353.SZ,20200911,29.2,8.188,239.08960000000002
002353.SZ,20200914,29.33,8.188,240.15404
002353.SZ,20200915,31.2,8.188,255.46560000000002
002353.SZ,20200916,30.7,8.188,251.3716
002353.SZ,20200917,31.16,8.188,255.13808000000003
002353.SZ,20200918,31.77,8.188,260.13276
002353.SZ,20200921,31.23,8.188,255.71124000000003
002353.SZ,20200922,30.87,8.188,252.76356000000004
002353.SZ,20200923,30.82,8.188,252.35416
002353.SZ,20200924,29.77,8.188,243.75676
002353.SZ,20200925,30.27,8.188,247.85076
002353.SZ,20200928,29.91,8.188,244.90308000000002
002353.SZ,20200929,31.04,8.188,254.15552000000002
002353.SZ,20200930,29.78,8.188,243.83864000000003
002353.SZ,20201009,30.76,8.188,251.86288000000002
002353.SZ,20201012,30.83,8.188,252.43604
002353.SZ,20201013,30.48,8.188,249.57024
002353.SZ,20201014,29.85,8.188,244.41180000000003
002353.SZ,20201015,29.13,8.188,238.51644000000002
002353.SZ,20201016,28.67,8.188,234.74996000000004
002353.SZ,20201019,28.75,8.188,235.40500000000003
002353.SZ,20201020,28.43,8.188,232.78484
002353.SZ,20201021,28.06,8.188,229.75528
002353.SZ,20201022,27.5,8.188,225.17000000000002
002353.SZ,20201023,27.79,8.188,227.54452
002353.SZ,20201026,27.93,8.188,228.69084
002353.SZ,20201027,27.8,8.188,227.62640000000002
002353.SZ,20201028,28.91,8.188,236.71508000000003
002353.SZ,20201029,28.12,8.188,230.24656000000002
002353.SZ,20201030,26.73,8.188,218.86524000000003
002353.SZ,20201102,25.45,8.188,208.3846
002353.SZ,20201103,26.36,8.188,215.83568000000002
002353.SZ,20201104,28.0,8.188,229.264
002353.SZ,20201105,26.55,8.188,217.39140000000003
002353.SZ,20201106,25.53,8.188,209.03964000000002
002353.SZ,20201109,26.7,8.188,218.61960000000002
002353.SZ,20201110,28.95,8.188,237.04260000000002
002353.SZ,20201111,29.12,8.188,238.43456000000003
002353.SZ,20201112,29.91,8.188,244.90308000000002
002353.SZ,20201113,29.79,8.188,243.92052
002353.SZ,20201116,31.32,8.188,256.44816000000003
002353.SZ,20201117,32.77,8.188,268.32076000000006
002353.SZ,20201118,32.16,8.188,263.32608
002353.SZ,20201119,33.08,8.188,270.85904
002353.SZ,20201120,33.6,8.188,275.1168
002353.SZ,20201123,35.7,8.188,292.31160000000006
002353.SZ,20201124,35.95,8.188,294.3586
002353.SZ,20201125,36.38,8.188,297.87944000000005
002353.SZ,20201126,35.6,8.188,291.49280000000005
002353.SZ,20201127,35.56,8.188,291.16528000000005
002353.SZ,20201130,36.99,8.188,302.87412000000006
002353.SZ,20201201,36.96,8.188,302.62848
002353.SZ,20201202,37.06,8.188,303.44728000000003
002353.SZ,20201203,36.21,8.188,296.48748
002353.SZ,20201204,36.76,8.188,300.99088
002353.SZ,20201207,37.22,8.188,304.75736
002353.SZ,20201208,36.94,8.188,302.46472
002353.SZ,20201209,35.4,8.188,289.8552
002353.SZ,20201210,35.9,8.188,293.9492
002353.SZ,20201211,37.25,8.188,305.00300000000004
002353.SZ,20201214,37.38,8.188,306.06744000000003
002353.SZ,20201215,36.75,8.188,300.90900000000005
002353.SZ,20201216,37.43,8.188,306.47684000000004
002353.SZ,20201217,37.5,8.188,307.05
002353.SZ,20201218,36.28,8.188,297.06064000000003
002353.SZ,20201221,35.05,8.188,286.9894
002353.SZ,20201222,33.58,8.188,274.95304
002353.SZ,20201223,34.05,8.188,278.8014
002353.SZ,20201224,33.52,8.188,274.46176
002353.SZ,20201225,33.91,8.188,277.65508
002353.SZ,20201228,33.0,8.188,270.204
002353.SZ,20201229,33.52,8.188,274.46176
002353.SZ,20201230,34.04,8.188,278.71952
002353.SZ,20201231,35.0,8.188,286.58000000000004
002353.SZ,20210104,33.93,8.188,277.81884
002353.SZ,20210105,33.72,8.188,276.09936
002353.SZ,20210106,36.05,8.188,295.1774
002353.SZ,20210107,38.27,8.188,313.35476000000006
002353.SZ,20210108,37.45,8.188,306.64060000000006
002353.SZ,20210111,39.21,8.188,321.05148
002353.SZ,20210112,42.31,8.188,346.43428000000006
002353.SZ,20210113,43.39,8.188,355.27732000000003
002353.SZ,20210114,43.1,8.188,352.9028
002353.SZ,20210115,42.73,8.188,349.87324
002353.SZ,20210118,44.75,8.188,366.413
002353.SZ,20210119,44.88,8.188,367.47744000000006
002353.SZ,20210120,45.34,8.188,371.24392000000006
002353.SZ,20210121,45.77,8.188,374.7647600000001
002353.SZ,20210122,46.51,8.188,380.82388000000003
002353.SZ,20210125,45.9,8.188,375.8292
002353.SZ,20210126,45.21,8.188,370.17948
002353.SZ,20210127,45.26,8.188,370.58888
002353.SZ,20210128,43.8,8.188,358.6344
002353.SZ,20210129,42.99,8.188,352.00212000000005
002353.SZ,20210201,45.22,8.188,370.26136
002353.SZ,20210202,47.6,8.188,389.7488
002353.SZ,20210203,48.66,8.188,398.42808
002353.SZ,20210204,49.15,8.188,402.4402
002353.SZ,20210205,48.86,8.188,400.06568000000004
002353.SZ,20210208,51.19,8.188,419.14372000000003
002353.SZ,20210209,53.18,8.188,435.43784000000005
002353.SZ,20210210,52.8,8.188,432.32640000000004
002353.SZ,20210218,56.6,8.188,463.4408
002353.SZ,20210219,50.94,8.188,417.09672
002353.SZ,20210222,51.98,8.188,425.61224
002353.SZ,20210223,48.9,8.188,400.39320000000004
002353.SZ,20210224,44.01,8.188,360.35388
002353.SZ,20210225,43.3,8.188,354.5404
002353.SZ,20210226,42.5,8.188,347.99
002353.SZ,20210301,42.4,8.188,347.1712
002353.SZ,20210302,42.7,8.188,349.62760000000003
002353.SZ,20210303,43.8,8.188,358.6344
002353.SZ,20210304,43.37,8.188,355.11356
002353.SZ,20210305,44.5,8.188,364.36600000000004
002353.SZ,20210308,44.99,8.188,368.37812
002353.SZ,20210309,40.49,8.188,331.53212
002353.SZ,20210310,38.4,8.188,314.4192
002353.SZ,20210311,38.33,8.188,313.84604
002353.SZ,20210312,38.12,8.188,312.12656
002353.SZ,20210315,36.58,8.188,299.51704
002353.SZ,20210316,35.1,8.188,287.39880000000005
002353.SZ,20210317,35.88,8.188,293.78544000000005
002353.SZ,20210318,36.21,8.188,296.48748
002353.SZ,20210319,35.99,8.188,294.68612
002353.SZ,20210322,35.78,8.188,292.96664000000004
002353.SZ,20210323,35.34,8.188,289.36392000000006
002353.SZ,20210324,34.64,8.188,283.63232000000005
002353.SZ,20210325,35.05,8.188,286.9894
002353.SZ,20210326,35.69,8.188,292.22972
002353.SZ,20210329,35.64,8.188,291.82032000000004
002353.SZ,20210330,36.86,8.188,301.80968
002353.SZ,20210331,34.95,8.188,286.17060000000004
002353.SZ,20210401,35.03,8.188,286.82564
002353.SZ,20210402,35.49,8.188,290.59212
002353.SZ,20210406,35.58,8.188,291.32904
002353.SZ,20210407,34.48,8.188,282.32224
002353.SZ,20210408,33.85,8.188,277.16380000000004
002353.SZ,20210409,33.45,8.188,273.88860000000005
002353.SZ,20210412,32.0,8.188,262.016
002353.SZ,20210413,32.26,8.188,264.14488
002353.SZ,20210414,33.2,8.188,271.8416
002353.SZ,20210415,33.11,8.188,271.10468000000003
002353.SZ,20210416,33.68,8.188,275.77184
002353.SZ,20210419,33.71,8.188,276.01748000000003
002353.SZ,20210420,33.2,8.188,271.8416
002353.SZ,20210421,33.09,8.188,270.94092000000006
002353.SZ,20210422,32.9,8.188,269.3852
002353.SZ,20210423,33.26,8.188,272.33288
002353.SZ,20210426,32.98,8.188,270.04024
002353.SZ,20210427,32.49,8.188,266.02812000000006
002353.SZ,20210428,34.54,8.188,282.81352000000004
002353.SZ,20210429,34.18,8.188,279.86584
002353.SZ,20210430,33.01,8.188,270.28588
002353.SZ,20210506,36.0,8.188,294.76800000000003
002353.SZ,20210507,37.0,8.188,302.956
002353.SZ,20210510,37.58,8.188,307.70504
002353.SZ,20210511,35.95,8.188,294.3586
002353.SZ,20210512,36.48,8.188,298.69824
002353.SZ,20210513,36.1,8.188,295.58680000000004
002353.SZ,20210514,35.79,8.188,293.04852
002353.SZ,20210517,37.6,8.188,307.8688
002353.SZ,20210518,39.68,8.188,324.89984000000004
002353.SZ,20210519,39.75,8.188,325.473
002353.SZ,20210520,38.89,8.188,318.43132
002353.SZ,20210521,37.81,8.188,309.58828000000005
002353.SZ,20210524,39.2,8.188,320.96960000000007
002353.SZ,20210525,39.35,8.188,322.19780000000003
002353.SZ,20210526,37.95,8.188,310.73460000000006
002353.SZ,20210527,39.21,8.188,321.05148
002353.SZ,20210528,39.67,8.188,324.81796
002353.SZ,20210531,39.99,8.188,327.43812
002353.SZ,20210601,39.65,8.188,324.6542
002353.SZ,20210602,39.65,8.188,324.6542
002353.SZ,20210603,40.67,8.188,333.00596
002353.SZ,20210604,40.74,8.188,333.57912000000005
002353.SZ,20210607,41.77,8.188,342.01276000000007
002353.SZ,20210608,40.2,8.188,329.15760000000006
002353.SZ,20210609,41.36,8.188,338.65568
002353.SZ,20210610,40.81,8.188,334.15228
002353.SZ,20210611,40.39,8.188,330.71332
002353.SZ,20210615,39.4,8.188,322.60720000000003
002353.SZ,20210616,38.85,8.188,318.10380000000004
002353.SZ,20210617,38.86,8.188,318.18568
002353.SZ,20210618,39.4,8.188,322.60720000000003
002353.SZ,20210621,42.67,8.188,349.38196000000005
002353.SZ,20210622,45.05,8.188,368.8694
002353.SZ,20210623,45.12,8.188,369.44256
002353.SZ,20210624,45.8,8.188,375.0104
002353.SZ,20210625,45.26,8.188,370.58888
002353.SZ,20210628,43.99,8.188,360.19012000000004
002353.SZ,20210629,43.7,8.188,357.8156000000001
002353.SZ,20210630,44.7,8.222,367.5234
002353.SZ,20210701,43.8,8.222,360.12359999999995
002353.SZ,20210702,43.18,8.222,355.02596
002353.SZ,20210705,46.08,8.222,378.86976
002353.SZ,20210706,46.5,8.222,382.323
002353.SZ,20210707,45.04,8.222,370.31888
002353.SZ,20210708,44.06,8.222,362.26132
002353.SZ,20210709,45.47,8.222,373.85434
002353.SZ,20210712,43.98,8.222,361.60355999999996
002353.SZ,20210713,42.99,8.222,353.46378
002353.SZ,20210714,43.2,8.222,355.1904
002353.SZ,20210715,41.14,8.222,338.25308
002353.SZ,20210716,40.11,8.222,329.78441999999995
002353.SZ,20210719,39.58,8.222,325.42675999999994
002353.SZ,20210720,38.57,8.222,317.12253999999996
002353.SZ,20210721,40.62,8.222,333.97763999999995
002353.SZ,20210722,42.61,8.222,350.33941999999996
002353.SZ,20210723,43.26,8.222,355.68371999999994
002353.SZ,20210726,41.61,8.222,342.11742
002353.SZ,20210727,40.69,8.222,334.55317999999994
002353.SZ,20210728,40.08,8.222,329.53776
002353.SZ,20210729,38.85,8.222,319.4247
002353.SZ,20210730,37.9,8.222,311.61379999999997
002353.SZ,20210802,38.36,8.222,315.39592
002353.SZ,20210803,37.68,8.222,309.80496
002353.SZ,20210804,38.59,8.222,317.28698
002353.SZ,20210805,37.67,8.222,309.72274
002353.SZ,20210806,37.74,8.222,310.29828
002353.SZ,20210809,39.18,8.222,322.13795999999996
002353.SZ,20210810,39.48,8.222,324.60455999999994
002353.SZ,20210811,39.05,8.222,321.06909999999993
002353.SZ,20210812,38.51,8.222,316.62922
002353.SZ,20210813,38.63,8.222,317.61586
002353.SZ,20210816,40.74,8.222,334.96428
002353.SZ,20210817,38.22,8.222,314.24483999999995
002353.SZ,20210818,38.14,8.222,313.58708
002353.SZ,20210819,35.54,8.222,292.20988
002353.SZ,20210820,35.05,8.222,288.18109999999996
002353.SZ,20210823,35.8,8.222,294.34759999999994
002353.SZ,20210824,36.68,8.222,301.58295999999996
002353.SZ,20210825,37.57,8.222,308.90054
002353.SZ,20210826,36.12,8.222,296.97864
002353.SZ,20210827,35.75,8.222,293.93649999999997
002353.SZ,20210830,35.72,8.222,293.68983999999995
002353.SZ,20210831,36.86,8.222,303.06291999999996
002353.SZ,20210901,40.55,8.222,333.40209999999996
002353.SZ,20210902,39.79,8.222,327.15337999999997
002353.SZ,20210903,39.4,8.222,323.9468
002353.SZ,20210906,43.34,8.222,356.34148
002353.SZ,20210907,42.8,8.222,351.9016
002353.SZ,20210908,42.93,8.222,352.97046
002353.SZ,20210909,45.09,8.222,370.72998
002353.SZ,20210910,42.78,8.222,351.73716
002353.SZ,20210913,42.93,8.222,352.97046
002353.SZ,20210914,44.66,8.222,367.19451999999995
002353.SZ,20210915,45.67,8.222,375.49874
002353.SZ,20210916,46.65,8.222,383.55629999999996
002353.SZ,20210917,48.59,8.222,399.50698
002353.SZ,20210922,50.49,8.222,415.12878
002353.SZ,20210923,50.37,8.222,414.14214
002353.SZ,20210924,48.3,8.222,397.1226
002353.SZ,20210927,49.37,8.222,405.92013999999995
002353.SZ,20210928,51.9,8.222,426.7218
002353.SZ,20210929,47.6,8.222,391.36719999999997
002353.SZ,20210930,48.42,8.222,398.10924
002353.SZ,20211008,50.39,8.222,414.30658
002353.SZ,20211011,50.75,8.222,417.26649999999995
002353.SZ,20211012,47.62,8.222,391.53164
002353.SZ,20211013,45.39,8.222,373.19658
002353.SZ,20211014,46.87,8.222,385.36513999999994
002353.SZ,20211015,47.1,8.222,387.2562
002353.SZ,20211018,49.58,8.222,407.64676
002353.SZ,20211019,51.21,8.222,421.04861999999997
002353.SZ,20211020,49.11,8.222,403.78241999999995
002353.SZ,20211021,49.54,8.222,407.31787999999995
002353.SZ,20211022,46.58,8.222,382.98076
002353.SZ,20211025,48.51,8.222,398.84921999999995
002353.SZ,20211026,48.82,8.222,401.39804
002353.SZ,20211027,47.0,8.222,386.43399999999997
002353.SZ,20211028,45.0,8.222,369.98999999999995
002353.SZ,20211029,42.29,8.222,347.70838
002353.SZ,20211101,41.25,8.222,339.15749999999997
002353.SZ,20211102,40.65,8.222,334.22429999999997
002353.SZ,20211103,41.39,8.222,340.30858
002353.SZ,20211104,40.08,8.222,329.53776
002353.SZ,20211105,39.67,8.222,326.16674
002353.SZ,20211108,40.3,8.222,331.34659999999997
002353.SZ,20211109,42.07,8.222,345.89954
002353.SZ,20211110,43.0,8.222,353.546
002353.SZ,20211111,42.5,8.222,349.435
002353.SZ,20211112,41.5,8.222,341.21299999999997
002353.SZ,20211115,42.88,8.222,352.55936
002353.SZ,20211116,41.72,8.222,343.02184
002353.SZ,20211117,42.0,8.222,345.32399999999996
002353.SZ,20211118,39.99,8.222,328.79778
002353.SZ,20211119,39.81,8.222,327.31782
002353.SZ,20211122,39.35,8.222,323.5357
002353.SZ,20211123,39.0,8.222,320.65799999999996
002353.SZ,20211124,39.66,8.222,326.08451999999994
002353.SZ,20211125,39.69,8.222,326.33117999999996
002353.SZ,20211126,39.47,8.222,324.52234
002353.SZ,20211129,38.62,8.222,317.53363999999993
002353.SZ,20211130,39.03,8.222,320.90466
002353.SZ,20211201,40.1,8.222,329.7022
002353.SZ,20211202,38.94,8.222,320.16468
002353.SZ,20211203,39.22,8.222,322.46684
002353.SZ,20211206,38.3,8.222,314.90259999999995
002353.SZ,20211207,38.57,8.222,317.12253999999996
002353.SZ,20211208,40.82,8.222,335.62203999999997
002353.SZ,20211209,39.0,8.222,320.65799999999996
002353.SZ,20211210,39.63,8.222,325.83786
002353.SZ,20211213,41.25,8.222,339.15749999999997
002353.SZ,20211214,40.66,8.222,334.30652
002353.SZ,20211215,40.0,8.222,328.88
002353.SZ,20211216,40.66,8.222,334.30652
002353.SZ,20211217,39.83,8.222,327.48225999999994
002353.SZ,20211220,39.69,8.222,326.33117999999996
002353.SZ,20211221,38.91,8.222,319.91801999999996
002353.SZ,20211222,39.1,8.222,321.48019999999997
002353.SZ,20211223,39.39,8.222,323.86458
002353.SZ,20211224,40.25,8.222,330.9355
002353.SZ,20211227,39.43,8.222,324.19345999999996
002353.SZ,20211228,40.11,8.222,329.78441999999995
002353.SZ,20211229,40.41,8.222,332.2510199999999
002353.SZ,20211230,40.34,8.222,331.67548
002353.SZ,20211231,40.0,8.222,328.88
002353.SZ,20220104,40.39,8.222,332.08657999999997
002353.SZ,20220105,41.37,8.222,340.14413999999994
002353.SZ,20220106,42.08,8.222,345.98175999999995
002353.SZ,20220107,43.58,8.222,358.31476
002353.SZ,20220110,43.4,8.222,356.8348
002353.SZ,20220111,43.55,8.222,358.06809999999996
002353.SZ,20220112,43.97,8.222,361.52133999999995
002353.SZ,20220113,44.25,8.222,363.82349999999997
002353.SZ,20220114,43.5,8.222,357.657
002353.SZ,20220117,44.0,8.222,361.768
002353.SZ,20220118,44.5,8.222,365.87899999999996
002353.SZ,20220119,45.27,8.222,372.20994
002353.SZ,20220120,45.95,8.222,377.8009
002353.SZ,20220121,45.15,8.222,371.2233
002353.SZ,20220124,43.54,8.222,357.98587999999995
002353.SZ,20220125,42.5,8.222,349.435
002353.SZ,20220126,42.93,8.222,352.97046
002353.SZ,20220127,42.11,8.222,346.22841999999997
002353.SZ,20220128,41.42,8.222,340.55523999999997
002353.SZ,20220207,45.16,8.222,371.30551999999994
002353.SZ,20220208,45.8,8.222,376.56759999999997
002353.SZ,20220209,47.26,8.222,388.57171999999997
002353.SZ,20220210,46.55,8.222,382.73409999999996
002353.SZ,20220211,46.02,8.222,378.37644
002353.SZ,20220214,46.22,8.222,380.02083999999996
002353.SZ,20220215,45.43,8.222,373.52545999999995
002353.SZ,20220216,44.48,8.222,365.71455999999995
002353.SZ,20220217,44.01,8.222,361.85022
002353.SZ,20220218,44.01,8.222,361.85022
002353.SZ,20220221,43.45,8.222,357.2459
002353.SZ,20220222,43.34,8.222,356.34148
002353.SZ,20220223,42.98,8.222,353.38156
002353.SZ,20220224,44.54,8.222,366.20788
002353.SZ,20220225,43.99,8.222,361.68578
002353.SZ,20220228,44.65,8.222,367.11229999999995
002353.SZ,20220301,43.23,8.222,355.43706
002353.SZ,20220302,45.7,8.222,375.7454
002353.SZ,20220303,47.72,8.222,392.35384
002353.SZ,20220304,45.55,8.222,374.5121
002353.SZ,20220307,44.66,8.222,367.19451999999995
002353.SZ,20220308,45.3,8.222,372.4566
002353.SZ,20220309,45.6,8.222,374.9232
002353.SZ,20220310,45.61,8.222,375.00541999999996
002353.SZ,20220311,47.5,8.222,390.54499999999996
002353.SZ,20220314,46.78,8.222,384.62516
002353.SZ,20220315,42.22,8.222,347.13284
002353.SZ,20220316,41.73,8.222,343.10405999999995
002353.SZ,20220317,43.1,8.222,354.3682
002353.SZ,20220318,45.02,8.222,370.15444
002353.SZ,20220321,44.65,8.222,367.11229999999995
002353.SZ,20220322,46.31,8.222,380.76082
002353.SZ,20220323,45.95,8.222,377.8009
002353.SZ,20220324,46.29,8.222,380.59637999999995
002353.SZ,20220325,45.57,8.222,374.67654
002353.SZ,20220328,45.77,8.222,376.32094
002353.SZ,20220329,44.26,8.222,363.90572
002353.SZ,20220330,43.5,8.222,357.657
002353.SZ,20220331,42.15,8.222,346.55729999999994
002353.SZ,20220401,41.92,8.222,344.66624
002353.SZ,20220406,42.5,8.222,349.435
002353.SZ,20220407,41.58,8.222,341.87075999999996
002353.SZ,20220408,40.49,8.222,332.90878
002353.SZ,20220411,38.66,8.222,317.86251999999996
002353.SZ,20220412,40.0,8.222,328.88
002353.SZ,20220413,39.35,8.222,323.5357
002353.SZ,20220414,39.25,8.222,322.71349999999995
002353.SZ,20220415,40.13,8.222,329.94886
002353.SZ,20220418,37.83,8.222,311.03826
002353.SZ,20220419,37.8,8.222,310.79159999999996
002353.SZ,20220420,35.21,8.222,289.49662
002353.SZ,20220421,32.44,8.222,266.72168
002353.SZ,20220422,32.37,8.222,266.14613999999995
002353.SZ,20220425,29.89,8.222,245.75557999999998
002353.SZ,20220426,29.75,8.222,244.60449999999997
002353.SZ,20220427,29.36,8.222,241.39791999999997
002353.SZ,20220428,30.0,8.222,246.66
002353.SZ,20220429,31.12,8.222,255.86864
002353.SZ,20220505,33.05,8.222,271.73709999999994
002353.SZ,20220506,33.35,8.222,274.20369999999997
002353.SZ,20220509,34.02,8.222,279.71244
002353.SZ,20220510,33.25,8.222,273.38149999999996
002353.SZ,20220511,33.33,8.222,274.03925999999996
002353.SZ,20220512,34.31,8.222,282.09682
002353.SZ,20220513,34.71,8.222,285.38562
002353.SZ,20220516,35.7,8.222,293.5254
002353.SZ,20220517,35.33,8.2637,291.956521
002353.SZ,20220518,34.47,8.2637,284.849739
002353.SZ,20220519,34.14,8.2637,282.122718
002353.SZ,20220520,33.44,8.2637,276.338128
002353.SZ,20220523,33.6,8.2637,277.66032
002353.SZ,20220524,33.68,8.2637,278.321416
002353.SZ,20220525,35.52,8.2637,293.526624
002353.SZ,20220526,36.51,8.2637,301.70768699999996
002353.SZ,20220527,38.0,8.2637,314.0206
002353.SZ,20220530,40.88,8.264,337.83232
002353.SZ,20220531,40.4,8.264,333.8656
002353.SZ,20220601,41.07,8.264,339.40247999999997
002353.SZ,20220602,41.5,8.264,342.95599999999996
002353.SZ,20220606,42.12,8.264,348.07967999999994
002353.SZ,20220607,42.28,8.264,349.40191999999996
002353.SZ,20220608,44.98,8.264,371.71471999999994
002353.SZ,20220609,44.75,8.264,369.81399999999996
002353.SZ,20220610,45.84,8.264,378.82176
002353.SZ,20220613,44.3,8.264,366.0951999999999
002353.SZ,20220614,44.72,8.264,369.56607999999994
002353.SZ,20220615,42.6,8.264,352.0464
002353.SZ,20220616,41.55,8.264,343.3691999999999
002353.SZ,20220617,41.12,8.264,339.81567999999993
002353.SZ,20220620,39.09,8.264,323.03976
002353.SZ,20220621,39.65,8.264,327.66759999999994
002353.SZ,20220622,40.1,8.264,331.3864
002353.SZ,20220623,39.52,8.264,326.59328
002353.SZ,20220624,40.08,8.264,331.22112
002353.SZ,20220627,40.64,8.264,335.84896
002353.SZ,20220628,40.75,8.264,336.758
002353.SZ,20220629,40.32,8.264,333.20448
002353.SZ,20220630,40.3,8.264,333.03919999999994
002353.SZ,20220701,39.23,8.264,324.19671999999997
002353.SZ,20220704,40.4,8.264,333.8656
002353.SZ,20220705,39.87,8.264,329.48567999999995
002353.SZ,20220706,37.14,8.264,306.92496
002353.SZ,20220707,37.4,8.264,309.07359999999994
002353.SZ,20220708,37.9,8.264,313.20559999999995
002353.SZ,20220711,36.45,8.264,301.2228
002353.SZ,20220712,36.37,8.264,300.56167999999997
002353.SZ,20220713,35.24,8.264,291.22336
002353.SZ,20220714,35.1,8.264,290.0664
002353.SZ,20220715,34.26,8.264,283.12463999999994
002353.SZ,20220718,34.86,8.264,288.08304
002353.SZ,20220719,35.41,8.264,292.62823999999995
002353.SZ,20220720,36.51,8.264,301.71863999999994
002353.SZ,20220721,35.64,8.264,294.52896
002353.SZ,20220722,34.92,8.264,288.57887999999997
002353.SZ,20220725,34.41,8.264,284.36423999999994
002353.SZ,20220726,36.0,8.264,297.50399999999996
002353.SZ,20220727,36.15,8.264,298.74359999999996
002353.SZ,20220728,36.61,8.264,302.54504
002353.SZ,20220729,35.8,8.264,295.85119999999995
002353.SZ,20220801,35.72,8.264,295.19007999999997
002353.SZ,20220802,35.1,8.264,290.0664
002353.SZ,20220803,35.16,8.264,290.56224
002353.SZ,20220804,34.5,8.264,285.108
002353.SZ,20220805,35.9,8.264,296.6776
002353.SZ,20220808,37.12,8.264,306.75967999999995
002353.SZ,20220809,38.55,8.264,318.57719999999995
002353.SZ,20220810,38.9,8.264,321.46959999999996
002353.SZ,20220811,39.75,8.264,328.49399999999997
002353.SZ,20220812,39.7,8.264,328.0808
002353.SZ,20220815,40.13,8.264,331.63432
002353.SZ,20220816,39.5,8.264,326.428
002353.SZ,20220817,39.67,8.264,327.83288
002353.SZ,20220818,39.55,8.264,326.84119999999996
002353.SZ,20220819,38.55,8.264,318.57719999999995
002353.SZ,20220822,39.0,8.264,322.296
002353.SZ,20220823,39.13,8.264,323.37032
002353.SZ,20220824,39.47,8.264,326.18008
002353.SZ,20220825,40.25,8.264,332.626
002353.SZ,20220826,39.88,8.264,329.56831999999997
002353.SZ,20220829,41.1,8.264,339.6504
002353.SZ,20220830,40.67,8.264,336.09688
002353.SZ,20220831,38.01,8.264,314.11463999999995
002353.SZ,20220901,37.72,8.264,311.71808
002353.SZ,20220902,38.03,8.264,314.27992
002353.SZ,20220905,38.81,8.264,320.72584
002353.SZ,20220906,39.12,8.264,323.28767999999997
002353.SZ,20220907,38.33,8.264,316.75911999999994
002353.SZ,20220908,37.5,8.264,309.9
002353.SZ,20220909,38.6,8.264,318.99039999999997
002353.SZ,20220913,38.09,8.264,314.77576
002353.SZ,20220914,38.58,8.264,318.82511999999997
002353.SZ,20220915,37.7,8.264,311.5528
002353.SZ,20220916,35.83,8.264,296.09911999999997
002353.SZ,20220919,35.67,8.264,294.77688
002353.SZ,20220920,35.42,8.264,292.71088
002353.SZ,20220921,35.6,8.264,294.1984
002353.SZ,20220922,35.23,8.264,291.14071999999993
002353.SZ,20220923,35.24,8.264,291.22336
002353.SZ,20220926,33.95,8.264,280.5628
002353.SZ,20220927,33.96,8.264,280.64544
002353.SZ,20220928,32.9,8.264,271.88559999999995
002353.SZ,20220929,33.72,8.264,278.66207999999995
002353.SZ,20220930,32.63,8.264,269.65432
002353.SZ,20221010,33.86,8.264,279.81904
002353.SZ,20221011,33.0,8.264,272.712
002353.SZ,20221012,33.56,8.264,277.33984
002353.SZ,20221013,32.47,8.264,268.33207999999996
002353.SZ,20221014,33.32,8.264,275.35648
002353.SZ,20221017,33.79,8.264,279.24055999999996
002353.SZ,20221018,33.39,8.264,275.93496
002353.SZ,20221019,32.6,8.264,269.40639999999996
002353.SZ,20221020,31.94,8.264,263.95216
002353.SZ,20221021,31.93,8.264,263.86951999999997
002353.SZ,20221024,32.13,8.264,265.52232
002353.SZ,20221025,32.38,8.264,267.58832
002353.SZ,20221026,33.47,8.264,276.59608
002353.SZ,20221027,33.57,8.264,277.42248
002353.SZ,20221028,33.4,8.264,276.01759999999996
002353.SZ,20221031,30.06,8.264,248.41583999999997
002353.SZ,20221101,31.33,8.264,258.91112
002353.SZ,20221102,33.09,8.264,273.45576
002353.SZ,20221103,32.46,8.264,268.24944
002353.SZ,20221104,32.78,8.264,270.89392
002353.SZ,20221107,33.3,8.264,275.1912
002353.SZ,20221108,33.59,8.264,277.58776
002353.SZ,20221109,34.23,8.264,282.87672
002353.SZ,20221110,33.49,8.264,276.76135999999997
002353.SZ,20221111,34.29,8.264,283.37255999999996
002353.SZ,20221114,33.01,8.264,272.79463999999996
002353.SZ,20221115,33.38,8.264,275.85232
002353.SZ,20221116,33.46,8.264,276.51344
002353.SZ,20221117,32.92,8.264,272.05088
002353.SZ,20221118,32.7,8.264,270.2328
002353.SZ,20221121,31.84,8.264,263.12575999999996
002353.SZ,20221122,31.28,8.264,258.49791999999997
002353.SZ,20221123,31.16,8.264,257.50624
002353.SZ,20221124,31.13,8.264,257.25831999999997
002353.SZ,20221125,30.7,8.264,253.70479999999998
002353.SZ,20221128,30.31,8.264,250.48183999999998
002353.SZ,20221129,30.87,8.264,255.10968
002353.SZ,20221130,31.25,8.264,258.25
002353.SZ,20221201,31.17,8.264,257.58888
002353.SZ,20221202,31.31,8.264,258.74584
002353.SZ,20221205,30.93,8.264,255.60551999999998
002353.SZ,20221206,31.17,8.264,257.58888
002353.SZ,20221207,30.76,8.264,254.20064
002353.SZ,20221208,30.82,8.264,254.69647999999998
002353.SZ,20221209,30.2,8.264,249.57279999999997
002353.SZ,20221212,30.35,8.264,250.8124
002353.SZ,20221213,29.68,8.264,245.27551999999997
002353.SZ,20221214,30.1,8.264,248.7464
002353.SZ,20221215,30.31,8.264,250.48183999999998
002353.SZ,20221216,30.05,8.264,248.33319999999998
002353.SZ,20221219,29.2,8.264,241.30879999999996
002353.SZ,20221220,28.7,8.264,237.1768
002353.SZ,20221221,28.69,8.264,237.09416
002353.SZ,20221222,28.15,8.264,232.63159999999996
002353.SZ,20221223,28.16,8.264,232.71424
002353.SZ,20221226,29.0,8.264,239.65599999999998
002353.SZ,20221227,29.15,8.264,240.89559999999997
002353.SZ,20221228,28.39,8.264,234.61496
002353.SZ,20221229,28.08,8.264,232.05311999999998
002353.SZ,20221230,27.91,8.264,230.64824
002353.SZ,20230103,28.75,8.264,237.58999999999997
002353.SZ,20230104,28.39,8.264,234.61496
002353.SZ,20230105,28.04,8.264,231.72256
002353.SZ,20230106,28.6,8.264,236.35039999999998
002353.SZ,20230109,28.51,8.264,235.60664
002353.SZ,20230110,28.33,8.264,234.11911999999998
002353.SZ,20230111,28.62,8.264,236.51568
002353.SZ,20230112,28.4,8.264,234.69759999999997
002353.SZ,20230113,29.69,8.264,245.35816
002353.SZ,20230116,31.18,8.264,257.67152
002353.SZ,20230117,32.1,8.264,265.2744
002353.SZ,20230118,32.75,8.264,270.64599999999996
002353.SZ,20230119,32.09,8.264,265.19176
002353.SZ,20230120,32.27,8.264,266.67928
002353.SZ,20230130,32.66,8.264,269.90223999999995
002353.SZ,20230131,32.36,8.264,267.42303999999996
002353.SZ,20230201,32.42,8.264,267.91888
002353.SZ,20230202,32.42,8.264,267.91888
002353.SZ,20230203,31.71,8.264,262.05144
002353.SZ,20230206,31.65,8.264,261.55559999999997
002353.SZ,20230207,31.74,8.264,262.29936
002353.SZ,20230208,31.5,8.264,260.316
002353.SZ,20230209,31.9,8.264,263.62159999999994
002353.SZ,20230210,31.5,8.264,260.316
002353.SZ,20230213,32.41,8.264,267.83624
002353.SZ,20230214,32.03,8.264,264.69592
002353.SZ,20230215,31.75,8.264,262.382
002353.SZ,20230216,31.08,8.264,256.84511999999995
002353.SZ,20230217,31.02,8.264,256.34927999999996
002353.SZ,20230220,31.39,8.264,259.40695999999997
002353.SZ,20230221,30.72,8.264,253.87007999999997
002353.SZ,20230222,30.79,8.264,254.44856
002353.SZ,20230223,30.79,8.264,254.44856
002353.SZ,20230224,30.94,8.264,255.68815999999998
002353.SZ,20230227,31.18,8.264,257.67152
002353.SZ,20230228,30.92,8.264,255.52288
002353.SZ,20230301,30.84,8.264,254.86175999999998
002353.SZ,20230302,31.17,8.264,257.58888
002353.SZ,20230303,30.73,8.264,253.95271999999997
002353.SZ,20230306,30.67,8.264,253.45687999999998
002353.SZ,20230307,31.34,8.264,258.99375999999995
002353.SZ,20230308,29.5,8.264,243.78799999999998
002353.SZ,20230309,30.18,8.264,249.40751999999998
002353.SZ,20230310,29.51,8.264,243.87063999999998
002353.SZ,20230313,29.56,8.264,244.28383999999997
002353.SZ,20230314,29.0,8.264,239.65599999999998
002353.SZ,20230315,28.82,8.264,238.16848
002353.SZ,20230316,27.72,8.264,229.07807999999997
002353.SZ,20230317,27.51,8.264,227.34264
002353.SZ,20230320,27.08,8.264,223.78911999999997
002353.SZ,20230321,27.03,8.264,223.37591999999998
002353.SZ,20230322,27.14,8.264,224.28495999999998
002353.SZ,20230323,27.04,8.264,223.45855999999998
002353.SZ,20230324,26.97,8.264,222.88007999999996
002353.SZ,20230327,27.36,8.264,226.10303999999996
002353.SZ,20230328,27.9,8.264,230.56559999999996
002353.SZ,20230329,27.55,8.264,227.67319999999998
002353.SZ,20230330,27.65,8.264,228.49959999999996
002353.SZ,20230331,28.32,8.264,234.03647999999998
002353.SZ,20230403,28.16,8.264,232.71424
002353.SZ,20230404,27.9,8.264,230.56559999999996
002353.SZ,20230406,27.29,8.264,225.52455999999998
002353.SZ,20230407,27.46,8.264,226.92944
002353.SZ,20230410,27.04,8.264,223.45855999999998
002353.SZ,20230411,27.7,8.264,228.91279999999998
002353.SZ,20230412,28.05,8.264,231.80519999999999
002353.SZ,20230413,27.66,8.264,228.58223999999998
002353.SZ,20230414,27.65,8.264,228.49959999999996
002353.SZ,20230417,28.31,8.264,233.95383999999996
002353.SZ,20230418,29.12,8.264,240.64767999999998
002353.SZ,20230419,28.71,8.264,237.25943999999998
002353.SZ,20230420,28.83,8.264,238.25111999999996
002353.SZ,20230421,27.64,8.264,228.41696
002353.SZ,20230424,27.33,8.264,225.85511999999997
002353.SZ,20230425,26.7,8.264,220.64879999999997
002353.SZ,20230426,27.4,8.264,226.43359999999998
002353.SZ,20230427,27.22,8.264,224.94607999999997
002353.SZ,20230428,27.12,8.264,224.11968
002353.SZ,20230504,25.45,8.264,210.31879999999998
002353.SZ,20230505,24.39,8.264,201.55895999999998
002353.SZ,20230508,25.54,8.264,211.06255999999996
002353.SZ,20230509,24.71,8.264,204.20344
002353.SZ,20230510,24.5,8.264,202.468
002353.SZ,20230511,24.72,8.264,204.28607999999997
002353.SZ,20230512,24.4,8.264,201.64159999999998
002353.SZ,20230515,24.52,8.264,202.63327999999998
002353.SZ,20230516,24.93,8.264,206.02151999999998
002353.SZ,20230517,25.05,8.264,207.01319999999998
002353.SZ,20230518,25.38,8.264,209.74031999999997
002353.SZ,20230519,25.1,8.264,207.4264
002353.SZ,20230522,25.17,8.264,208.00487999999999
002353.SZ,20230523,25.11,8.264,207.50903999999997
002353.SZ,20230524,25.98,8.264,214.69871999999998
002353.SZ,20230525,25.73,8.264,212.63271999999998
002353.SZ,20230526,25.78,8.264,213.04592
002353.SZ,20230529,25.51,8.264,210.81464
002353.SZ,20230530,24.41,8.264,201.72423999999998
002353.SZ,20230531,24.4,8.264,201.64159999999998
002353.SZ,20230601,23.11,8.264,190.98103999999998
002353.SZ,20230602,24.17,8.264,199.74088
002353.SZ,20230605,24.45,8.264,202.05479999999997
002353.SZ,20230606,24.02,8.264,198.50127999999998
002353.SZ,20230607,23.94,8.264,197.84016
002353.SZ,20230608,24.34,8.264,201.14576
002353.SZ,20230609,24.26,8.264,200.48463999999998
002353.SZ,20230612,24.54,8.264,202.79855999999998
002353.SZ,20230613,24.36,8.264,201.31104
002353.SZ,20230614,24.53,8.264,202.71591999999998
002353.SZ,20230615,24.55,8.376,205.6308
002353.SZ,20230616,25.22,8.376,211.24271999999996
002353.SZ,20230619,25.01,8.376,209.48376
002353.SZ,20230620,25.1,8.376,210.2376
002353.SZ,20230621,24.67,8.376,206.63592
002353.SZ,20230626,24.78,8.376,207.55728
002353.SZ,20230627,25.22,8.376,211.24271999999996
002353.SZ,20230628,25.29,8.376,211.82904
002353.SZ,20230629,25.04,8.376,209.73503999999997
002353.SZ,20230630,25.13,8.376,210.48887999999997
002353.SZ,20230703,25.46,8.376,213.25296
002353.SZ,20230704,25.71,8.376,215.34696
002353.SZ,20230705,25.34,8.376,212.24784
002353.SZ,20230706,25.35,8.376,212.3316
002353.SZ,20230707,25.21,8.376,211.15895999999998
002353.SZ,20230710,25.34,8.376,212.24784
002353.SZ,20230711,25.52,8.376,213.75552
002353.SZ,20230712,25.91,8.376,217.02215999999999
002353.SZ,20230713,26.3,8.376,220.28879999999998
002353.SZ,20230714,26.61,8.376,222.88536
002353.SZ,20230717,26.45,8.376,221.54519999999997
002353.SZ,20230718,26.54,8.376,222.29904
002353.SZ,20230719,26.81,8.376,224.56055999999998
002353.SZ,20230720,27.05,8.376,226.5708
002353.SZ,20230721,26.89,8.376,225.23064
002353.SZ,20230724,27.05,8.376,226.5708
002353.SZ,20230725,27.28,8.376,228.49728
002353.SZ,20230726,28.11,8.376,235.44935999999998
002353.SZ,20230727,27.33,8.376,228.91607999999997
002353.SZ,20230728,27.68,8.376,231.84767999999997
002353.SZ,20230731,28.01,8.376,234.61176
002353.SZ,20230801,28.36,8.376,237.54335999999998
002353.SZ,20230802,28.08,8.376,235.19807999999998
002353.SZ,20230803,28.3,8.376,237.0408
002353.SZ,20230804,28.4,8.376,237.87839999999997
002353.SZ,20230807,28.15,8.376,235.78439999999998
002353.SZ,20230808,27.68,8.376,231.84767999999997
002353.SZ,20230809,27.91,8.376,233.77416
002353.SZ,20230810,28.39,8.376,237.79464
002353.SZ,20230811,26.8,8.376,224.4768
002353.SZ,20230814,26.49,8.376,221.88024
002353.SZ,20230815,27.0,8.376,226.152
002353.SZ,20230816,26.99,8.376,226.06823999999997
002353.SZ,20230817,28.04,8.376,234.86303999999998
002353.SZ,20230818,27.31,8.376,228.74855999999997
002353.SZ,20230821,27.56,8.376,230.84255999999996
002353.SZ,20230822,28.48,8.376,238.54847999999998
002353.SZ,20230823,28.7,8.376,240.39119999999997
002353.SZ,20230824,29.38,8.376,246.08687999999998
002353.SZ,20230825,29.0,8.376,242.904
002353.SZ,20230828,29.0,8.376,242.904
002353.SZ,20230829,29.02,8.376,243.07152
002353.SZ,20230830,28.83,8.376,241.48007999999996
002353.SZ,20230831,28.59,8.376,239.46983999999998
002353.SZ,20230901,28.3,8.376,237.0408
002353.SZ,20230904,29.81,8.376,249.68855999999997
002353.SZ,20230905,29.39,8.376,246.17064
002353.SZ,20230906,30.03,8.376,251.53127999999998
002353.SZ,20230907,30.03,8.376,251.53127999999998
002353.SZ,20230908,30.89,8.376,258.73464
002353.SZ,20230911,30.72,8.376,257.31071999999995
002353.SZ,20230912,30.03,8.376,251.53127999999998
002353.SZ,20230913,30.65,8.376,256.72439999999995
002353.SZ,20230914,31.09,8.376,260.40984
002353.SZ,20230915,32.05,8.376,268.45079999999996
002353.SZ,20230918,31.93,8.376,267.44568
002353.SZ,20230919,33.16,8.376,277.7481599999999
002353.SZ,20230920,32.28,8.376,270.37728
002353.SZ,20230921,31.74,8.376,265.85423999999995
002353.SZ,20230922,31.63,8.376,264.93287999999995
002353.SZ,20230925,31.77,8.376,266.10551999999996
002353.SZ,20230926,31.2,8.376,261.33119999999997
002353.SZ,20230927,31.54,8.376,264.17904
002353.SZ,20230928,31.89,8.376,267.11064
002353.SZ,20231009,30.64,8.376,256.64063999999996
002353.SZ,20231010,30.67,8.376,256.89191999999997
002353.SZ,20231011,30.47,8.376,255.21671999999998
002353.SZ,20231012,29.75,8.376,249.18599999999998
002353.SZ,20231013,30.29,8.376,253.70904
002353.SZ,20231016,30.8,8.376,257.9808
002353.SZ,20231017,31.1,8.376,260.4936
002353.SZ,20231018,30.53,8.376,255.71928
002353.SZ,20231019,30.0,8.376,251.27999999999997
002353.SZ,20231020,30.14,8.376,252.45263999999997
002353.SZ,20231023,29.01,8.376,242.98776
002353.SZ,20231024,29.45,8.376,246.67319999999998
002353.SZ,20231025,28.7,8.376,240.39119999999997
002353.SZ,20231026,29.37,8.376,246.00312
002353.SZ,20231027,29.49,8.376,247.00823999999997
002353.SZ,20231030,28.55,8.376,239.13479999999998
002353.SZ,20231031,28.55,8.376,239.13479999999998
002353.SZ,20231101,29.04,8.376,243.23904
002353.SZ,20231102,29.14,8.376,244.07664
002353.SZ,20231103,29.56,8.376,247.59455999999997
002353.SZ,20231106,29.26,8.376,245.08176
002353.SZ,20231107,29.15,8.376,244.16039999999998
002353.SZ,20231108,30.09,8.376,252.03383999999997
002353.SZ,20231109,29.3,8.376,245.4168
002353.SZ,20231110,28.73,8.376,240.64247999999998
002353.SZ,20231113,29.39,8.376,246.17064
002353.SZ,20231114,29.28,8.376,245.24928
002353.SZ,20231115,29.54,8.376,247.42703999999998
002353.SZ,20231116,29.52,8.376,247.25951999999998
002353.SZ,20231117,28.45,8.376,238.29719999999998
002353.SZ,20231120,29.62,8.376,248.09712
002353.SZ,20231121,29.24,8.376,244.91423999999998
002353.SZ,20231122,28.87,8.376,241.81511999999998
002353.SZ,20231123,29.1,8.376,243.7416
002353.SZ,20231124,28.63,8.376,239.80487999999997
002353.SZ,20231127,29.09,8.376,243.65784
002353.SZ,20231128,29.19,8.376,244.49544
002353.SZ,20231129,29.08,8.376,243.57407999999998
002353.SZ,20231130,29.65,8.376,248.34839999999997
002353.SZ,20231201,28.57,8.376,239.30231999999998
002353.SZ,20231204,28.46,8.376,238.38096
002353.SZ,20231205,27.12,8.376,227.15712
002353.SZ,20231206,27.19,8.376,227.74344
002353.SZ,20231207,27.06,8.376,226.65455999999998
002353.SZ,20231208,26.83,8.376,224.72807999999998
002353.SZ,20231211,27.14,8.376,227.32464
002353.SZ,20231212,26.95,8.376,225.73319999999998
002353.SZ,20231213,26.3,8.376,220.28879999999998
002353.SZ,20231214,26.44,8.376,221.46143999999998
002353.SZ,20231215,26.61,8.376,222.88536
002353.SZ,20231218,26.46,8.376,221.62896
002353.SZ,20231219,26.25,8.376,219.86999999999998
002353.SZ,20231220,26.31,8.376,220.37255999999996
002353.SZ,20231221,26.65,8.376,223.22039999999998
002353.SZ,20231222,26.97,8.376,225.90071999999998
002353.SZ,20231225,27.11,8.376,227.07335999999998
002353.SZ,20231226,27.47,8.376,230.08871999999997
002353.SZ,20231227,28.17,8.376,235.95192
002353.SZ,20231228,27.98,8.376,234.36048
002353.SZ,20231229,28.11,8.376,235.44935999999998
002353.SZ,20240102,28.45,8.376,238.29719999999998
002353.SZ,20240103,28.45,8.376,238.29719999999998
002353.SZ,20240104,28.7,8.376,240.39119999999997
002353.SZ,20240105,29.14,8.376,244.07664
002353.SZ,20240108,28.46,8.376,238.38096
002353.SZ,20240109,27.95,8.376,234.1092
002353.SZ,20240110,28.33,8.376,237.29207999999997
002353.SZ,20240111,28.35,8.376,237.4596
002353.SZ,20240112,28.42,8.376,238.04592
002353.SZ,20240115,28.88,8.376,241.89887999999996
002353.SZ,20240116,28.89,8.376,241.98263999999998
002353.SZ,20240117,28.8,8.376,241.22879999999998
002353.SZ,20240118,28.48,8.376,238.54847999999998
002353.SZ,20240119,28.05,8.376,234.9468
002353.SZ,20240122,26.57,8.376,222.55032
002353.SZ,20240123,26.86,8.376,224.97935999999999
002353.SZ,20240124,26.53,8.376,222.21528
002353.SZ,20240125,27.92,8.376,233.85792
002353.SZ,20240126,28.19,8.376,236.11944
002353.SZ,20240129,28.08,8.376,235.19807999999998
002353.SZ,20240130,26.64,8.376,223.13664
002353.SZ,20240131,26.36,8.376,220.79135999999997
002353.SZ,20240201,26.01,8.376,217.85976
002353.SZ,20240202,24.95,8.376,208.98119999999997
002353.SZ,20240205,24.23,8.376,202.95048
002353.SZ,20240206,26.61,8.376,222.88536
002353.SZ,20240207,28.87,8.376,241.81511999999998
002353.SZ,20240208,28.35,8.376,237.4596
002353.SZ,20240219,28.55,8.376,239.13479999999998
002353.SZ,20240220,28.56,8.376,239.21855999999997
002353.SZ,20240221,29.1,8.376,243.7416
002353.SZ,20240222,30.3,8.376,253.7928
002353.SZ,20240223,28.71,8.376,240.47495999999998
002353.SZ,20240226,28.71,8.376,240.47495999999998
002353.SZ,20240227,29.25,8.376,244.998
002353.SZ,20240228,28.98,8.376,242.73648
002353.SZ,20240229,30.2,8.376,252.9552
002353.SZ,20240301,29.73,8.376,249.01847999999998
002353.SZ,20240304,30.42,8.376,254.79792
002353.SZ,20240305,30.03,8.376,251.53127999999998
002353.SZ,20240306,30.48,8.376,255.30048
002353.SZ,20240307,31.02,8.376,259.82352
002353.SZ,20240308,31.06,8.376,260.15855999999997
002353.SZ,20240311,30.71,8.376,257.22695999999996
002353.SZ,20240312,30.41,8.376,254.71416
002353.SZ,20240313,30.99,8.376,259.57223999999997
002353.SZ,20240314,31.49,8.376,263.76023999999995
002353.SZ,20240315,31.93,8.376,267.44568
002353.SZ,20240318,31.15,8.376,260.9124
002353.SZ,20240319,30.33,8.376,254.04407999999998
002353.SZ,20240320,30.04,8.376,251.61503999999996
002353.SZ,20240321,29.51,8.376,247.17576
002353.SZ,20240322,29.36,8.376,245.91935999999998
002353.SZ,20240325,29.61,8.376,248.01335999999998
002353.SZ,20240326,29.61,8.376,248.01335999999998
002353.SZ,20240327,29.32,8.376,245.58432
002353.SZ,20240328,29.72,8.376,248.93471999999997
002353.SZ,20240329,30.28,8.376,253.62528
002353.SZ,20240401,31.06,8.376,260.15855999999997
002353.SZ,20240402,31.15,8.376,260.9124
002353.SZ,20240403,32.89,8.376,275.48663999999997
002353.SZ,20240408,32.0,8.376,268.032
002353.SZ,20240409,31.62,8.376,264.84911999999997
002353.SZ,20240410,31.46,8.376,263.50896
002353.SZ,20240411,32.16,8.376,269.37215999999995
002353.SZ,20240412,32.41,8.376,271.46615999999995
002353.SZ,20240415,33.2,8.376,278.08320000000003
002353.SZ,20240416,32.45,8.376,271.8012
002353.SZ,20240417,33.19,8.376,277.99943999999994
002353.SZ,20240418,32.95,8.376,275.9892
002353.SZ,20240419,34.22,8.376,286.62672
002353.SZ,20240422,33.15,8.376,277.66439999999994
002353.SZ,20240423,32.82,8.376,274.90031999999997
002353.SZ,20240424,32.48,8.376,272.05247999999995
002353.SZ,20240425,31.92,8.376,267.36192
002353.SZ,20240426,31.45,8.376,263.42519999999996
002353.SZ,20240429,31.47,8.376,263.59272
002353.SZ,20240430,31.94,8.376,267.52943999999997
002353.SZ,20240506,31.76,8.376,266.02176
002353.SZ,20240507,31.69,8.376,265.43543999999997
002353.SZ,20240508,31.74,8.376,265.85423999999995
002353.SZ,20240509,32.93,8.376,275.82167999999996
002353.SZ,20240510,33.38,8.376,279.59088
002353.SZ,20240513,32.98,8.376,276.24047999999993
002353.SZ,20240514,33.3,8.376,278.9208
002353.SZ,20240515,33.72,8.376,282.43872
002353.SZ,20240516,33.05,8.376,276.82679999999993
002353.SZ,20240517,32.85,8.376,275.1516
002353.SZ,20240520,34.05,8.376,285.20279999999997
002353.SZ,20240521,33.0,8.376,276.40799999999996
002353.SZ,20240522,32.89,8.376,275.48663999999997
002353.SZ,20240523,34.18,8.376,286.29168
002353.SZ,20240524,33.61,8.376,281.51736
002353.SZ,20240527,34.34,8.376,287.63184
002353.SZ,20240528,34.17,8.376,286.20792
002353.SZ,20240529,35.05,8.376,293.57879999999994
002353.SZ,20240530,34.98,8.376,292.99247999999994
002353.SZ,20240531,34.93,8.376,292.57367999999997
002353.SZ,20240603,34.37,8.376,287.88311999999996
002353.SZ,20240604,35.12,8.376,294.16511999999994
002353.SZ,20240605,34.33,8.376,287.54807999999997
002353.SZ,20240606,34.56,8.376,289.47456
002353.SZ,20240607,34.0,8.376,284.784
002353.SZ,20240611,33.98,8.376,284.61647999999997
002353.SZ,20240612,36.13,8.376,302.62488
002353.SZ,20240613,35.98,8.376,301.36848
002353.SZ,20240614,35.91,8.376,300.78216
002353.SZ,20240617,36.31,8.376,304.13256
002353.SZ,20240618,36.1,8.376,302.3736
002353.SZ,20240619,35.5,8.4913,301.44115000000005
002353.SZ,20240620,36.16,8.4913,307.045408
002353.SZ,20240621,36.85,8.4913,312.90440500000005
002353.SZ,20240624,37.05,8.4913,314.602665
002353.SZ,20240625,36.6,8.4915,310.7889
002353.SZ,20240626,36.65,8.491,311.19514999999996
002353.SZ,20240627,35.01,8.491,297.26991
002353.SZ,20240628,35.08,8.491,297.86427999999995
002353.SZ,20240701,35.93,8.491,305.08162999999996
002353.SZ,20240702,34.17,8.491,290.13747
002353.SZ,20240703,33.1,8.491,281.0521
002353.SZ,20240704,33.64,8.491,285.63724
002353.SZ,20240705,34.18,8.491,290.22238
002353.SZ,20240708,33.32,8.491,282.92012
002353.SZ,20240709,32.8,8.491,278.5048
002353.SZ,20240710,33.0,8.491,280.203
002353.SZ,20240711,33.59,8.491,285.21269
002353.SZ,20240712,33.77,8.491,286.74107000000004
002353.SZ,20240715,34.12,8.491,289.71291999999994
002353.SZ,20240716,33.0,8.491,280.203
002353.SZ,20240717,32.03,8.491,271.96673
002353.SZ,20240718,32.31,8.491,274.34421000000003
002353.SZ,20240719,32.97,8.491,279.94827
002353.SZ,20240722,31.72,8.491,269.33452
002353.SZ,20240723,30.98,8.491,263.05118
002353.SZ,20240724,30.09,8.491,255.49418999999997
002353.SZ,20240725,30.48,8.491,258.80568
002353.SZ,20240726,30.74,8.491,261.01333999999997
002353.SZ,20240729,30.54,8.491,259.31514
002353.SZ,20240730,29.8,8.491,253.0318
002353.SZ,20240731,31.49,8.491,267.38158999999996
002353.SZ,20240801,31.16,8.491,264.57956
002353.SZ,20240802,30.41,8.491,258.21130999999997
002353.SZ,20240805,29.43,8.491,249.89013
002353.SZ,20240806,29.47,8.491,250.22976999999997
002353.SZ,20240807,29.46,8.491,250.14486
002353.SZ,20240808,30.83,8.491,261.77752999999996
002353.SZ,20240809,30.36,8.491,257.78675999999996
002353.SZ,20240812,31.27,8.491,265.51356999999996
002353.SZ,20240813,31.35,8.491,266.19285
002353.SZ,20240814,30.42,8.491,258.29622
002353.SZ,20240815,30.24,8.491,256.76784
002353.SZ,20240816,29.76,8.491,252.69216
002353.SZ,20240819,30.18,8.491,256.25838
002353.SZ,20240820,29.33,8.491,249.04102999999998
002353.SZ,20240821,29.31,8.491,248.87121
002353.SZ,20240822,28.61,8.491,242.92750999999998
002353.SZ,20240823,28.62,8.491,243.01242
002353.SZ,20240826,28.0,8.491,237.748
002353.SZ,20240827,27.85,8.491,236.47435000000002
002353.SZ,20240828,27.63,8.491,234.60632999999999
002353.SZ,20240829,27.54,8.491,233.84213999999997
002353.SZ,20240830,29.38,8.491,249.46558
002353.SZ,20240902,28.6,8.491,242.8426
002353.SZ,20240903,28.6,8.491,242.8426
002353.SZ,20240904,27.89,8.491,236.81399
002353.SZ,20240905,27.74,8.491,235.54034
002353.SZ,20240906,27.12,8.491,230.27591999999999
002353.SZ,20240909,26.48,8.491,224.84168
002353.SZ,20240910,26.7,8.491,226.7097
002353.SZ,20240911,26.71,8.491,226.79461
002353.SZ,20240912,27.17,8.491,230.70047
002353.SZ,20240913,25.5,8.491,216.5205
002353.SZ,20240918,27.07,8.491,229.85137
002353.SZ,20240919,27.32,8.491,231.97412
002353.SZ,20240920,28.34,8.491,240.63494
002353.SZ,20240923,28.65,8.491,243.26715
002353.SZ,20240924,29.6,8.491,251.3336
002353.SZ,20240925,28.68,8.491,243.52187999999998
002353.SZ,20240926,28.84,8.491,244.88044
002353.SZ,20240927,30.1,8.491,255.5791
002353.SZ,20240930,32.9,8.491,279.35389999999995
002353.SZ,20241008,35.95,8.491,305.25145000000003
002353.SZ,20241009,33.62,8.491,285.46741999999995
002353.SZ,20241010,34.47,8.491,292.68476999999996
002353.SZ,20241011,34.39,8.491,292.00549
002353.SZ,20241014,33.18,8.491,281.73138
002353.SZ,20241015,32.1,8.491,272.5611
002353.SZ,20241016,30.71,8.491,260.75861
002353.SZ,20241017,30.54,8.491,259.31514
002353.SZ,20241018,31.1,8.5245,265.11195
002353.SZ,20241021,31.21,8.5245,266.049645
002353.SZ,20241022,32.01,8.5245,272.869245
002353.SZ,20241023,32.02,8.5245,272.95449
002353.SZ,20241024,32.1,8.5245,273.63645
002353.SZ,20241025,33.68,8.5245,287.10516
002353.SZ,20241028,34.81,8.5245,296.737845
002353.SZ,20241029,34.81,8.5245,296.737845
002353.SZ,20241030,33.73,8.5245,287.53138499999994
002353.SZ,20241031,33.55,8.5245,285.99697499999996
002353.SZ,20241101,35.01,8.5245,298.442745
002353.SZ,20241104,36.06,8.5245,307.39347000000004
002353.SZ,20241105,36.41,8.5245,310.37704499999995
002353.SZ,20241106,38.75,8.5245,330.324375
002353.SZ,20241107,38.8,8.5245,330.75059999999996
002353.SZ,20241108,38.64,8.5245,329.38668
002353.SZ,20241111,37.36,8.5245,318.47532
002353.SZ,20241112,37.58,8.5245,320.35071
002353.SZ,20241113,37.24,8.5245,317.45238
002353.SZ,20241114,36.66,8.5245,312.50816999999995
002353.SZ,20241115,36.18,8.5245,308.41641
002353.SZ,20241118,36.02,8.5245,307.05249000000003
002353.SZ,20241119,36.47,8.5245,310.888515
002353.SZ,20241120,38.02,8.5245,324.10149
002353.SZ,20241121,37.42,8.5245,318.98679
002353.SZ,20241122,36.3,8.5245,309.43935
002353.SZ,20241125,36.32,8.5245,309.60984
002353.SZ,20241126,36.06,8.5245,307.39347000000004
002353.SZ,20241127,36.62,8.5245,312.16718999999995
002353.SZ,20241128,35.51,8.5245,302.704995
002353.SZ,20241129,35.22,8.5245,300.23289
002353.SZ,20241202,35.34,8.5245,301.25583
002353.SZ,20241203,34.87,8.5245,297.24931499999997
002353.SZ,20241204,35.43,8.5245,302.023035
002353.SZ,20241205,34.34,8.5245,292.73133
002353.SZ,20241206,35.63,8.5245,303.727935
002353.SZ,20241209,35.29,8.5245,300.82960499999996
002353.SZ,20241210,35.35,8.5245,301.341075
002353.SZ,20241211,35.16,8.5245,299.72141999999997
002353.SZ,20241212,35.13,8.5245,299.465685
002353.SZ,20241213,34.79,8.5245,296.56735499999996
002353.SZ,20241216,33.98,8.5245,289.66250999999994
002353.SZ,20241217,33.76,8.5245,287.78711999999996
002353.SZ,20241218,33.98,8.5245,289.66250999999994
002353.SZ,20241219,33.46,8.5245,285.22977
002353.SZ,20241220,33.08,8.5245,281.99046
002353.SZ,20241223,33.21,8.5245,283.098645
002353.SZ,20241224,34.61,8.5245,295.032945
002353.SZ,20241225,34.67,8.5245,295.544415
002353.SZ,20241226,35.0,8.5245,298.3575
002353.SZ,20241227,35.9,8.5245,306.02955
002353.SZ,20241230,37.0,8.5245,315.4065
002353.SZ,20241231,36.99,8.5245,315.321255
002353.SZ,20250102,35.85,8.5245,305.603325
002353.SZ,20250103,36.42,8.5245,310.46229
002353.SZ,20250106,35.75,8.5245,304.750875
002353.SZ,20250107,37.43,8.5245,319.07203499999997
002353.SZ,20250108,37.08,8.5245,316.08846
002353.SZ,20250109,37.28,8.5245,317.79336
002353.SZ,20250110,36.85,8.5245,314.12782500000003
002353.SZ,20250113,37.0,8.5245,315.4065
002353.SZ,20250114,38.02,8.5245,324.10149
002353.SZ,20250115,37.42,8.5245,318.98679
002353.SZ,20250116,37.23,8.5245,317.36713499999996
002353.SZ,20250117,38.02,8.5245,324.10149
002353.SZ,20250120,38.93,8.5245,331.858785
002353.SZ,20250121,40.19,8.5245,342.599655
002353.SZ,20250122,40.55,8.5245,345.66847499999994
002353.SZ,20250123,38.75,8.5245,330.324375
002353.SZ,20250124,39.68,8.5245,338.25216
002353.SZ,20250127,41.65,8.5245,355.04542499999997
002353.SZ,20250205,38.92,8.5245,331.77354
002353.SZ,20250206,38.78,8.5245,330.58011
002353.SZ,20250207,38.4,8.5245,327.3408
002353.SZ,20250210,37.65,8.5245,320.94742499999995
002353.SZ,20250211,37.66,8.5245,321.03266999999994
002353.SZ,20250212,37.73,8.5245,321.62938499999996
002353.SZ,20250213,37.83,8.5245,322.481835
002353.SZ,20250214,37.22,8.5245,317.28189
002353.SZ,20250217,35.97,8.5245,306.626265
002353.SZ,20250218,34.82,8.5245,296.82309
002353.SZ,20250219,34.95,8.5245,297.931275
002353.SZ,20250220,35.23,8.5245,300.318135
002353.SZ,20250221,37.22,8.5245,317.28189
002353.SZ,20250224,35.62,8.5245,303.64268999999996
002353.SZ,20250225,34.2,8.5245,291.53790000000004
002353.SZ,20250226,34.45,8.5245,293.66902500000003
002353.SZ,20250227,35.44,8.5245,302.10828
002353.SZ,20250228,35.0,8.5245,298.3575
002353.SZ,20250303,35.08,8.5245,299.03945999999996
002353.SZ,20250304,34.48,8.5245,293.92476
002353.SZ,20250305,35.26,8.5245,300.57387
002353.SZ,20250306,34.53,8.5245,294.350985
002353.SZ,20250307,34.18,8.5245,291.36741
002353.SZ,20250310,35.4,8.5245,301.7673
002353.SZ,20250311,36.2,8.5245,308.5869
002353.SZ,20250312,35.6,8.5245,303.4722
002353.SZ,20250313,35.52,8.5245,302.79024000000004
002353.SZ,20250314,36.62,8.5245,312.16718999999995
002353.SZ,20250317,36.85,8.5245,314.12782500000003
002353.SZ,20250318,36.17,8.5245,308.331165
002353.SZ,20250319,35.91,8.5245,306.11479499999996
002353.SZ,20250320,35.75,8.5245,304.750875
002353.SZ,20250321,36.86,8.5245,314.21306999999996
002353.SZ,20250324,37.48,8.5245,319.49825999999996
002353.SZ,20250325,37.32,8.5245,318.13434
002353.SZ,20250326,36.9,8.5245,314.55404999999996
002353.SZ,20250327,37.12,8.5245,316.42943999999994
002353.SZ,20250328,36.27,8.5245,309.18361500000003
002353.SZ,20250331,36.26,8.5245,309.09837
002353.SZ,20250401,36.77,8.5245,313.445865
002353.SZ,20250402,36.74,8.5245,313.19013
002353.SZ,20250403,34.97,8.5245,298.101765
002353.SZ,20250407,31.47,8.5245,268.266015
002353.SZ,20250408,28.33,8.5245,241.49908499999998
002353.SZ,20250409,28.76,8.5245,245.16462
002353.SZ,20250410,31.64,8.5245,269.71518
002353.SZ,20250411,31.01,8.5245,264.344745
002353.SZ,20250414,30.27,8.5245,258.036615
002353.SZ,20250415,29.87,8.5245,254.626815
002353.SZ,20250416,28.85,8.5245,245.931825
002353.SZ,20250417,29.38,8.5245,250.44980999999999
002353.SZ,20250418,29.67,8.5245,252.921915
002353.SZ,20250421,29.89,8.5245,254.797305
002353.SZ,20250422,30.0,8.5245,255.73499999999999
002353.SZ,20250423,32.29,8.5245,275.256105
002353.SZ,20250424,32.0,8.5245,272.784
002353.SZ,20250425,32.25,8.5245,274.915125
002353.SZ,20250428,31.33,8.5245,267.072585
002353.SZ,20250429,31.1,8.5245,265.11195
002353.SZ,20250430,31.4,8.5245,267.66929999999996
002353.SZ,20250506,31.38,8.5245,267.49881
002353.SZ,20250507,32.01,8.5245,272.869245
002353.SZ,20250508,32.0,8.5245,272.784
002353.SZ,20250509,32.44,8.5245,276.53477999999996
002353.SZ,20250512,34.15,8.5245,291.111675
002353.SZ,20250513,34.05,8.5245,290.25922499999996
002353.SZ,20250514,34.19,8.5245,291.452655
002353.SZ,20250515,33.3,8.5245,283.86584999999997
002353.SZ,20250516,33.36,8.5245,284.37732
002353.SZ,20250519,33.64,8.5245,286.76418
002353.SZ,20250520,34.56,8.5245,294.60672
002353.SZ,20250521,34.7,8.5245,295.80015000000003
002353.SZ,20250522,34.26,8.5245,292.04936999999995
002353.SZ,20250523,33.7,8.6997,293.17989
002353.SZ,20250526,34.31,8.6997,298.486707
002353.SZ,20250527,33.7,8.6997,293.17989
002353.SZ,20250528,34.72,8.6997,302.053584
002353.SZ,20250529,34.76,8.6997,302.401572
002353.SZ,20250530,34.52,8.6997,300.313644
002353.SZ,20250603,34.82,8.6997,302.923554
002353.SZ,20250604,34.95,8.6997,304.05451500000004
002353.SZ,20250605,35.56,8.6997,309.361332
002353.SZ,20250606,34.96,8.6997,304.14151200000003
002353.SZ,20250609,34.58,8.6997,300.835626
002353.SZ,20250610,34.34,8.6997,298.747698
002353.SZ,20250611,34.67,8.6997,301.618599
002353.SZ,20250612,35.26,8.6997,306.751422
002353.SZ,20250613,35.91,8.6997,312.40622699999994
002353.SZ,20250616,36.41,8.6997,316.75607699999995
002353.SZ,20250617,35.9,8.6997,312.31923
002353.SZ,20250618,36.21,8.6997,315.016137
002353.SZ,20250619,35.84,8.6997,311.797248
002353.SZ,20250620,35.78,8.6997,311.275266
002353.SZ,20250623,35.35,8.6997,307.534395
002353.SZ,20250624,34.42,8.6997,299.443674
002353.SZ,20250625,34.43,8.6997,299.530671
002353.SZ,20250626,34.39,8.6997,299.182683
002353.SZ,20250627,34.99,8.6997,304.402503
002353.SZ,20250630,35.0,8.6997,304.4895
002353.SZ,20250701,34.83,8.6997,303.01055099999996
002353.SZ,20250702,35.06,8.6997,305.011482
002353.SZ,20250703,34.25,8.6997,297.964725
002353.SZ,20250704,34.52,8.6997,300.313644
002353.SZ,20250707,34.0,8.6997,295.7898
002353.SZ,20250708,34.11,8.6997,296.746767
002353.SZ,20250709,33.95,8.6997,295.35481500000003
002353.SZ,20250710,35.09,8.6997,305.27247300000005
002353.SZ,20250711,35.24,8.6997,306.577428
002353.SZ,20250714,36.42,8.6997,316.843074
002353.SZ,20250715,36.89,8.6997,320.931933
002353.SZ,20250716,37.52,8.6997,326.41274400000003
002353.SZ,20250717,38.85,8.6997,337.983345
002353.SZ,20250718,38.88,8.6997,338.24433600000003
002353.SZ,20250721,38.32,8.6997,333.372504
002353.SZ,20250722,39.25,8.6997,341.463225
002353.SZ,20250723,39.24,8.6997,341.376228
002353.SZ,20250724,40.04,8.6997,348.335988
002353.SZ,20250725,39.73,8.6997,345.639081
002353.SZ,20250728,39.93,8.6997,347.379021
002353.SZ,20250729,39.34,8.6997,342.24619800000005
002353.SZ,20250730,39.6,8.6997,344.50812
002353.SZ,20250731,38.93,8.6997,338.679321
002353.SZ,20250801,38.68,8.6997,336.504396
002353.SZ,20250804,39.28,8.6997,341.724216
002353.SZ,20250805,40.25,8.6997,350.162925
002353.SZ,20250806,40.27,8.6997,350.336919
002353.SZ,20250807,44.3,8.6997,385.39671
002353.SZ,20250808,45.37,8.6997,394.70538899999997
002353.SZ,20250811,45.82,8.6997,398.620254
002353.SZ,20250812,46.99,8.6997,408.798903
002353.SZ,20250813,46.67,8.6997,406.014999
002353.SZ,20250814,45.93,8.6997,399.577221
002353.SZ,20250815,46.81,8.6997,407.232957
002353.SZ,20250818,45.95,8.6997,399.751215
002353.SZ,20250819,45.55,8.6997,396.27133499999997
002353.SZ,20250820,45.87,8.6997,399.055239
002353.SZ,20250821,46.18,8.6997,401.752146
002353.SZ,20250822,46.56,8.6997,405.058032
002353.SZ,20250825,47.9,8.6997,416.71563
002353.SZ,20250826,49.21,8.6997,428.112237
002353.SZ,20250827,47.19,8.6997,410.538843
002353.SZ,20250828,46.88,8.6997,407.84193600000003
002353.SZ,20250829,47.44,8.6997,412.71376799999996
002353.SZ,20250901,47.2,8.6997,410.62584000000004
002353.SZ,20250902,47.11,8.6997,409.842867
002353.SZ,20250903,47.2,8.6997,410.62584000000004
002353.SZ,20250904,45.4,8.6997,394.96638
002353.SZ,20250905,47.41,8.6997,412.45277699999997
002353.SZ,20250908,48.38,8.6997,420.89148600000004
002353.SZ,20250909,47.6,8.6997,414.10572
002353.SZ,20250910,47.07,8.6997,409.494879
002353.SZ,20250911,47.98,8.6997,417.41160599999995
002353.SZ,20250912,48.16,8.6997,418.97755199999995
002353.SZ,20250915,49.86,8.6997,433.767042
002353.SZ,20250916,48.96,8.6997,425.937312
002353.SZ,20250917,49.24,8.6997,428.37322800000004
002353.SZ,20250918,48.35,8.6997,420.630495
002353.SZ,20250919,52.0,8.6997,452.3844
002353.SZ,20250922,50.03,8.6997,435.245991
002353.SZ,20250923,50.91,8.6997,442.901727
002353.SZ,20250924,53.87,8.7254,470.037298
002353.SZ,20250925,54.0,8.7254,471.1716
002353.SZ,20250926,56.51,8.7254,493.072354
002353.SZ,20250929,57.45,8.7254,501.27423000000005
002353.SZ,20250930,55.7,8.7254,486.00478000000004
002353.SZ,20251009,55.9,8.7254,487.74986
002353.SZ,20251010,54.34,8.7254,474.13823600000006
002353.SZ,20251013,53.09,8.7254,463.2314860000001
002353.SZ,20251014,52.6,8.7254,458.95604000000003
002353.SZ,20251015,52.87,8.7254,461.311898
002353.SZ,20251016,53.33,8.7254,465.325582
002353.SZ,20251017,49.77,8.7254,434.26315800000003
002353.SZ,20251020,51.08,8.7254,445.69343200000003
002353.SZ,20251021,52.68,8.7254,459.65407200000004
002353.SZ,20251022,51.98,8.7254,453.546292
002353.SZ,20251023,51.78,8.7254,451.801212
002353.SZ,20251024,50.46,8.7254,440.28368400000005
002353.SZ,20251027,50.73,8.7254,442.639542
002353.SZ,20251028,49.96,8.7254,435.92098400000003
002353.SZ,20251029,50.35,8.7254,439.32389000000006
002353.SZ,20251030,51.68,8.7254,450.928672
002353.SZ,20251031,50.0,8.7254,436.27000000000004
002353.SZ,20251103,50.64,8.7254,441.854256
002353.SZ,20251104,53.23,8.7254,464.453042
002353.SZ,20251105,53.45,8.7254,466.3726300000001
002353.SZ,20251106,55.4,8.7254,483.38716
002353.SZ,20251107,55.35,8.7254,482.95089
002353.SZ,20251110,51.22,8.7254,446.914988
002353.SZ,20251111,50.41,8.7254,439.847414
002353.SZ,20251112,49.83,8.7254,434.786682
002353.SZ,20251113,49.72,8.7254,433.826888
002353.SZ,20251114,53.8,8.7254,469.42652
002353.SZ,20251117,52.52,8.7254,458.2580080000001
002353.SZ,20251118,53.3,8.7254,465.06382
002353.SZ,20251119,54.0,8.7254,471.1716
002353.SZ,20251120,52.17,8.7254,455.20411800000005
002353.SZ,20251121,50.89,8.7254,444.03560600000003
002353.SZ,20251124,51.02,8.7254,445.1699080000001
002353.SZ,20251125,52.21,8.7254,455.55313400000006
002353.SZ,20251126,51.43,8.7254,448.747322
002353.SZ,20251127,51.3,8.7254,447.61302
002353.SZ,20251128,56.43,8.7254,492.374322
002353.SZ,20251201,62.07,8.7254,541.585578
002353.SZ,20251202,59.92,8.7254,522.825968
002353.SZ,20251203,65.91,8.7254,575.091114
002353.SZ,20251204,66.69,8.7254,581.896926
002353.SZ,20251205,71.33,8.7254,622.382782
002353.SZ,20251208,70.7,8.7254,616.8857800000001
002353.SZ,20251209,70.9,8.7254,618.6308600000001
002353.SZ,20251210,72.71,8.7254,634.4238339999999
002353.SZ,20251211,72.47,8.7254,632.329738
002353.SZ,20251212,75.87,8.7254,661.9960980000001
002353.SZ,20251215,75.3,8.7254,657.02262
002353.SZ,20251216,70.99,8.7254,619.416146
002353.SZ,20251217,71.8,8.7254,626.4837200000001
002353.SZ,20251218,69.85,8.7254,609.46919
002353.SZ,20251219,67.97,8.7254,593.065438
002353.SZ,20251222,69.99,8.7254,610.690746
002353.SZ,20251223,70.91,8.7254,618.718114
002353.SZ,20251224,71.03,8.7254,619.765162
002353.SZ,20251225,70.79,8.7254,617.6710660000001
002353.SZ,20251226,75.13,8.7254,655.539302
002353.SZ,20251229,74.56,8.7254,650.565824
002353.SZ,20251230,72.97,8.7254,636.692438
002353.SZ,20251231,70.83,8.7254,618.020082
002353.SZ,20260105,71.78,8.7254,626.309212
002353.SZ,20260106,73.27,8.7254,639.310058
002353.SZ,20260107,74.04,8.7254,646.028616
002353.SZ,20260108,73.21,8.7254,638.786534
002353.SZ,20260109,76.4,8.7254,666.6205600000001
002353.SZ,20260112,74.56,8.7254,650.565824
002353.SZ,20260113,76.49,8.7254,667.405846
002353.SZ,20260114,84.14,8.7254,734.155156
002353.SZ,20260115,80.9,8.7254,705.8848600000001
002353.SZ,20260116,84.0,8.7254,732.9336000000001
002353.SZ,20260119,87.07,8.7254,759.7205779999999
002353.SZ,20260120,84.98,8.7254,741.484492
002353.SZ,20260121,89.36,8.7254,779.7017440000001
002353.SZ,20260122,88.76,8.7254,774.4665040000001
002353.SZ,20260123,86.17,8.7254,751.8677180000001
002353.SZ,20260126,87.94,8.7254,767.311676
002353.SZ,20260127,86.08,8.7254,751.082432
002353.SZ,20260128,92.67,8.7254,808.5828180000001
002353.SZ,20260129,90.62,8.7254,790.6957480000001
002353.SZ,20260130,88.25,8.7254,770.01655
002353.SZ,20260202,88.63,8.7254,773.332202
002353.SZ,20260203,94.2,8.7254,821.9326800000001
002353.SZ,20260204,93.28,8.7254,813.9053120000001
002353.SZ,20260205,87.0,8.7254,759.1098000000001
002353.SZ,20260206,85.44,8.7254,745.4981760000001
002353.SZ,20260209,92.19,8.7254,804.394626
002353.SZ,20260210,95.8,8.7254,835.89332
002353.SZ,20260211,96.3,8.7254,840.25602
002353.SZ,20260212,103.98,8.7254,907.267092
002353.SZ,20260213,98.41,8.7254,858.666614
002353.SZ,20260224,103.7,8.7254,904.8239800000001
002353.SZ,20260225,104.7,8.7254,913.54938
002353.SZ,20260226,110.3,8.7254,962.4116200000001
002353.SZ,20260227,117.27,8.7254,1023.227658
002353.SZ,20260302,124.99,8.7254,1090.587746
002353.SZ,20260303,122.97,8.7254,1072.962438
002353.SZ,20260304,115.61,8.7254,1008.743494
002353.SZ,20260305,123.41,8.7254,1076.801614
002353.SZ,20260306,122.5,8.7254,1068.8615
002353.SZ,20260309,118.5,8.7254,1033.9599
002353.SZ,20260310,119.8,8.7254,1045.30292
002353.SZ,20260311,112.01,8.7254,977.3320540000001
002353.SZ,20260312,108.47,8.7254,946.4441380000001
002353.SZ,20260313,105.23,8.7254,918.173842
002353.SZ,20260316,101.44,8.7254,885.1045760000001
002353.SZ,20260317,100.7,8.7254,878.6477800000001
002353.SZ,20260318,102.8,8.7254,896.97112
002353.SZ,20260319,97.99,8.7254,855.001946
002353.SZ,20260320,96.16,8.7254,839.0344640000001
002353.SZ,20260323,93.8,8.7254,818.4425200000001
002353.SZ,20260324,99.0,8.7254,863.8146
002353.SZ,20260325,100.31,8.7254,875.2448740000001
002353.SZ,20260326,98.26,8.7254,857.3578040000001
002353.SZ,20260327,98.2,8.7254,856.83428
002353.SZ,20260330,93.79,8.7254,818.3552660000001
002353.SZ,20260331,96.8,8.7254,844.61872
002353.SZ,20260401,100.41,8.7254,876.117414
002353.SZ,20260402,108.0,8.7254,942.3432
002353.SZ,20260403,107.37,8.7254,936.8461980000001
002353.SZ,20260407,101.66,8.7254,887.024164
002353.SZ,20260408,111.83,8.7254,975.761482
002353.SZ,20260409,112.49,8.7254,981.520246
002353.SZ,20260410,117.46,8.7254,1024.885484
002353.SZ,20260413,111.73,8.7254,974.888942
002353.SZ,20260414,110.75,8.7254,966.3380500000001
002353.SZ,20260415,109.48,8.7254,955.2567920000001
002353.SZ,20260416,116.3,8.7254,1014.7640200000001
002353.SZ,20260417,121.18,8.7254,1057.3439720000001
002353.SZ,20260420,118.02,8.7254,1029.771708
002353.SZ,20260421,117.15,8.7254,1022.1806100000001
002353.SZ,20260422,122.16,8.7254,1065.894864
002353.SZ,20260423,130.39,8.7254,1137.704906
002353.SZ,20260424,131.0,8.7254,1143.0274000000002
002353.SZ,20260427,129.3,8.7254,1128.19422
002353.SZ,20260428,125.03,8.7254,1090.936762
002353.SZ,20260429,127.25,8.7254,1110.30715
002353.SZ,20260430,137.0,8.7254,1195.3798000000002
002353.SZ,20260506,150.04,8.7254,1309.159016
002353.SZ,20260507,150.8,8.7254,1315.79032
002353.SZ,20260508,146.38,8.7254,1277.224052
002353.SZ,20260511,144.72,8.7254,1262.739888
002353.SZ,20260512,143.8,8.7254,1254.7125200000003
002353.SZ,20260513,148.95,8.7254,1299.64833
002353.SZ,20260514,138.67,8.7254,1209.951218
002353.SZ,20260515,137.86,8.7254,1202.8836440000002
002353.SZ,20260518,139.15,8.7254,1214.1394100000002
002353.SZ,20260519,138.81,8.7254,1211.1727740000001
002353.SZ,20260520,136.03,8.7254,1186.916162
002353.SZ,20260521,132.98,8.7254,1160.303692
002353.SZ,20260522,133.25,8.7254,1162.65955
002353.SZ,20260525,137.35,8.7254,1198.43369
002353.SZ,20260526,134.05,8.7254,1169.6398700000002
002353.SZ,20260527,141.46,8.7254,1234.295084
002353.SZ,20260528,148.08,8.7254,1292.057232
002353.SZ,20260529,140.4,8.7254,1225.04616
002353.SZ,20260601,147.0,8.7254,1282.6338
002353.SZ,20260602,148.09,8.7254,1292.1444860000001
002353.SZ,20260603,143.04,8.7254,1248.081216
002353.SZ,20260604,157.34,8.7254,1372.854436
002353.SZ,20260605,151.38,8.7254,1320.851052
