ts_code,trade_date,close,adj_factor,adj_close
300474.SZ,20160331,19.64,1.0,19.64
300474.SZ,20160401,21.6,1.0,21.6
300474.SZ,20160405,23.76,1.0,23.76
300474.SZ,20160406,26.14,1.0,26.14
300474.SZ,20160407,28.75,1.0,28.75
300474.SZ,20160408,31.63,1.0,31.63
300474.SZ,20160411,34.79,1.0,34.79
300474.SZ,20160412,38.27,1.0,38.27
300474.SZ,20160413,42.1,1.0,42.1
300474.SZ,20160414,46.31,1.0,46.31
300474.SZ,20160415,50.94,1.0,50.94
300474.SZ,20160418,56.03,1.0,56.03
300474.SZ,20160419,61.63,1.0,61.63
300474.SZ,20160420,67.79,1.0,67.79
300474.SZ,20160421,74.57,1.0,74.57
300474.SZ,20160422,82.03,1.0,82.03
300474.SZ,20160425,90.23,1.0,90.23
300474.SZ,20160426,99.25,1.0,99.25
300474.SZ,20160427,109.18,1.0,109.18
300474.SZ,20160428,120.1,1.0,120.1
300474.SZ,20160429,123.75,1.0,123.75
300474.SZ,20160503,114.6,1.0,114.6
300474.SZ,20160504,115.3,1.0,115.3
300474.SZ,20160505,117.96,1.0,117.96
300474.SZ,20160506,111.78,1.0,111.78
300474.SZ,20160509,102.43,1.0,102.43
300474.SZ,20160510,102.99,1.0,102.99
300474.SZ,20160511,98.58,1.0,98.58
300474.SZ,20160512,99.55,1.0,99.55
300474.SZ,20160513,101.53,1.0,101.53
300474.SZ,20160516,103.91,1.0,103.91
300474.SZ,20160517,102.71,1.0,102.71
300474.SZ,20160518,94.98,1.0,94.98
300474.SZ,20160519,96.69,1.0,96.69
300474.SZ,20160520,104.25,1.0,104.25
300474.SZ,20160523,114.68,1.0,114.68
300474.SZ,20160524,117.37,1.0,117.37
300474.SZ,20160525,115.1,1.0,115.1
300474.SZ,20160526,122.69,1.0,122.69
300474.SZ,20160527,118.0,1.0,118.0
300474.SZ,20160530,128.99,1.0,128.99
300474.SZ,20160531,130.02,1.0,130.02
300474.SZ,20160601,134.49,1.0,134.49
300474.SZ,20160602,135.7,1.0,135.7
300474.SZ,20160603,133.7,1.0,133.7
300474.SZ,20160606,131.47,1.0,131.47
300474.SZ,20160607,141.41,1.0,141.41
300474.SZ,20160608,136.0,1.0,136.0
300474.SZ,20160613,129.19,1.0,129.19
300474.SZ,20160614,128.7,1.0,128.7
300474.SZ,20160615,141.0,1.0,141.0
300474.SZ,20160616,143.06,1.0,143.06
300474.SZ,20160617,146.55,1.0,146.55
300474.SZ,20160620,148.3,1.0,148.3
300474.SZ,20160621,158.8,1.0,158.8
300474.SZ,20160622,152.1,1.0,152.1
300474.SZ,20160623,151.87,1.0,151.87
300474.SZ,20160624,151.9,1.0,151.9
300474.SZ,20160627,166.55,1.0,166.55
300474.SZ,20160628,164.5,1.0,164.5
300474.SZ,20160629,167.63,1.0,167.63
300474.SZ,20160630,150.87,1.0,150.87
300474.SZ,20160701,154.89,1.0,154.89
300474.SZ,20160704,157.0,1.0,157.0
300474.SZ,20160705,163.08,1.0,163.08
300474.SZ,20160706,158.92,1.0,158.92
300474.SZ,20160707,159.0,1.0,159.0
300474.SZ,20160708,157.27,1.0,157.27
300474.SZ,20160711,144.84,1.0,144.84
300474.SZ,20160712,145.1,1.0,145.1
300474.SZ,20160713,142.85,1.0,142.85
300474.SZ,20160714,142.52,1.0,142.52
300474.SZ,20160715,144.24,1.0,144.24
300474.SZ,20160718,138.92,1.0,138.92
300474.SZ,20160719,140.2,1.0,140.2
300474.SZ,20160720,146.53,1.0,146.53
300474.SZ,20160721,141.3,1.0,141.3
300474.SZ,20160722,140.68,1.0,140.68
300474.SZ,20160725,136.41,1.0,136.41
300474.SZ,20160726,138.2,1.0,138.2
300474.SZ,20160727,124.9,1.0,124.9
300474.SZ,20160728,122.44,1.0,122.44
300474.SZ,20160729,120.88,1.0,120.88
300474.SZ,20160801,114.82,1.0,114.82
300474.SZ,20160802,117.16,1.0,117.16
300474.SZ,20160803,122.95,1.0,122.95
300474.SZ,20160804,122.11,1.0,122.11
300474.SZ,20160805,119.7,1.0,119.7
300474.SZ,20160808,121.22,1.0,121.22
300474.SZ,20160809,126.42,1.0,126.42
300474.SZ,20160810,126.0,1.0,126.0
300474.SZ,20160811,123.69,1.0,123.69
300474.SZ,20160812,123.87,1.0,123.87
300474.SZ,20160815,130.79,1.0,130.79
300474.SZ,20160816,132.95,1.0,132.95
300474.SZ,20160817,139.4,1.0,139.4
300474.SZ,20160818,138.36,1.0,138.36
300474.SZ,20160819,144.99,1.0,144.99
300474.SZ,20160822,133.01,1.0,133.01
300474.SZ,20160823,142.88,1.0,142.88
300474.SZ,20160824,138.02,1.0,138.02
300474.SZ,20160825,145.9,1.0,145.9
300474.SZ,20160826,144.99,1.0,144.99
300474.SZ,20160829,146.1,1.0,146.1
300474.SZ,20160830,142.12,1.0,142.12
300474.SZ,20160831,139.2,1.0,139.2
300474.SZ,20160901,136.48,1.0,136.48
300474.SZ,20160902,139.7,1.0,139.7
300474.SZ,20160905,138.0,1.0,138.0
300474.SZ,20160906,138.5,1.0,138.5
300474.SZ,20160907,136.8,1.0,136.8
300474.SZ,20160908,134.35,1.0,134.35
300474.SZ,20160909,129.85,1.0,129.85
300474.SZ,20160912,126.9,1.0,126.9
300474.SZ,20160913,127.28,1.0,127.28
300474.SZ,20160914,125.2,1.0,125.2
300474.SZ,20160919,125.58,1.0,125.58
300474.SZ,20160920,130.15,1.0,130.15
300474.SZ,20160921,126.95,1.0,126.95
300474.SZ,20160922,126.98,1.0,126.98
300474.SZ,20160923,127.5,1.0,127.5
300474.SZ,20160926,120.0,1.0,120.0
300474.SZ,20160927,58.5,2.003,117.1755
300474.SZ,20160928,60.45,2.003,121.08135000000001
300474.SZ,20160929,58.9,2.003,117.97670000000001
300474.SZ,20160930,59.48,2.003,119.13844
300474.SZ,20161010,61.16,2.003,122.50348
300474.SZ,20161011,61.12,2.003,122.42336
300474.SZ,20161012,60.17,2.003,120.52051000000002
300474.SZ,20161013,59.6,2.003,119.37880000000001
300474.SZ,20161014,60.64,2.003,121.46192
300474.SZ,20161017,61.1,2.003,122.3833
300474.SZ,20161018,62.1,2.003,124.3863
300474.SZ,20161019,64.53,2.003,129.25359
300474.SZ,20161020,65.19,2.003,130.57557
300474.SZ,20161021,63.5,2.003,127.19050000000001
300474.SZ,20161024,63.48,2.003,127.15044
300474.SZ,20161025,63.69,2.003,127.57107
300474.SZ,20161026,62.08,2.003,124.34624000000001
300474.SZ,20161027,62.2,2.003,124.58660000000002
300474.SZ,20161028,60.3,2.003,120.7809
300474.SZ,20161031,60.15,2.003,120.48045
300474.SZ,20161101,61.37,2.003,122.92411
300474.SZ,20161102,60.29,2.003,120.76087000000001
300474.SZ,20161103,60.18,2.003,120.54054000000001
300474.SZ,20161104,60.33,2.003,120.84099
300474.SZ,20161107,59.78,2.003,119.73934000000001
300474.SZ,20161108,59.72,2.003,119.61916000000001
300474.SZ,20161109,58.85,2.003,117.87655000000001
300474.SZ,20161110,60.02,2.003,120.22006000000002
300474.SZ,20161111,60.63,2.003,121.44189000000001
300474.SZ,20161114,66.69,2.003,133.58007
300474.SZ,20161115,68.89,2.003,137.98667
300474.SZ,20161116,65.5,2.003,131.19650000000001
300474.SZ,20161117,64.4,2.003,128.99320000000003
300474.SZ,20161118,64.49,2.003,129.17347
300474.SZ,20161121,64.45,2.003,129.09335000000002
300474.SZ,20161122,64.17,2.003,128.53251
300474.SZ,20161123,65.0,2.003,130.195
300474.SZ,20161124,62.46,2.003,125.10738
300474.SZ,20161125,62.05,2.003,124.28615
300474.SZ,20161128,60.8,2.003,121.7824
300474.SZ,20161129,60.39,2.003,120.96117000000001
300474.SZ,20161130,60.66,2.003,121.50198
300474.SZ,20161201,60.85,2.003,121.88255000000001
300474.SZ,20161202,58.86,2.003,117.89658
300474.SZ,20161205,59.6,2.003,119.37880000000001
300474.SZ,20161206,59.45,2.003,119.07835000000001
300474.SZ,20161207,59.51,2.003,119.19853
300474.SZ,20161208,58.7,2.003,117.57610000000001
300474.SZ,20161209,58.9,2.003,117.97670000000001
300474.SZ,20161212,53.01,2.003,106.17903
300474.SZ,20161213,52.35,2.003,104.85705000000002
300474.SZ,20161214,52.42,2.003,104.99726000000001
300474.SZ,20161215,53.8,2.003,107.7614
300474.SZ,20161216,54.02,2.003,108.20206000000002
300474.SZ,20161219,53.45,2.003,107.06035000000001
300474.SZ,20161220,52.77,2.003,105.69831
300474.SZ,20161221,53.1,2.003,106.3593
300474.SZ,20161222,52.74,2.003,105.63822
300474.SZ,20161223,51.99,2.003,104.13597000000001
300474.SZ,20161226,51.94,2.003,104.03582
300474.SZ,20161227,53.2,2.003,106.55960000000002
300474.SZ,20161228,53.56,2.003,107.28068
300474.SZ,20161229,53.25,2.003,106.65975
300474.SZ,20161230,53.87,2.003,107.90161
300474.SZ,20170103,54.77,2.003,109.70431
300474.SZ,20170104,54.48,2.003,109.12344
300474.SZ,20170105,53.89,2.003,107.94167
300474.SZ,20170106,52.47,2.003,105.09741000000001
300474.SZ,20170109,52.92,2.003,105.99876
300474.SZ,20170110,52.24,2.003,104.63672000000001
300474.SZ,20170111,51.6,2.003,103.35480000000001
300474.SZ,20170112,51.15,2.003,102.45345
300474.SZ,20170113,48.0,2.003,96.144
300474.SZ,20170116,44.55,2.003,89.23365
300474.SZ,20170117,45.67,2.003,91.47701
300474.SZ,20170118,43.19,2.003,86.50957
300474.SZ,20170119,42.76,2.003,85.64828
300474.SZ,20170120,43.7,2.003,87.53110000000001
300474.SZ,20170123,45.5,2.003,91.13650000000001
300474.SZ,20170124,44.33,2.003,88.79299
300474.SZ,20170125,44.73,2.003,89.59419
300474.SZ,20170126,45.54,2.003,91.21662
300474.SZ,20170203,45.86,2.003,91.85758
300474.SZ,20170206,46.2,2.003,92.53860000000002
300474.SZ,20170207,45.45,2.003,91.03635000000001
300474.SZ,20170208,46.06,2.003,92.25818000000001
300474.SZ,20170209,47.41,2.003,94.96223
300474.SZ,20170210,46.11,2.003,92.35833000000001
300474.SZ,20170213,46.1,2.003,92.3383
300474.SZ,20170214,45.49,2.003,91.11647
300474.SZ,20170215,45.03,2.003,90.19509000000001
300474.SZ,20170216,44.95,2.003,90.03485
300474.SZ,20170217,44.59,2.003,89.31377
300474.SZ,20170220,44.45,2.003,89.03335000000001
300474.SZ,20170221,45.23,2.003,90.59569
300474.SZ,20170222,45.31,2.003,90.75593
300474.SZ,20170223,45.16,2.003,90.45548
300474.SZ,20170224,47.42,2.003,94.98226000000001
300474.SZ,20170227,46.55,2.003,93.23965
300474.SZ,20170228,47.57,2.003,95.28271000000001
300474.SZ,20170301,47.38,2.003,94.90214000000002
300474.SZ,20170302,46.48,2.003,93.09944
300474.SZ,20170303,46.65,2.003,93.43995
300474.SZ,20170306,47.74,2.003,95.62322
300474.SZ,20170307,48.25,2.003,96.64475
300474.SZ,20170308,49.5,2.003,99.14850000000001
300474.SZ,20170309,50.25,2.003,100.65075
300474.SZ,20170310,51.67,2.003,103.49501000000001
300474.SZ,20170313,51.61,2.003,103.37483
300474.SZ,20170314,51.49,2.003,103.13447000000001
300474.SZ,20170315,51.51,2.003,103.17453
300474.SZ,20170316,52.89,2.003,105.93867
300474.SZ,20170317,50.84,2.003,101.83252000000002
300474.SZ,20170320,50.42,2.003,100.99126000000001
300474.SZ,20170321,50.6,2.003,101.35180000000001
300474.SZ,20170322,50.48,2.003,101.11144
300474.SZ,20170323,51.66,2.003,103.47498
300474.SZ,20170324,50.45,2.003,101.05135000000001
300474.SZ,20170327,50.82,2.003,101.79246
300474.SZ,20170328,50.72,2.003,101.59216
300474.SZ,20170329,48.72,2.003,97.58616
300474.SZ,20170330,43.85,2.003,87.83155000000001
300474.SZ,20170331,43.64,2.003,87.41092
300474.SZ,20170405,43.99,2.003,88.11197000000001
300474.SZ,20170406,43.68,2.003,87.49104
300474.SZ,20170407,43.99,2.003,88.11197000000001
300474.SZ,20170410,42.64,2.003,85.40792
300474.SZ,20170411,44.35,2.003,88.83305000000001
300474.SZ,20170412,43.58,2.003,87.29074
300474.SZ,20170413,43.33,2.003,86.78999
300474.SZ,20170414,43.3,2.003,86.7299
300474.SZ,20170417,40.53,2.003,81.18159
300474.SZ,20170418,39.69,2.003,79.49907
300474.SZ,20170419,39.39,2.003,78.89817000000001
300474.SZ,20170420,38.2,2.003,76.51460000000002
300474.SZ,20170421,37.04,2.003,74.19112
300474.SZ,20170424,34.56,2.003,69.22368
300474.SZ,20170425,34.96,2.003,70.02488000000001
300474.SZ,20170426,35.15,2.003,70.40545
300474.SZ,20170427,35.62,2.003,71.34685999999999
300474.SZ,20170428,35.9,2.003,71.9077
300474.SZ,20170502,35.8,2.003,71.70739999999999
300474.SZ,20170503,35.07,2.003,70.24521
300474.SZ,20170504,34.74,2.003,69.58422
300474.SZ,20170505,34.8,2.003,69.70439999999999
300474.SZ,20170508,33.37,2.003,66.84011
300474.SZ,20170509,33.49,2.003,67.08047
300474.SZ,20170510,34.15,2.003,68.40245
300474.SZ,20170511,33.76,2.003,67.62128
300474.SZ,20170512,33.06,2.003,66.21918000000001
300474.SZ,20170515,32.9,2.003,65.8987
300474.SZ,20170516,33.49,2.003,67.08047
300474.SZ,20170517,33.8,2.003,67.70139999999999
300474.SZ,20170518,33.65,2.003,67.40095
300474.SZ,20170519,32.7,2.003,65.49810000000001
300474.SZ,20170522,31.91,2.003,63.91573
300474.SZ,20170523,28.72,2.003,57.526160000000004
300474.SZ,20170524,28.5,2.003,57.0855
300474.SZ,20170525,28.14,2.003,56.36442
300474.SZ,20170526,29.01,2.003,58.10703000000001
300474.SZ,20170531,28.9,2.003,57.8867
300474.SZ,20170601,27.1,2.003,54.28130000000001
300474.SZ,20170602,29.81,2.003,59.70943
300474.SZ,20170605,30.43,2.003,60.95129
300474.SZ,20170606,31.04,2.003,62.173120000000004
300474.SZ,20170607,32.26,2.003,64.61678
300474.SZ,20170608,33.45,2.003,67.00035000000001
300474.SZ,20170609,33.5,2.003,67.10050000000001
300474.SZ,20170612,31.62,2.003,63.334860000000006
300474.SZ,20170613,33.88,2.003,67.86164000000001
300474.SZ,20170614,33.68,2.003,67.46104
300474.SZ,20170615,34.79,2.003,69.68437
300474.SZ,20170616,35.0,2.003,70.105
300474.SZ,20170619,36.33,2.003,72.76899
300474.SZ,20170620,35.82,2.003,71.74746
300474.SZ,20170621,37.51,2.003,75.13253
300474.SZ,20170622,37.17,2.003,74.45151000000001
300474.SZ,20170623,36.12,2.003,72.34836
300474.SZ,20170626,36.98,2.003,74.07094
300474.SZ,20170627,37.25,2.003,74.61175
300474.SZ,20170628,35.71,2.003,71.52713
300474.SZ,20170629,35.99,2.003,72.08797000000001
300474.SZ,20170630,35.4,2.003,70.9062
300474.SZ,20170703,37.08,2.003,74.27124
300474.SZ,20170704,36.69,2.003,73.49007
300474.SZ,20170705,37.88,2.003,75.87364000000001
300474.SZ,20170706,38.18,2.003,76.47454
300474.SZ,20170707,37.81,2.003,75.73343000000001
300474.SZ,20170710,37.09,2.003,74.29127000000001
300474.SZ,20170711,35.25,2.003,70.60575
300474.SZ,20170712,35.87,2.003,71.84761
300474.SZ,20170713,35.5,2.003,71.10650000000001
300474.SZ,20170714,35.48,2.003,71.06644
300474.SZ,20170717,31.93,2.003,63.95579
300474.SZ,20170718,31.93,2.003,63.95579
300474.SZ,20170719,31.98,2.003,64.05594
300474.SZ,20170720,32.67,2.003,65.43801
300474.SZ,20170721,32.6,2.003,65.29780000000001
300474.SZ,20170724,33.28,2.003,66.65984
300474.SZ,20170725,34.0,2.003,68.102
300474.SZ,20170726,33.89,2.003,67.88167
300474.SZ,20170727,36.9,2.003,73.9107
300474.SZ,20170728,36.01,2.003,72.12803
300474.SZ,20170731,35.55,2.003,71.20665
300474.SZ,20170801,36.07,2.003,72.24821
300474.SZ,20170802,34.34,2.003,68.78302000000001
300474.SZ,20170803,34.18,2.003,68.46254
300474.SZ,20170804,35.45,2.003,71.00635000000001
300474.SZ,20170807,34.72,2.003,69.54416
300474.SZ,20170808,34.92,2.003,69.94476
300474.SZ,20170809,34.38,2.003,68.86314000000002
300474.SZ,20170810,34.41,2.003,68.92323
300474.SZ,20170811,33.61,2.003,67.32083
300474.SZ,20170814,34.08,2.003,68.26224
300474.SZ,20170815,34.82,2.003,69.74446
300474.SZ,20170816,35.78,2.003,71.66734000000001
300474.SZ,20170817,36.72,2.003,73.55016
300474.SZ,20170818,36.1,2.003,72.3083
300474.SZ,20170821,37.35,2.003,74.81205000000001
300474.SZ,20170822,36.4,2.003,72.9092
300474.SZ,20170823,36.25,2.003,72.60875
300474.SZ,20170824,35.8,2.003,71.70739999999999
300474.SZ,20170825,36.35,2.003,72.80905000000001
300474.SZ,20170828,37.71,2.003,75.53313
300474.SZ,20170829,39.05,2.003,78.21715
300474.SZ,20170830,39.65,2.003,79.41895
300474.SZ,20170831,40.8,2.003,81.7224
300474.SZ,20170901,44.88,2.003,89.89464000000001
300474.SZ,20170904,44.57,2.003,89.27371000000001
300474.SZ,20170905,45.46,2.003,91.05638
300474.SZ,20170906,46.96,2.003,94.06088000000001
300474.SZ,20170907,46.26,2.003,92.65878000000001
300474.SZ,20170908,44.59,2.003,89.31377
300474.SZ,20170911,45.15,2.003,90.43545
300474.SZ,20170912,45.02,2.003,90.17506000000002
300474.SZ,20170913,44.0,2.003,88.132
300474.SZ,20170914,45.17,2.003,90.47551000000001
300474.SZ,20170915,45.88,2.003,91.89764000000001
300474.SZ,20170918,49.0,2.003,98.147
300474.SZ,20170919,48.14,2.003,96.42442000000001
300474.SZ,20170920,51.18,2.003,102.51354
300474.SZ,20170921,50.62,2.003,101.39186
300474.SZ,20170922,48.73,2.003,97.60619
300474.SZ,20170925,48.45,2.003,97.04535000000001
300474.SZ,20170926,47.95,2.003,96.04385
300474.SZ,20170927,50.09,2.003,100.33027000000001
300474.SZ,20170928,48.91,2.003,97.96673
300474.SZ,20170929,48.71,2.003,97.56613
300474.SZ,20171009,49.0,2.003,98.147
300474.SZ,20171010,48.76,2.003,97.66628
300474.SZ,20171011,47.8,2.003,95.7434
300474.SZ,20171023,48.81,2.003,97.76643000000001
300474.SZ,20171024,45.6,2.003,91.33680000000001
300474.SZ,20171025,45.3,2.003,90.7359
300474.SZ,20171026,46.12,2.003,92.37836
300474.SZ,20171027,45.81,2.003,91.75743000000001
300474.SZ,20171030,45.85,2.003,91.83755000000001
300474.SZ,20171031,46.78,2.003,93.70034000000001
300474.SZ,20171101,50.3,2.003,100.7509
300474.SZ,20171102,50.33,2.003,100.81099
300474.SZ,20171103,55.36,2.003,110.88608
300474.SZ,20171106,57.2,2.003,114.57160000000002
300474.SZ,20171107,59.37,2.003,118.91811
300474.SZ,20171108,59.0,2.003,118.177
300474.SZ,20171109,63.15,2.003,126.48945
300474.SZ,20171110,62.0,2.003,124.186
300474.SZ,20171113,63.96,2.003,128.11188
300474.SZ,20171114,65.49,2.003,131.17647
300474.SZ,20171115,62.95,2.003,126.08885000000001
300474.SZ,20171116,60.49,2.003,121.16147000000001
300474.SZ,20171117,57.65,2.003,115.47295
300474.SZ,20171120,61.29,2.003,122.76387000000001
300474.SZ,20171121,60.29,2.003,120.76087000000001
300474.SZ,20171122,66.32,2.003,132.83896
300474.SZ,20171123,64.08,2.003,128.35224
300474.SZ,20171124,58.62,2.003,117.41586
300474.SZ,20171127,52.76,2.003,105.67828
300474.SZ,20171128,56.1,2.003,112.3683
300474.SZ,20171129,54.7,2.003,109.56410000000001
300474.SZ,20171130,56.5,2.003,113.1695
300474.SZ,20171201,57.68,2.003,115.53304
300474.SZ,20171204,55.13,2.003,110.42539000000001
300474.SZ,20171205,55.14,2.003,110.44542000000001
300474.SZ,20171206,58.16,2.003,116.49448
300474.SZ,20171207,58.0,2.003,116.174
300474.SZ,20171208,59.16,2.003,118.49748
300474.SZ,20171211,60.26,2.003,120.70078000000001
300474.SZ,20171212,60.37,2.003,120.92111
300474.SZ,20171213,60.5,2.003,121.1815
300474.SZ,20171214,62.01,2.003,124.20603
300474.SZ,20171215,59.58,2.003,119.33874
300474.SZ,20171218,54.15,2.003,108.46245
300474.SZ,20171219,54.78,2.003,109.72434000000001
300474.SZ,20171220,53.74,2.003,107.64122
300474.SZ,20171221,54.19,2.003,108.54257
300474.SZ,20171222,54.22,2.003,108.60266
300474.SZ,20171225,50.86,2.003,101.87258
300474.SZ,20171226,52.79,2.003,105.73837
300474.SZ,20171227,51.64,2.003,103.43492
300474.SZ,20171228,51.5,2.003,103.15450000000001
300474.SZ,20171229,53.92,2.003,108.00176
300474.SZ,20180102,53.79,2.003,107.74137
300474.SZ,20180103,54.1,2.003,108.3623
300474.SZ,20180104,54.76,2.003,109.68428
300474.SZ,20180105,54.03,2.003,108.22209000000001
300474.SZ,20180108,52.19,2.003,104.53657
300474.SZ,20180109,52.55,2.003,105.25765
300474.SZ,20180110,51.3,2.003,102.7539
300474.SZ,20180111,52.78,2.003,105.71834000000001
300474.SZ,20180112,51.05,2.003,102.25315
300474.SZ,20180115,48.37,2.003,96.88511
300474.SZ,20180116,48.34,2.003,96.82502000000001
300474.SZ,20180117,49.41,2.003,98.96823
300474.SZ,20180118,48.51,2.003,97.16553
300474.SZ,20180119,48.96,2.003,98.06688000000001
300474.SZ,20180122,51.92,2.003,103.99576
300474.SZ,20180123,51.35,2.003,102.85405000000002
300474.SZ,20180124,54.61,2.003,109.38383
300474.SZ,20180125,53.69,2.003,107.54107
300474.SZ,20180126,53.65,2.003,107.46095
300474.SZ,20180129,50.14,2.003,100.43042000000001
300474.SZ,20180130,49.5,2.003,99.14850000000001
300474.SZ,20180131,47.48,2.003,95.10244
300474.SZ,20180201,46.8,2.003,93.7404
300474.SZ,20180202,47.92,2.003,95.98376
300474.SZ,20180205,48.1,2.003,96.3443
300474.SZ,20180206,43.29,2.003,86.70987000000001
300474.SZ,20180207,42.04,2.003,84.20612
300474.SZ,20180208,42.2,2.003,84.52660000000002
300474.SZ,20180209,40.67,2.003,81.46201
300474.SZ,20180212,41.91,2.003,83.94573
300474.SZ,20180213,41.11,2.003,82.34333000000001
300474.SZ,20180214,40.69,2.003,81.50207
300474.SZ,20180222,42.3,2.003,84.7269
300474.SZ,20180223,42.66,2.003,85.44798
300474.SZ,20180226,46.93,2.003,94.00079000000001
300474.SZ,20180227,47.11,2.003,94.36133000000001
300474.SZ,20180228,47.39,2.003,94.92217000000001
300474.SZ,20180301,49.39,2.003,98.92817000000001
300474.SZ,20180302,48.65,2.003,97.44595
300474.SZ,20180305,50.5,2.003,101.1515
300474.SZ,20180306,52.25,2.003,104.65675
300474.SZ,20180307,52.33,2.003,104.81699
300474.SZ,20180308,51.41,2.003,102.97423
300474.SZ,20180309,53.49,2.003,107.14047000000001
300474.SZ,20180312,55.38,2.003,110.92614000000002
300474.SZ,20180313,54.55,2.003,109.26365
300474.SZ,20180314,53.13,2.003,106.41939
300474.SZ,20180315,54.28,2.003,108.72284
300474.SZ,20180316,50.91,2.009,102.27818999999998
300474.SZ,20180319,52.91,2.009,106.29618999999998
300474.SZ,20180320,53.48,2.009,107.44131999999999
300474.SZ,20180321,53.36,2.009,107.20024
300474.SZ,20180322,53.84,2.009,108.16456
300474.SZ,20180323,53.23,2.009,106.93906999999999
300474.SZ,20180326,58.55,2.009,117.62695
300474.SZ,20180327,59.8,2.009,120.13819999999998
300474.SZ,20180328,57.4,2.009,115.3166
300474.SZ,20180329,57.65,2.009,115.81885
300474.SZ,20180330,60.3,2.009,121.14269999999999
300474.SZ,20180402,59.7,2.009,119.9373
300474.SZ,20180403,57.82,2.009,116.16037999999999
300474.SZ,20180404,58.19,2.009,116.90370999999999
300474.SZ,20180409,57.85,2.009,116.22064999999999
300474.SZ,20180410,55.62,2.009,111.74058
300474.SZ,20180411,55.95,2.009,112.40355
300474.SZ,20180412,55.08,2.009,110.65571999999999
300474.SZ,20180413,57.25,2.009,115.01525
300474.SZ,20180416,58.76,2.009,118.04883999999998
300474.SZ,20180417,57.0,2.009,114.51299999999999
300474.SZ,20180418,61.28,2.009,123.11152
300474.SZ,20180419,59.99,2.009,120.51991
300474.SZ,20180420,61.31,2.009,123.17179
300474.SZ,20180423,59.01,2.009,118.55108999999999
300474.SZ,20180424,60.11,2.009,120.76098999999999
300474.SZ,20180425,58.52,2.009,117.56668
300474.SZ,20180426,58.45,2.009,117.42605
300474.SZ,20180427,55.52,2.009,111.53968
300474.SZ,20180502,53.2,2.009,106.8788
300474.SZ,20180503,53.63,2.009,107.74267
300474.SZ,20180504,54.11,2.009,108.70698999999999
300474.SZ,20180507,54.57,2.009,109.63113
300474.SZ,20180508,54.1,2.009,108.6869
300474.SZ,20180509,54.46,2.009,109.41014
300474.SZ,20180510,52.19,2.009,104.84970999999999
300474.SZ,20180511,51.98,2.009,104.42781999999998
300474.SZ,20180514,50.5,2.009,101.4545
300474.SZ,20180515,51.5,2.009,103.4635
300474.SZ,20180516,50.62,2.009,101.69557999999999
300474.SZ,20180517,50.73,2.009,101.91657
300474.SZ,20180518,50.04,2.009,100.53035999999999
300474.SZ,20180521,51.91,2.009,104.28718999999998
300474.SZ,20180522,52.26,2.009,104.99033999999999
300474.SZ,20180523,52.2,2.009,104.8698
300474.SZ,20180524,51.1,2.009,102.6599
300474.SZ,20180525,48.89,2.009,98.22001
300474.SZ,20180528,47.66,2.009,95.74893999999999
300474.SZ,20180529,48.2,2.009,96.8338
300474.SZ,20180530,48.12,2.009,96.67307999999998
300474.SZ,20180531,48.24,2.009,96.91416
300474.SZ,20180601,47.62,2.009,95.66857999999999
300474.SZ,20180604,48.26,2.009,96.95433999999999
300474.SZ,20180605,49.86,2.009,100.16874
300474.SZ,20180606,49.21,2.009,98.86289
300474.SZ,20180607,48.0,2.009,96.43199999999999
300474.SZ,20180608,46.56,2.009,93.53904
300474.SZ,20180611,45.03,2.009,90.46527
300474.SZ,20180612,45.26,2.009,90.92733999999999
300474.SZ,20180613,45.56,2.009,91.53004
300474.SZ,20180614,45.77,2.009,91.95193
300474.SZ,20180615,45.85,2.009,92.11265
300474.SZ,20180619,43.59,2.009,87.57231
300474.SZ,20180620,44.41,2.009,89.21968999999999
300474.SZ,20180621,42.14,2.009,84.65926
300474.SZ,20180622,42.25,2.009,84.88024999999999
300474.SZ,20180625,42.2,2.009,84.7798
300474.SZ,20180626,43.7,2.009,87.7933
300474.SZ,20180627,44.15,2.009,88.69734999999999
300474.SZ,20180628,43.63,2.009,87.65267
300474.SZ,20180629,46.48,2.009,93.37831999999999
300474.SZ,20180702,45.56,2.009,91.53004
300474.SZ,20180703,48.93,2.009,98.30037
300474.SZ,20180704,48.39,2.009,97.21551
300474.SZ,20180705,47.5,2.009,95.4275
300474.SZ,20180706,48.3,2.009,97.03469999999999
300474.SZ,20180709,48.98,2.009,98.40081999999998
300474.SZ,20180710,48.01,2.009,96.45208999999998
300474.SZ,20180711,46.85,2.009,94.12165
300474.SZ,20180712,48.8,2.009,98.0392
300474.SZ,20180713,49.1,2.009,98.64189999999999
300474.SZ,20180716,51.98,2.009,104.42781999999998
300474.SZ,20180717,51.8,2.009,104.0662
300474.SZ,20180718,49.26,2.009,98.96333999999999
300474.SZ,20180719,47.75,2.009,95.92975
300474.SZ,20180720,49.24,2.009,98.92316
300474.SZ,20180723,51.95,2.009,104.36755
300474.SZ,20180724,52.02,2.009,104.50818
300474.SZ,20180725,51.97,2.009,104.40772999999999
300474.SZ,20180726,49.87,2.009,100.18883
300474.SZ,20180727,49.49,2.009,99.42541
300474.SZ,20180730,48.11,2.009,96.65298999999999
300474.SZ,20180731,48.1,2.009,96.63289999999999
300474.SZ,20180801,48.3,2.009,97.03469999999999
300474.SZ,20180802,47.25,2.009,94.92524999999999
300474.SZ,20180803,43.9,2.009,88.1951
300474.SZ,20180806,44.22,2.009,88.83797999999999
300474.SZ,20180807,45.44,2.009,91.28895999999999
300474.SZ,20180808,43.5,2.009,87.3915
300474.SZ,20180809,46.03,2.009,92.47427
300474.SZ,20180810,47.15,2.009,94.72434999999999
300474.SZ,20180813,47.16,2.009,94.74443999999998
300474.SZ,20180814,46.29,2.009,92.99660999999999
300474.SZ,20180815,45.26,2.009,90.92733999999999
300474.SZ,20180816,43.58,2.0086,87.53478799999999
300474.SZ,20180817,44.0,2.0086,88.3784
300474.SZ,20180820,44.78,2.0086,89.945108
300474.SZ,20180821,45.0,2.0086,90.387
300474.SZ,20180822,44.64,2.0086,89.663904
300474.SZ,20180823,45.9,2.0086,92.19474
300474.SZ,20180824,45.9,2.0086,92.19474
300474.SZ,20180827,47.59,2.0086,95.589274
300474.SZ,20180828,47.3,2.009,95.02569999999999
300474.SZ,20180829,47.08,2.009,94.58371999999999
300474.SZ,20180830,46.0,2.009,92.414
300474.SZ,20180831,45.86,2.009,92.13274
300474.SZ,20180903,49.13,2.009,98.70217
300474.SZ,20180904,51.3,2.009,103.06169999999999
300474.SZ,20180905,50.08,2.009,100.61071999999999
300474.SZ,20180906,50.62,2.009,101.69557999999999
300474.SZ,20180907,48.72,2.009,97.87848
300474.SZ,20180910,48.12,2.009,96.67307999999998
300474.SZ,20180911,50.1,2.009,100.6509
300474.SZ,20180912,50.46,2.009,101.37414
300474.SZ,20180913,50.3,2.009,101.05269999999999
300474.SZ,20180914,45.27,2.009,90.94743
300474.SZ,20180917,41.95,2.009,84.27755
300474.SZ,20180918,42.67,2.009,85.72403
300474.SZ,20180919,44.3,2.009,88.99869999999999
300474.SZ,20180920,43.69,2.009,87.77320999999999
300474.SZ,20180921,43.59,2.009,87.57231
300474.SZ,20180925,43.46,2.009,87.31114
300474.SZ,20180926,42.75,2.009,85.88475
300474.SZ,20180927,41.9,2.009,84.1771
300474.SZ,20180928,42.13,2.009,84.63917000000001
300474.SZ,20181008,38.12,2.009,76.58308
300474.SZ,20181009,38.65,2.009,77.64784999999999
300474.SZ,20181010,39.08,2.009,78.51172
300474.SZ,20181011,35.83,2.009,71.98246999999999
300474.SZ,20181012,37.25,2.009,74.83525
300474.SZ,20181015,37.01,2.009,74.35309
300474.SZ,20181016,36.04,2.009,72.40436
300474.SZ,20181017,37.32,2.009,74.97588
300474.SZ,20181018,36.65,2.009,73.62984999999999
300474.SZ,20181019,37.59,2.009,75.51831
300474.SZ,20181022,39.33,2.009,79.01396999999999
300474.SZ,20181023,38.7,2.009,77.7483
300474.SZ,20181024,38.61,2.009,77.56748999999999
300474.SZ,20181025,37.3,2.009,74.9357
300474.SZ,20181026,37.3,2.009,74.9357
300474.SZ,20181029,37.24,2.009,74.81516
300474.SZ,20181030,36.83,2.009,73.99146999999999
300474.SZ,20181031,37.89,2.009,76.12101
300474.SZ,20181101,39.12,2.009,78.59208
300474.SZ,20181102,39.93,2.009,80.21937
300474.SZ,20181105,39.25,2.009,78.85325
300474.SZ,20181106,38.5,2.009,77.34649999999999
300474.SZ,20181107,38.42,2.009,77.18578
300474.SZ,20181108,37.65,2.009,75.63884999999999
300474.SZ,20181109,37.22,2.009,74.77498
300474.SZ,20181112,38.29,2.009,76.92461
300474.SZ,20181113,38.4,2.009,77.14559999999999
300474.SZ,20181114,38.82,2.009,77.98938
300474.SZ,20181115,40.0,2.009,80.36
300474.SZ,20181116,39.85,2.009,80.05865
300474.SZ,20181119,39.4,2.009,79.15459999999999
300474.SZ,20181120,39.87,2.009,80.09882999999999
300474.SZ,20181121,40.91,2.009,82.18818999999999
300474.SZ,20181122,40.02,2.009,80.40018
300474.SZ,20181123,38.13,2.009,76.60317
300474.SZ,20181126,38.34,2.009,77.02506
300474.SZ,20181127,39.26,2.009,78.87334
300474.SZ,20181128,39.57,2.009,79.49613
300474.SZ,20181129,38.57,2.009,77.48713
300474.SZ,20181130,38.74,2.009,77.82866
300474.SZ,20181203,39.94,2.009,80.23946
300474.SZ,20181204,40.0,2.009,80.36
300474.SZ,20181205,39.51,2.009,79.37558999999999
300474.SZ,20181206,38.61,2.009,77.56748999999999
300474.SZ,20181207,38.83,2.009,78.00947
300474.SZ,20181210,38.84,2.009,78.02956
300474.SZ,20181211,38.98,2.009,78.31081999999999
300474.SZ,20181212,38.7,2.009,77.7483
300474.SZ,20181213,38.61,2.009,77.56748999999999
300474.SZ,20181214,37.48,2.009,75.29731999999998
300474.SZ,20181217,37.26,2.009,74.85534
300474.SZ,20181218,37.19,2.009,74.71471
300474.SZ,20181219,36.43,2.009,73.18786999999999
300474.SZ,20181220,36.49,2.009,73.30841
300474.SZ,20181221,36.49,2.009,73.30841
300474.SZ,20181224,37.09,2.009,74.51381
300474.SZ,20181225,36.99,2.009,74.31291
300474.SZ,20181226,36.95,2.009,74.23255
300474.SZ,20181227,36.54,2.009,73.40885999999999
300474.SZ,20181228,36.16,2.009,72.64544
300474.SZ,20190102,35.95,2.009,72.22355
300474.SZ,20190103,34.6,2.009,69.5114
300474.SZ,20190104,34.17,2.009,68.64753
300474.SZ,20190107,35.4,2.009,71.11859999999999
300474.SZ,20190108,34.81,2.009,69.93329
300474.SZ,20190109,35.15,2.009,70.61635
300474.SZ,20190110,35.05,2.009,70.41544999999999
300474.SZ,20190111,35.06,2.009,70.43554
300474.SZ,20190114,33.92,2.009,68.14528
300474.SZ,20190115,34.63,2.009,69.57167
300474.SZ,20190116,34.79,2.009,69.89311
300474.SZ,20190117,33.84,2.009,67.98456
300474.SZ,20190118,34.29,2.009,68.88861
300474.SZ,20190121,35.2,2.009,70.7168
300474.SZ,20190122,34.95,2.009,70.21455
300474.SZ,20190123,35.32,2.009,70.95788
300474.SZ,20190124,37.0,2.009,74.333
300474.SZ,20190125,36.59,2.009,73.50931
300474.SZ,20190128,35.6,2.009,71.5204
300474.SZ,20190129,35.13,2.009,70.57617
300474.SZ,20190130,33.95,2.009,68.20555
300474.SZ,20190131,33.35,2.009,67.00015
300474.SZ,20190201,34.89,2.009,70.09401
300474.SZ,20190211,35.93,2.009,72.18337
300474.SZ,20190212,36.03,2.009,72.38427
300474.SZ,20190213,37.73,2.009,75.79956999999999
300474.SZ,20190214,37.11,2.009,74.55399
300474.SZ,20190215,36.91,2.009,74.15218999999999
300474.SZ,20190218,38.35,2.009,77.04514999999999
300474.SZ,20190219,38.34,2.009,77.02506
300474.SZ,20190220,38.34,2.009,77.02506
300474.SZ,20190221,37.6,2.009,75.5384
300474.SZ,20190222,38.48,2.009,77.30631999999999
300474.SZ,20190225,41.45,2.009,83.27305
300474.SZ,20190226,41.49,2.009,83.35341
300474.SZ,20190227,41.3,2.009,82.97169999999998
300474.SZ,20190228,42.78,2.009,85.94502
300474.SZ,20190301,43.41,2.009,87.21068999999999
300474.SZ,20190304,43.47,2.009,87.33122999999999
300474.SZ,20190305,46.35,2.009,93.11715
300474.SZ,20190306,48.5,2.009,97.4365
300474.SZ,20190307,49.25,2.009,98.94324999999999
300474.SZ,20190308,53.66,2.009,107.80293999999999
300474.SZ,20190311,54.0,2.009,108.48599999999999
300474.SZ,20190312,53.71,2.009,107.90339
300474.SZ,20190313,48.9,2.009,98.2401
300474.SZ,20190314,46.78,2.009,93.98102
300474.SZ,20190315,46.53,2.009,93.47877
300474.SZ,20190318,48.63,2.009,97.69767
300474.SZ,20190319,49.72,2.009,99.88748
300474.SZ,20190320,48.37,2.009,97.17532999999999
300474.SZ,20190321,48.69,2.009,97.81821
300474.SZ,20190322,48.3,2.009,97.03469999999999
300474.SZ,20190325,49.61,2.009,99.66649
300474.SZ,20190326,46.65,2.009,93.71985
300474.SZ,20190327,46.1,2.009,92.61489999999999
300474.SZ,20190328,45.72,2.009,91.85148
300474.SZ,20190329,46.51,2.009,93.43858999999999
300474.SZ,20190401,48.25,2.009,96.93424999999999
300474.SZ,20190402,49.45,2.009,99.34505
300474.SZ,20190403,48.07,2.009,96.57262999999999
300474.SZ,20190404,46.79,2.009,94.00111
300474.SZ,20190408,45.6,2.009,91.6104
300474.SZ,20190409,46.08,2.009,92.57471999999999
300474.SZ,20190410,46.22,2.009,92.85597999999999
300474.SZ,20190411,45.02,2.009,90.44518000000001
300474.SZ,20190412,46.04,2.009,92.49436
300474.SZ,20190415,45.42,2.009,91.24878
300474.SZ,20190416,42.69,2.009,85.76420999999999
300474.SZ,20190417,43.08,2.009,86.54772
300474.SZ,20190418,42.93,2.009,86.24637
300474.SZ,20190419,43.59,2.009,87.57231
300474.SZ,20190422,42.7,2.009,85.7843
300474.SZ,20190423,41.94,2.009,84.25746
300474.SZ,20190424,42.11,2.009,84.59899
300474.SZ,20190425,41.0,2.009,82.369
300474.SZ,20190426,39.75,2.009,79.85775
300474.SZ,20190429,39.74,2.009,79.83766
300474.SZ,20190430,40.81,2.009,81.98729
300474.SZ,20190506,36.73,2.009,73.79056999999999
300474.SZ,20190507,36.91,2.009,74.15218999999999
300474.SZ,20190508,38.28,2.009,76.90452
300474.SZ,20190509,39.25,2.009,78.85325
300474.SZ,20190510,41.0,2.009,82.369
300474.SZ,20190513,41.8,2.009,83.97619999999999
300474.SZ,20190514,41.0,2.009,82.369
300474.SZ,20190515,41.08,2.017,82.85835999999999
300474.SZ,20190516,40.99,2.017,82.67683
300474.SZ,20190517,40.28,2.017,81.24476
300474.SZ,20190520,42.38,2.017,85.48046000000001
300474.SZ,20190521,41.84,2.017,84.39128000000001
300474.SZ,20190522,44.25,2.017,89.25224999999999
300474.SZ,20190523,44.9,2.017,90.5633
300474.SZ,20190524,42.22,2.017,85.15773999999999
300474.SZ,20190527,45.88,2.017,92.53996000000001
300474.SZ,20190528,45.37,2.017,91.51128999999999
300474.SZ,20190529,44.87,2.017,90.50278999999999
300474.SZ,20190530,43.49,2.017,87.71933
300474.SZ,20190531,43.03,2.017,86.79151
300474.SZ,20190603,42.0,2.017,84.714
300474.SZ,20190604,41.12,2.017,82.93903999999999
300474.SZ,20190605,41.18,2.017,83.06006
300474.SZ,20190606,39.65,2.017,79.97404999999999
300474.SZ,20190610,39.71,2.017,80.09506999999999
300474.SZ,20190611,40.48,2.017,81.64815999999999
300474.SZ,20190612,40.15,2.017,80.98254999999999
300474.SZ,20190613,39.67,2.017,80.01439
300474.SZ,20190614,38.22,2.017,77.08973999999999
300474.SZ,20190617,38.32,2.017,77.29144
300474.SZ,20190618,38.41,2.017,77.47296999999999
300474.SZ,20190619,39.11,2.017,78.88486999999999
300474.SZ,20190620,39.5,2.017,79.6715
300474.SZ,20190621,40.72,2.017,82.13224
300474.SZ,20190624,40.12,2.017,80.92204
300474.SZ,20190625,39.26,2.017,79.18741999999999
300474.SZ,20190626,39.66,2.017,79.99421999999998
300474.SZ,20190627,40.44,2.017,81.56747999999999
300474.SZ,20190628,39.46,2.017,79.59082
300474.SZ,20190701,40.73,2.017,82.15240999999999
300474.SZ,20190702,40.05,2.017,80.78084999999999
300474.SZ,20190703,39.79,2.017,80.25643
300474.SZ,20190704,39.34,2.017,79.34878
300474.SZ,20190705,40.03,2.017,80.74051
300474.SZ,20190708,38.28,2.017,77.21076
300474.SZ,20190709,38.54,2.017,77.73518
300474.SZ,20190710,38.78,2.017,78.21926
300474.SZ,20190711,38.33,2.017,77.31160999999999
300474.SZ,20190712,38.18,2.017,77.00905999999999
300474.SZ,20190715,39.8,2.017,80.27659999999999
300474.SZ,20190716,40.03,2.017,80.74051
300474.SZ,20190717,41.01,2.017,82.71717
300474.SZ,20190718,39.98,2.017,80.63965999999999
300474.SZ,20190719,40.81,2.017,82.31377
300474.SZ,20190722,38.31,2.017,77.27127
300474.SZ,20190723,38.98,2.017,78.62266
300474.SZ,20190724,41.3,2.017,83.3021
300474.SZ,20190725,42.09,2.017,84.89553000000001
300474.SZ,20190726,41.73,2.017,84.16940999999998
300474.SZ,20190729,42.07,2.017,84.85519
300474.SZ,20190730,41.05,2.017,82.79785
300474.SZ,20190731,41.29,2.017,83.28192999999999
300474.SZ,20190801,40.58,2.017,81.84985999999999
300474.SZ,20190802,39.38,2.017,79.42946
300474.SZ,20190805,38.75,2.017,78.15875
300474.SZ,20190806,37.8,2.017,76.2426
300474.SZ,20190807,37.69,2.017,76.02072999999999
300474.SZ,20190808,37.96,2.017,76.56532
300474.SZ,20190809,37.34,2.017,75.31478
300474.SZ,20190812,37.73,2.017,76.10140999999999
300474.SZ,20190813,37.08,2.017,74.79035999999999
300474.SZ,20190814,37.51,2.017,75.65767
300474.SZ,20190815,37.79,2.017,76.22242999999999
300474.SZ,20190816,38.15,2.017,76.94855
300474.SZ,20190819,39.68,2.017,80.03456
300474.SZ,20190820,39.4,2.017,79.46979999999999
300474.SZ,20190821,41.28,2.017,83.26176
300474.SZ,20190822,41.62,2.017,83.94753999999999
300474.SZ,20190823,41.75,2.017,84.20975
300474.SZ,20190826,43.56,2.017,87.86052
300474.SZ,20190827,43.58,2.017,87.90086
300474.SZ,20190828,43.97,2.017,88.68749
300474.SZ,20190829,44.8,2.017,90.3616
300474.SZ,20190830,44.77,2.017,90.30109
300474.SZ,20190902,45.99,2.017,92.76183
300474.SZ,20190903,49.97,2.017,100.78948999999999
300474.SZ,20190904,50.16,2.017,101.17271999999998
300474.SZ,20190905,49.38,2.017,99.59946
300474.SZ,20190906,50.2,2.017,101.2534
300474.SZ,20190909,51.6,2.017,104.0772
300474.SZ,20190910,49.46,2.017,99.76082
300474.SZ,20190911,52.0,2.017,104.884
300474.SZ,20190912,51.28,2.017,103.43176
300474.SZ,20190916,50.69,2.017,102.24172999999999
300474.SZ,20190917,48.52,2.017,97.86484
300474.SZ,20190918,49.77,2.017,100.38609
300474.SZ,20190919,54.75,2.017,110.43074999999999
300474.SZ,20190920,57.1,2.017,115.1707
300474.SZ,20190923,59.8,2.017,120.61659999999999
300474.SZ,20190924,59.72,2.017,120.45523999999999
300474.SZ,20190925,60.1,2.017,121.2217
300474.SZ,20190926,57.5,2.017,115.97749999999999
300474.SZ,20190927,58.61,2.017,118.21637
300474.SZ,20190930,54.6,2.017,110.12819999999999
300474.SZ,20191008,55.45,2.017,111.84265
300474.SZ,20191009,56.49,2.017,113.94033
300474.SZ,20191010,58.03,2.017,117.04651
300474.SZ,20191011,61.1,2.017,123.2387
300474.SZ,20191014,61.75,2.017,124.54974999999999
300474.SZ,20191015,59.01,2.017,119.02317
300474.SZ,20191016,58.3,2.017,117.59109999999998
300474.SZ,20191017,57.9,2.017,116.78429999999999
300474.SZ,20191018,57.17,2.017,115.31188999999999
300474.SZ,20191021,57.2,2.017,115.3724
300474.SZ,20191022,57.01,2.017,114.98916999999999
300474.SZ,20191023,55.4,2.017,111.7418
300474.SZ,20191024,55.4,2.017,111.7418
300474.SZ,20191025,55.92,2.017,112.79064
300474.SZ,20191028,57.8,2.017,116.58259999999999
300474.SZ,20191029,56.2,2.017,113.3554
300474.SZ,20191030,57.25,2.017,115.47325
300474.SZ,20191031,54.85,2.017,110.63244999999999
300474.SZ,20191101,54.33,2.017,109.58361
300474.SZ,20191104,57.3,2.017,115.57409999999999
300474.SZ,20191105,60.19,2.017,121.40323
300474.SZ,20191106,60.98,2.017,122.99665999999999
300474.SZ,20191107,61.63,2.017,124.30771
300474.SZ,20191108,58.9,2.017,118.8013
300474.SZ,20191111,55.99,2.017,112.93183
300474.SZ,20191112,54.6,2.017,110.12819999999999
300474.SZ,20191113,55.7,2.017,112.3469
300474.SZ,20191114,56.39,2.017,113.73863
300474.SZ,20191115,58.7,2.017,118.3979
300474.SZ,20191118,58.82,2.017,118.63994
300474.SZ,20191119,59.45,2.017,119.91065
300474.SZ,20191120,57.11,2.017,115.19086999999999
300474.SZ,20191121,62.45,2.017,125.96165
300474.SZ,20191122,60.44,2.017,121.90747999999999
300474.SZ,20191125,54.59,2.017,110.10803
300474.SZ,20191126,54.2,2.017,109.3214
300474.SZ,20191127,59.58,2.017,120.17285999999999
300474.SZ,20191128,59.5,2.017,120.0115
300474.SZ,20191129,57.0,2.017,114.969
300474.SZ,20191202,62.7,2.017,126.4659
300474.SZ,20191203,65.0,2.017,131.105
300474.SZ,20191204,66.88,2.017,134.89695999999998
300474.SZ,20191205,66.3,2.017,133.72709999999998
300474.SZ,20191206,67.47,2.017,136.08699
300474.SZ,20191209,65.75,2.017,132.61775
300474.SZ,20191210,70.8,2.017,142.8036
300474.SZ,20191211,68.16,2.017,137.47871999999998
300474.SZ,20191212,67.38,2.017,135.90545999999998
300474.SZ,20191213,68.96,2.017,139.09231999999997
300474.SZ,20191216,71.05,2.017,143.30784999999997
300474.SZ,20191217,68.92,2.017,139.01164
300474.SZ,20191218,67.03,2.017,135.19951
300474.SZ,20191219,65.81,2.017,132.73877
300474.SZ,20191220,63.57,2.017,128.22069
300474.SZ,20191223,57.21,2.017,115.39256999999999
300474.SZ,20191224,58.65,2.017,118.29704999999998
300474.SZ,20191225,60.5,2.017,122.0285
300474.SZ,20191226,60.6,2.017,122.2302
300474.SZ,20191227,58.32,2.017,117.63144
300474.SZ,20191230,59.04,2.017,119.08367999999999
300474.SZ,20191231,58.58,2.017,118.15585999999999
300474.SZ,20200102,60.43,2.0174,121.91148199999999
300474.SZ,20200103,59.07,2.0174,119.167818
300474.SZ,20200106,59.05,2.0174,119.12746999999999
300474.SZ,20200107,58.99,2.0174,119.00642599999999
300474.SZ,20200108,57.91,2.0174,116.82763399999999
300474.SZ,20200109,59.44,2.0174,119.91425599999998
300474.SZ,20200110,60.21,2.0174,121.467654
300474.SZ,20200113,64.49,2.0174,130.10212599999997
300474.SZ,20200114,62.67,2.0174,126.430458
300474.SZ,20200115,63.56,2.0174,128.225944
300474.SZ,20200116,64.8,2.0174,130.72752
300474.SZ,20200117,63.98,2.0174,129.073252
300474.SZ,20200120,66.25,2.0174,133.65275
300474.SZ,20200121,66.1,2.0174,133.35013999999998
300474.SZ,20200122,69.22,2.0174,139.64442799999998
300474.SZ,20200123,64.02,2.0174,129.15394799999999
300474.SZ,20200203,57.62,2.0174,116.24258799999998
300474.SZ,20200204,58.48,2.0174,117.97755199999999
300474.SZ,20200205,58.0,2.0174,117.00919999999999
300474.SZ,20200206,58.6,2.0174,118.21964
300474.SZ,20200207,60.91,2.0174,122.87983399999999
300474.SZ,20200210,60.45,2.0174,121.95183
300474.SZ,20200211,61.78,2.0174,124.63497199999999
300474.SZ,20200212,63.2,2.0174,127.49968
300474.SZ,20200213,64.4,2.0174,129.92056
300474.SZ,20200214,66.11,2.0174,133.37031399999998
300474.SZ,20200217,68.6,2.0174,138.39363999999998
300474.SZ,20200218,74.24,2.0174,149.771776
300474.SZ,20200219,72.7,2.0174,146.66497999999999
300474.SZ,20200220,73.04,2.0174,147.350896
300474.SZ,20200221,73.53,2.0174,148.33942199999998
300474.SZ,20200224,77.04,2.0174,155.420496
300474.SZ,20200225,73.68,2.0174,148.642032
300474.SZ,20200226,71.4,2.0174,144.04236
300474.SZ,20200227,70.0,2.0174,141.218
300474.SZ,20200228,63.5,2.0174,128.1049
300474.SZ,20200302,65.43,2.0174,131.998482
300474.SZ,20200303,65.74,2.0174,132.62387599999997
300474.SZ,20200304,66.18,2.0174,133.51153200000002
300474.SZ,20200305,65.04,2.0174,131.21169600000002
300474.SZ,20200306,63.7,2.0174,128.50838
300474.SZ,20200309,59.24,2.0174,119.51077599999999
300474.SZ,20200310,62.84,2.0174,126.773416
300474.SZ,20200311,61.07,2.0174,123.20261799999999
300474.SZ,20200312,59.84,2.0174,120.721216
300474.SZ,20200313,60.43,2.0174,121.91148199999999
300474.SZ,20200316,56.91,2.0174,114.81023399999998
300474.SZ,20200317,57.71,2.0174,116.42415399999999
300474.SZ,20200318,57.74,2.0174,116.484676
300474.SZ,20200319,59.46,2.0174,119.95460399999999
300474.SZ,20200320,59.53,2.0174,120.095822
300474.SZ,20200323,54.59,2.0174,110.12986599999999
300474.SZ,20200324,55.5,2.0174,111.9657
300474.SZ,20200325,57.3,2.0174,115.59701999999999
300474.SZ,20200326,55.7,2.0174,112.36918
300474.SZ,20200327,55.2,2.0174,111.36048
300474.SZ,20200330,51.79,2.0174,104.481146
300474.SZ,20200331,51.09,2.0174,103.068966
300474.SZ,20200401,51.28,2.0174,103.452272
300474.SZ,20200402,53.7,2.0174,108.33438
300474.SZ,20200403,52.17,2.0174,105.24775799999999
300474.SZ,20200407,53.8,2.0174,108.53611999999998
300474.SZ,20200408,54.86,2.0174,110.67456399999999
300474.SZ,20200409,54.5,2.0174,109.94829999999999
300474.SZ,20200410,53.11,2.0174,107.14411399999999
300474.SZ,20200413,52.95,2.0174,106.82133
300474.SZ,20200414,53.99,2.0174,108.919426
300474.SZ,20200415,53.7,2.0174,108.33438
300474.SZ,20200416,53.55,2.0174,108.03176999999998
300474.SZ,20200417,54.21,2.0174,109.363254
300474.SZ,20200420,55.17,2.0174,111.29995799999999
300474.SZ,20200421,54.92,2.0174,110.795608
300474.SZ,20200422,55.34,2.0174,111.642916
300474.SZ,20200423,54.29,2.0174,109.52464599999999
300474.SZ,20200424,52.36,2.0174,105.631064
300474.SZ,20200427,51.78,2.0174,104.460972
300474.SZ,20200428,51.15,2.0174,103.19000999999999
300474.SZ,20200429,51.74,2.0174,104.380276
300474.SZ,20200430,55.1,2.0174,111.15874
300474.SZ,20200506,58.1,2.0174,117.21094
300474.SZ,20200507,58.1,2.0174,117.21094
300474.SZ,20200508,59.02,2.0174,119.066948
300474.SZ,20200511,58.9,2.0174,118.82485999999999
300474.SZ,20200512,61.23,2.0174,123.52540199999999
300474.SZ,20200513,60.54,2.0174,122.13339599999999
300474.SZ,20200514,59.75,2.0174,120.53965
300474.SZ,20200515,60.86,2.0174,122.77896399999999
300474.SZ,20200518,61.62,2.0174,124.31218799999999
300474.SZ,20200519,64.2,2.0174,129.51708
300474.SZ,20200520,62.71,2.0174,126.51115399999999
300474.SZ,20200521,59.63,2.0174,120.297562
300474.SZ,20200522,59.79,2.0174,120.62034599999998
300474.SZ,20200525,58.92,2.0174,118.865208
300474.SZ,20200526,60.58,2.0174,122.214092
300474.SZ,20200527,59.69,2.0174,120.41860599999998
300474.SZ,20200528,59.5,2.0174,120.03529999999999
300474.SZ,20200529,58.92,2.0215,119.10678000000001
300474.SZ,20200601,61.89,2.0215,125.110635
300474.SZ,20200602,62.5,2.0215,126.34375
300474.SZ,20200603,64.33,2.0215,130.043095
300474.SZ,20200604,63.85,2.0215,129.072775
300474.SZ,20200605,64.2,2.0215,129.7803
300474.SZ,20200608,62.56,2.0215,126.46504000000002
300474.SZ,20200609,62.91,2.0215,127.17256499999999
300474.SZ,20200610,63.12,2.0215,127.59708
300474.SZ,20200611,63.51,2.0215,128.385465
300474.SZ,20200612,61.37,2.0215,124.059455
300474.SZ,20200615,60.01,2.0215,121.310215
300474.SZ,20200616,61.66,2.0215,124.64569
300474.SZ,20200617,61.32,2.0215,123.95838
300474.SZ,20200618,61.43,2.0215,124.180745
300474.SZ,20200619,62.66,2.0215,126.66718999999999
300474.SZ,20200622,63.73,2.0215,128.830195
300474.SZ,20200623,64.42,2.0215,130.22503
300474.SZ,20200624,65.8,2.0215,133.0147
300474.SZ,20200629,63.36,2.0215,128.08224
300474.SZ,20200630,67.3,2.0215,136.04695
300474.SZ,20200701,69.01,2.0215,139.50371500000003
300474.SZ,20200702,68.37,2.0215,138.209955
300474.SZ,20200703,67.77,2.0215,136.997055
300474.SZ,20200706,71.62,2.0215,144.77983
300474.SZ,20200707,73.23,2.0215,148.034445
300474.SZ,20200708,77.08,2.0215,155.81722
300474.SZ,20200709,80.5,2.0215,162.73075
300474.SZ,20200710,84.36,2.0215,170.53374
300474.SZ,20200713,85.36,2.0215,172.55524
300474.SZ,20200714,85.86,2.0215,173.56599
300474.SZ,20200715,77.27,2.0215,156.201305
300474.SZ,20200716,71.2,2.0215,143.9308
300474.SZ,20200717,69.5,2.0215,140.49425
300474.SZ,20200720,73.2,2.0215,147.9738
300474.SZ,20200721,73.4,2.0215,148.37810000000002
300474.SZ,20200722,75.11,2.0215,151.834865
300474.SZ,20200723,80.25,2.0215,162.225375
300474.SZ,20200724,75.0,2.0215,151.6125
300474.SZ,20200727,72.51,2.0215,146.578965
300474.SZ,20200728,73.29,2.0215,148.15573500000002
300474.SZ,20200729,76.81,2.0215,155.27141500000002
300474.SZ,20200730,74.69,2.0215,150.985835
300474.SZ,20200731,75.7,2.0215,153.02755000000002
300474.SZ,20200803,81.91,2.0215,165.581065
300474.SZ,20200804,79.8,2.0215,161.3157
300474.SZ,20200805,79.12,2.0215,159.94108000000003
300474.SZ,20200806,80.03,2.0215,161.78064500000002
300474.SZ,20200807,78.68,2.0215,159.05162
300474.SZ,20200810,79.26,2.0215,160.22409000000002
300474.SZ,20200811,72.31,2.0215,146.174665
300474.SZ,20200812,70.58,2.0215,142.67747
300474.SZ,20200813,69.82,2.0215,141.14113
300474.SZ,20200814,71.28,2.0215,144.09252
300474.SZ,20200817,78.41,2.0215,158.505815
300474.SZ,20200818,83.5,2.0215,168.79525
300474.SZ,20200819,82.97,2.0215,167.72385500000001
300474.SZ,20200820,75.45,2.0215,152.522175
300474.SZ,20200821,74.73,2.0215,151.066695
300474.SZ,20200824,74.85,2.0215,151.30927499999999
300474.SZ,20200825,73.67,2.0215,148.92390500000002
300474.SZ,20200826,71.75,2.0215,145.04262500000002
300474.SZ,20200827,74.58,2.0215,150.76347
300474.SZ,20200828,75.19,2.0215,151.996585
300474.SZ,20200831,73.17,2.0215,147.91315500000002
300474.SZ,20200901,74.24,2.0215,150.07616
300474.SZ,20200902,73.4,2.0215,148.37810000000002
300474.SZ,20200903,72.32,2.0215,146.19487999999998
300474.SZ,20200904,72.88,2.0215,147.32692
300474.SZ,20200907,69.5,2.0215,140.49425
300474.SZ,20200908,68.23,2.0215,137.92694500000002
300474.SZ,20200909,65.48,2.0215,132.36782000000002
300474.SZ,20200910,64.27,2.0215,129.921805
300474.SZ,20200911,64.98,2.0215,131.35707000000002
300474.SZ,20200914,66.57,2.0215,134.57125499999998
300474.SZ,20200915,65.99,2.0215,133.398785
300474.SZ,20200916,64.51,2.0215,130.406965
300474.SZ,20200917,68.9,2.0215,139.28135
300474.SZ,20200918,69.85,2.0215,141.201775
300474.SZ,20200921,69.81,2.0215,141.120915
300474.SZ,20200922,67.04,2.0215,135.52136000000002
300474.SZ,20200923,66.69,2.0215,134.813835
300474.SZ,20200924,64.37,2.0215,130.12395500000002
300474.SZ,20200925,64.33,2.0215,130.043095
300474.SZ,20200928,62.97,2.0215,127.29385500000001
300474.SZ,20200929,63.8,2.0215,128.9717
300474.SZ,20200930,63.13,2.0215,127.61729500000001
300474.SZ,20201009,64.3,2.0215,129.98245
300474.SZ,20201012,67.6,2.0215,136.6534
300474.SZ,20201013,66.74,2.0215,134.91491
300474.SZ,20201014,64.48,2.0215,130.34632000000002
300474.SZ,20201015,63.49,2.0215,128.345035
300474.SZ,20201016,62.82,2.0215,126.99063000000001
300474.SZ,20201019,62.01,2.0215,125.353215
300474.SZ,20201020,63.75,2.0215,128.87062500000002
300474.SZ,20201021,61.93,2.0215,125.191495
300474.SZ,20201022,62.07,2.0215,125.47450500000001
300474.SZ,20201023,59.76,2.0215,120.80484
300474.SZ,20201026,60.59,2.0215,122.48268500000002
300474.SZ,20201027,61.1,2.0215,123.51365000000001
300474.SZ,20201028,61.0,2.0215,123.31150000000001
300474.SZ,20201029,60.0,2.0215,121.29
300474.SZ,20201030,60.55,2.0215,122.401825
300474.SZ,20201102,57.89,2.0215,117.024635
300474.SZ,20201103,61.67,2.0215,124.66590500000001
300474.SZ,20201104,62.01,2.0215,125.353215
300474.SZ,20201105,61.73,2.0215,124.787195
300474.SZ,20201106,62.7,2.0215,126.74805
300474.SZ,20201109,65.8,2.0215,133.0147
300474.SZ,20201110,64.04,2.0215,129.45686
300474.SZ,20201111,61.64,2.0215,124.60526
300474.SZ,20201112,59.77,2.0215,120.825055
300474.SZ,20201113,60.55,2.0215,122.401825
300474.SZ,20201116,59.55,2.0215,120.380325
300474.SZ,20201117,58.58,2.0215,118.41947
300474.SZ,20201118,58.59,2.0215,118.43968500000001
300474.SZ,20201119,60.59,2.0215,122.48268500000002
300474.SZ,20201120,59.95,2.0215,121.18892500000001
300474.SZ,20201123,60.1,2.0215,121.49215000000001
300474.SZ,20201124,60.61,2.0215,122.523115
300474.SZ,20201125,60.27,2.0215,121.83580500000001
300474.SZ,20201126,59.36,2.0215,119.99624
300474.SZ,20201127,60.61,2.0215,122.523115
300474.SZ,20201130,61.66,2.0215,124.64569
300474.SZ,20201201,62.29,2.0215,125.919235
300474.SZ,20201202,62.51,2.0215,126.36396500000001
300474.SZ,20201203,61.49,2.0215,124.302035
300474.SZ,20201204,61.8,2.0215,124.92869999999999
300474.SZ,20201207,63.13,2.0215,127.61729500000001
300474.SZ,20201208,62.78,2.0215,126.90977000000001
300474.SZ,20201209,61.73,2.0215,124.787195
300474.SZ,20201210,59.45,2.0215,120.17817500000001
300474.SZ,20201211,61.74,2.0215,124.80741
300474.SZ,20201214,63.31,2.0215,127.981165
300474.SZ,20201215,64.44,2.0215,130.26546
300474.SZ,20201216,63.58,2.0215,128.52697
300474.SZ,20201217,63.66,2.0215,128.68869
300474.SZ,20201218,62.7,2.0215,126.74805
300474.SZ,20201221,66.08,2.0215,133.58072
300474.SZ,20201222,63.0,2.0215,127.3545
300474.SZ,20201223,64.31,2.0215,130.002665
300474.SZ,20201224,65.65,2.0215,132.711475
300474.SZ,20201225,67.22,2.0215,135.88523
300474.SZ,20201228,66.49,2.0215,134.409535
300474.SZ,20201229,68.14,2.0215,137.74501
300474.SZ,20201230,69.52,2.0215,140.53468
300474.SZ,20201231,69.91,2.0215,141.32306499999999
300474.SZ,20210104,73.71,2.0215,149.004765
300474.SZ,20210105,73.89,2.0215,149.368635
300474.SZ,20210106,76.6,2.0215,154.8469
300474.SZ,20210107,80.13,2.021,161.94272999999998
300474.SZ,20210108,73.63,2.021,148.80622999999997
300474.SZ,20210111,73.52,2.021,148.58391999999998
300474.SZ,20210112,73.0,2.021,147.533
300474.SZ,20210113,70.83,2.021,143.14742999999999
300474.SZ,20210114,69.29,2.021,140.03509
300474.SZ,20210115,69.6,2.021,140.6616
300474.SZ,20210118,73.0,2.021,147.533
300474.SZ,20210119,72.0,2.021,145.512
300474.SZ,20210120,72.88,2.021,147.29047999999997
300474.SZ,20210121,71.02,2.021,143.53142
300474.SZ,20210122,67.22,2.021,135.85162
300474.SZ,20210125,75.0,2.021,151.575
300474.SZ,20210126,76.1,2.021,153.79809999999998
300474.SZ,20210127,79.08,2.021,159.82067999999998
300474.SZ,20210128,76.31,2.021,154.22251
300474.SZ,20210129,73.31,2.021,148.15951
300474.SZ,20210201,72.63,2.021,146.78522999999998
300474.SZ,20210202,73.27,2.021,148.07867
300474.SZ,20210203,69.77,2.021,141.00517
300474.SZ,20210204,68.97,2.021,139.38836999999998
300474.SZ,20210205,70.0,2.021,141.47
300474.SZ,20210208,75.35,2.021,152.28234999999998
300474.SZ,20210209,75.56,2.021,152.70676
300474.SZ,20210210,74.9,2.021,151.37290000000002
300474.SZ,20210218,75.68,2.021,152.94928000000002
300474.SZ,20210219,75.33,2.021,152.24193
300474.SZ,20210222,76.52,2.021,154.64692
300474.SZ,20210223,72.08,2.021,145.67368
300474.SZ,20210224,72.29,2.021,146.09809
300474.SZ,20210225,71.38,2.021,144.25897999999998
300474.SZ,20210226,69.98,2.021,141.42958000000002
300474.SZ,20210301,73.5,2.021,148.5435
300474.SZ,20210302,79.08,2.021,159.82067999999998
300474.SZ,20210303,78.8,2.021,159.2548
300474.SZ,20210304,78.0,2.021,157.638
300474.SZ,20210305,79.57,2.021,160.81096999999997
300474.SZ,20210308,73.05,2.021,147.63404999999997
300474.SZ,20210309,70.31,2.021,142.09651
300474.SZ,20210310,69.39,2.021,140.23719
300474.SZ,20210311,74.06,2.021,149.67526
300474.SZ,20210312,76.22,2.021,154.04062
300474.SZ,20210315,74.66,2.021,150.88786
300474.SZ,20210316,70.93,2.021,143.34953000000002
300474.SZ,20210317,77.42,2.021,156.46582
300474.SZ,20210318,76.09,2.021,153.77789
300474.SZ,20210319,76.98,2.021,155.57658
300474.SZ,20210322,77.08,2.021,155.77867999999998
300474.SZ,20210323,78.3,2.021,158.24429999999998
300474.SZ,20210324,78.62,2.021,158.89102
300474.SZ,20210325,75.66,2.021,152.90885999999998
300474.SZ,20210326,82.5,2.021,166.7325
300474.SZ,20210329,82.14,2.021,166.00494
300474.SZ,20210330,81.47,2.021,164.65087
300474.SZ,20210331,78.8,2.021,159.2548
300474.SZ,20210401,81.57,2.021,164.85296999999997
300474.SZ,20210402,85.39,2.021,172.57318999999998
300474.SZ,20210406,84.1,2.021,169.96609999999998
300474.SZ,20210407,84.48,2.021,170.73408
300474.SZ,20210408,82.34,2.021,166.40914
300474.SZ,20210409,83.1,2.021,167.94509999999997
300474.SZ,20210412,76.48,2.021,154.56608
300474.SZ,20210413,77.1,2.021,155.8191
300474.SZ,20210414,77.26,2.021,156.14246
300474.SZ,20210415,77.19,2.021,156.00099
300474.SZ,20210416,77.18,2.021,155.98078
300474.SZ,20210419,78.69,2.021,159.03249
300474.SZ,20210420,76.22,2.021,154.04062
300474.SZ,20210421,75.77,2.021,153.13117
300474.SZ,20210422,75.28,2.021,152.14087999999998
300474.SZ,20210423,75.89,2.021,153.37368999999998
300474.SZ,20210426,75.78,2.021,153.15138
300474.SZ,20210427,74.73,2.021,151.02933
300474.SZ,20210428,74.01,2.021,149.57421
300474.SZ,20210429,73.32,2.021,148.17971999999997
300474.SZ,20210430,72.9,2.021,147.3309
300474.SZ,20210506,71.9,2.021,145.3099
300474.SZ,20210507,72.63,2.021,146.78522999999998
300474.SZ,20210510,72.17,2.021,145.85557
300474.SZ,20210511,74.23,2.021,150.01883
300474.SZ,20210512,74.72,2.021,151.00912
300474.SZ,20210513,72.98,2.021,147.49258
300474.SZ,20210514,74.5,2.021,150.56449999999998
300474.SZ,20210517,75.15,2.021,151.87815
300474.SZ,20210518,75.28,2.021,152.14087999999998
300474.SZ,20210519,75.4,2.021,152.3834
300474.SZ,20210520,76.06,2.021,153.71726
300474.SZ,20210521,74.12,2.021,149.79652000000002
300474.SZ,20210524,77.78,2.021,157.19338
300474.SZ,20210525,80.45,2.021,162.58945
300474.SZ,20210526,78.99,2.021,159.63878999999997
300474.SZ,20210527,81.29,2.021,164.28709
300474.SZ,20210528,81.36,2.021,164.42856
300474.SZ,20210531,84.03,2.021,169.82462999999998
300474.SZ,20210601,82.95,2.021,167.64195
300474.SZ,20210602,81.55,2.021,164.81255
300474.SZ,20210603,79.28,2.021,160.22487999999998
300474.SZ,20210604,83.4,2.021,168.5514
300474.SZ,20210607,87.43,2.021,176.69603
300474.SZ,20210608,91.35,2.021,184.61835
300474.SZ,20210609,90.75,2.021,183.40574999999998
300474.SZ,20210610,90.95,2.021,183.80995
300474.SZ,20210611,88.01,2.021,177.86821
300474.SZ,20210615,89.72,2.021,181.32412
300474.SZ,20210616,87.49,2.024,177.07976
300474.SZ,20210617,96.92,2.024,196.16608
300474.SZ,20210618,97.0,2.024,196.328
300474.SZ,20210621,96.99,2.024,196.30776
300474.SZ,20210622,94.22,2.024,190.70128
300474.SZ,20210623,95.48,2.024,193.25152
300474.SZ,20210624,94.45,2.024,191.1668
300474.SZ,20210625,92.35,2.024,186.91639999999998
300474.SZ,20210628,93.59,2.024,189.42616
300474.SZ,20210629,94.25,2.024,190.762
300474.SZ,20210630,97.92,2.024,198.19008
300474.SZ,20210701,92.77,2.024,187.76648
300474.SZ,20210702,89.85,2.024,181.85639999999998
300474.SZ,20210705,92.45,2.024,187.11880000000002
300474.SZ,20210706,85.7,2.024,173.45680000000002
300474.SZ,20210707,85.35,2.024,172.7484
300474.SZ,20210708,90.3,2.024,182.7672
300474.SZ,20210709,91.95,2.024,186.10680000000002
300474.SZ,20210712,91.89,2.024,185.98536000000001
300474.SZ,20210713,90.08,2.024,182.32192
300474.SZ,20210714,87.89,2.024,177.88936
300474.SZ,20210715,87.7,2.024,177.50480000000002
300474.SZ,20210716,88.31,2.024,178.73944
300474.SZ,20210719,87.42,2.024,176.93808
300474.SZ,20210720,91.6,2.024,185.39839999999998
300474.SZ,20210721,94.6,2.024,191.47039999999998
300474.SZ,20210722,95.15,2.024,192.58360000000002
300474.SZ,20210723,94.06,2.024,190.37744
300474.SZ,20210726,93.25,2.024,188.738
300474.SZ,20210727,93.51,2.024,189.26424
300474.SZ,20210728,88.3,2.024,178.7192
300474.SZ,20210729,91.08,2.024,184.34592
300474.SZ,20210730,88.1,2.024,178.31439999999998
300474.SZ,20210802,94.25,2.024,190.762
300474.SZ,20210803,90.8,2.024,183.7792
300474.SZ,20210804,104.4,2.024,211.30560000000003
300474.SZ,20210805,104.3,2.024,211.1032
300474.SZ,20210806,100.9,2.024,204.22160000000002
300474.SZ,20210809,95.9,2.024,194.10160000000002
300474.SZ,20210810,97.7,2.024,197.7448
300474.SZ,20210811,97.48,2.024,197.29952
300474.SZ,20210812,96.72,2.024,195.76128
300474.SZ,20210813,94.61,2.024,191.49064
300474.SZ,20210816,95.29,2.024,192.86696
300474.SZ,20210817,91.87,2.024,185.94488
300474.SZ,20210818,91.19,2.024,184.56856
300474.SZ,20210819,91.86,2.024,185.92464
300474.SZ,20210820,96.48,2.024,195.27552
300474.SZ,20210823,98.3,2.024,198.9592
300474.SZ,20210824,101.01,2.024,204.44424
300474.SZ,20210825,105.67,2.024,213.87608
300474.SZ,20210826,121.43,2.024,245.77432000000002
300474.SZ,20210827,125.32,2.024,253.64767999999998
300474.SZ,20210830,118.43,2.024,239.70232000000001
300474.SZ,20210831,118.83,2.024,240.51192
300474.SZ,20210901,114.2,2.024,231.1408
300474.SZ,20210902,111.84,2.024,226.36416
300474.SZ,20210903,108.58,2.024,219.76592
300474.SZ,20210906,108.8,2.024,220.2112
300474.SZ,20210907,111.89,2.024,226.46536
300474.SZ,20210908,108.04,2.024,218.67296000000002
300474.SZ,20210909,111.75,2.024,226.18200000000002
300474.SZ,20210910,122.28,2.024,247.49472
300474.SZ,20210913,122.7,2.024,248.34480000000002
300474.SZ,20210914,126.78,2.024,256.60272
300474.SZ,20210915,133.45,2.024,270.1028
300474.SZ,20210916,135.91,2.024,275.08184
300474.SZ,20210917,129.92,2.024,262.95808
300474.SZ,20210922,126.27,2.024,255.57048
300474.SZ,20210923,129.08,2.024,261.25792
300474.SZ,20210924,124.48,2.024,251.94752
300474.SZ,20210927,123.0,2.024,248.952
300474.SZ,20210928,124.01,2.024,250.99624
300474.SZ,20210929,120.98,2.024,244.86352000000002
300474.SZ,20210930,124.56,2.024,252.10944
300474.SZ,20211008,118.58,2.024,240.00592
300474.SZ,20211011,113.65,2.024,230.0276
300474.SZ,20211012,108.58,2.024,219.76592
300474.SZ,20211013,109.36,2.024,221.34464
300474.SZ,20211014,107.5,2.024,217.58
300474.SZ,20211015,115.95,2.024,234.68280000000001
300474.SZ,20211018,112.8,2.024,228.3072
300474.SZ,20211019,113.1,2.024,228.9144
300474.SZ,20211020,121.41,2.024,245.73384
300474.SZ,20211021,124.5,2.024,251.988
300474.SZ,20211022,128.08,2.024,259.23392
300474.SZ,20211025,127.24,2.024,257.53376
300474.SZ,20211026,133.2,2.024,269.5968
300474.SZ,20211027,131.55,2.024,266.2572
300474.SZ,20211028,133.36,2.024,269.92064000000005
300474.SZ,20211029,137.01,2.024,277.30824
300474.SZ,20211101,143.65,2.024,290.74760000000003
300474.SZ,20211102,140.9,2.024,285.1816
300474.SZ,20211103,147.98,2.024,299.51151999999996
300474.SZ,20211104,146.04,2.024,295.58495999999997
300474.SZ,20211105,154.18,2.024,312.06032
300474.SZ,20211108,150.68,2.024,304.97632000000004
300474.SZ,20211109,180.82,2.024,365.97968
300474.SZ,20211110,171.2,2.024,346.5088
300474.SZ,20211111,176.0,2.024,356.224
300474.SZ,20211112,177.01,2.024,358.26824
300474.SZ,20211115,163.13,2.024,330.17512
300474.SZ,20211116,157.13,2.024,318.03112
300474.SZ,20211117,161.73,2.024,327.34152
300474.SZ,20211118,194.08,2.024,392.81792
300474.SZ,20211119,194.91,2.024,394.49784
300474.SZ,20211122,202.72,2.024,410.30528
300474.SZ,20211123,204.0,2.024,412.896
300474.SZ,20211124,203.0,2.024,410.872
300474.SZ,20211125,192.62,2.024,389.86288
300474.SZ,20211126,185.0,2.024,374.44
300474.SZ,20211129,186.91,2.024,378.30584
300474.SZ,20211130,186.3,2.024,377.07120000000003
300474.SZ,20211201,182.0,2.024,368.368
300474.SZ,20211202,173.0,2.024,350.152
300474.SZ,20211203,173.0,2.024,350.152
300474.SZ,20211206,170.56,2.024,345.21344
300474.SZ,20211207,164.0,2.024,331.936
300474.SZ,20211208,166.65,2.024,337.2996
300474.SZ,20211209,171.0,2.024,346.104
300474.SZ,20211210,170.55,2.024,345.19320000000005
300474.SZ,20211213,166.68,2.024,337.36032
300474.SZ,20211214,163.75,2.024,331.43
300474.SZ,20211215,164.67,2.024,333.29208
300474.SZ,20211216,160.8,2.024,325.4592
300474.SZ,20211217,155.0,2.024,313.72
300474.SZ,20211220,148.3,2.024,300.1592
300474.SZ,20211221,151.8,2.024,307.2432
300474.SZ,20211222,156.8,2.024,317.3632
300474.SZ,20211223,163.0,2.024,329.912
300474.SZ,20211224,160.4,2.024,324.6496
300474.SZ,20211227,156.77,2.024,317.30248
300474.SZ,20211228,159.01,2.024,321.83624
300474.SZ,20211229,155.33,2.024,314.38792
300474.SZ,20211230,159.3,2.024,322.4232
300474.SZ,20211231,152.2,2.024,308.0528
300474.SZ,20220104,151.44,2.024,306.51456
300474.SZ,20220105,143.0,2.024,289.432
300474.SZ,20220106,142.18,2.024,287.77232000000004
300474.SZ,20220107,137.66,2.024,278.62384
300474.SZ,20220110,137.0,2.024,277.288
300474.SZ,20220111,124.9,2.024,252.79760000000002
300474.SZ,20220112,121.38,2.024,245.67311999999998
300474.SZ,20220113,118.02,2.024,238.87248
300474.SZ,20220114,121.2,2.024,245.30880000000002
300474.SZ,20220117,122.88,2.024,248.70911999999998
300474.SZ,20220118,126.99,2.024,257.02776
300474.SZ,20220119,123.78,2.024,250.53072
300474.SZ,20220120,121.5,2.024,245.916
300474.SZ,20220121,118.3,2.024,239.4392
300474.SZ,20220124,120.44,2.024,243.77056
300474.SZ,20220125,116.23,2.024,235.24952000000002
300474.SZ,20220126,115.7,2.024,234.17680000000001
300474.SZ,20220127,115.09,2.024,232.94216
300474.SZ,20220128,113.16,2.024,229.03584
300474.SZ,20220207,113.53,2.024,229.78472
300474.SZ,20220208,112.71,2.024,228.12503999999998
300474.SZ,20220209,112.82,2.024,228.34768
300474.SZ,20220210,109.85,2.024,222.3364
300474.SZ,20220211,106.79,2.024,216.14296000000002
300474.SZ,20220214,108.99,2.024,220.59575999999998
300474.SZ,20220215,113.04,2.024,228.79296000000002
300474.SZ,20220216,111.88,2.024,226.44512
300474.SZ,20220217,114.06,2.024,230.85744
300474.SZ,20220218,113.25,2.024,229.218
300474.SZ,20220221,111.84,2.024,226.36416
300474.SZ,20220222,109.06,2.024,220.73744000000002
300474.SZ,20220223,116.64,2.024,236.07936
300474.SZ,20220224,120.76,2.024,244.41824000000003
300474.SZ,20220225,125.0,2.024,253.0
300474.SZ,20220228,122.86,2.024,248.66864
300474.SZ,20220301,120.9,2.024,244.7016
300474.SZ,20220302,120.99,2.024,244.88376
300474.SZ,20220303,116.17,2.024,235.12808
300474.SZ,20220304,119.45,2.024,241.76680000000002
300474.SZ,20220307,114.0,2.024,230.736
300474.SZ,20220308,116.21,2.024,235.20904
300474.SZ,20220309,108.0,2.024,218.592
300474.SZ,20220310,107.49,2.024,217.55975999999998
300474.SZ,20220311,107.2,2.024,216.9728
300474.SZ,20220314,103.29,2.024,209.05896
300474.SZ,20220315,97.33,2.024,196.99592
300474.SZ,20220316,98.9,2.024,200.17360000000002
300474.SZ,20220317,106.5,2.024,215.556
300474.SZ,20220318,104.88,2.024,212.27712
300474.SZ,20220321,108.0,2.024,218.592
300474.SZ,20220322,108.42,2.024,219.44208
300474.SZ,20220323,109.94,2.024,222.51856
300474.SZ,20220324,105.99,2.024,214.52375999999998
300474.SZ,20220325,104.37,2.024,211.24488000000002
300474.SZ,20220328,100.23,2.024,202.86552
300474.SZ,20220329,98.41,2.024,199.18184
300474.SZ,20220330,102.59,2.024,207.64216000000002
300474.SZ,20220331,96.5,2.024,195.316
300474.SZ,20220401,95.09,2.024,192.46216
300474.SZ,20220406,92.27,2.024,186.75448
300474.SZ,20220407,89.96,2.024,182.07904
300474.SZ,20220408,91.94,2.024,186.08656
300474.SZ,20220411,86.61,2.024,175.29864
300474.SZ,20220412,86.71,2.024,175.50104
300474.SZ,20220413,84.35,2.024,170.7244
300474.SZ,20220414,84.93,2.024,171.89832
300474.SZ,20220415,84.8,2.024,171.6352
300474.SZ,20220418,88.75,2.024,179.63
300474.SZ,20220419,88.2,2.024,178.51680000000002
300474.SZ,20220420,87.1,2.024,176.29039999999998
300474.SZ,20220421,86.56,2.024,175.19744
300474.SZ,20220422,82.85,2.024,167.6884
300474.SZ,20220425,74.63,2.024,151.05112
300474.SZ,20220426,72.51,2.024,146.76024
300474.SZ,20220427,77.46,2.024,156.77903999999998
300474.SZ,20220428,78.35,2.024,158.5804
300474.SZ,20220429,82.91,2.024,167.80984
300474.SZ,20220505,83.05,2.024,168.0932
300474.SZ,20220506,87.37,2.024,176.83688
300474.SZ,20220509,85.79,2.024,173.63896000000003
300474.SZ,20220510,87.0,2.024,176.088
300474.SZ,20220511,88.59,2.024,179.30616
300474.SZ,20220512,88.0,2.024,178.112
300474.SZ,20220513,87.61,2.024,177.32264
300474.SZ,20220516,87.47,2.024,177.03928
300474.SZ,20220517,90.0,2.024,182.16
300474.SZ,20220518,87.48,2.024,177.05952000000002
300474.SZ,20220519,91.65,2.024,185.49960000000002
300474.SZ,20220520,90.32,2.024,182.80767999999998
300474.SZ,20220523,92.04,2.024,186.28896
300474.SZ,20220524,85.28,2.024,172.60672
300474.SZ,20220525,87.61,2.024,177.32264
300474.SZ,20220526,87.78,2.024,177.66672
300474.SZ,20220527,85.95,2.024,173.96280000000002
300474.SZ,20220530,86.37,2.024,174.81288
300474.SZ,20220531,87.2,2.024,176.49280000000002
300474.SZ,20220601,87.5,2.024,177.1
300474.SZ,20220602,91.4,2.024,184.99360000000001
300474.SZ,20220606,96.16,2.024,194.62784
300474.SZ,20220607,93.98,2.024,190.21552
300474.SZ,20220608,65.0,3.042,197.73
300474.SZ,20220609,60.7,3.042,184.64939999999999
300474.SZ,20220610,61.1,3.042,185.8662
300474.SZ,20220613,60.71,3.042,184.67981999999998
300474.SZ,20220614,59.8,3.042,181.9116
300474.SZ,20220615,60.53,3.042,184.13226
300474.SZ,20220616,61.74,3.042,187.81307999999999
300474.SZ,20220617,61.54,3.042,187.20468
300474.SZ,20220620,63.0,3.042,191.646
300474.SZ,20220621,62.46,3.042,190.00332
300474.SZ,20220622,60.48,3.042,183.98015999999998
300474.SZ,20220623,63.46,3.042,193.04532
300474.SZ,20220624,64.32,3.042,195.66143999999997
300474.SZ,20220627,67.52,3.042,205.39583999999996
300474.SZ,20220628,69.5,3.042,211.41899999999998
300474.SZ,20220629,69.0,3.042,209.898
300474.SZ,20220630,68.39,3.042,208.04237999999998
300474.SZ,20220701,67.92,3.042,206.61264
300474.SZ,20220704,66.31,3.042,201.71501999999998
300474.SZ,20220705,67.32,3.042,204.78743999999998
300474.SZ,20220706,68.5,3.042,208.37699999999998
300474.SZ,20220707,67.42,3.042,205.09163999999998
300474.SZ,20220708,66.11,3.042,201.10662
300474.SZ,20220711,63.65,3.042,193.62329999999997
300474.SZ,20220712,61.21,3.042,186.20082
300474.SZ,20220713,61.0,3.042,185.56199999999998
300474.SZ,20220714,61.88,3.042,188.23896
300474.SZ,20220715,62.08,3.042,188.84735999999998
300474.SZ,20220718,62.83,3.042,191.12885999999997
300474.SZ,20220719,62.01,3.042,188.63441999999998
300474.SZ,20220720,64.16,3.042,195.17471999999998
300474.SZ,20220721,64.85,3.042,197.27369999999996
300474.SZ,20220722,62.78,3.042,190.97675999999998
300474.SZ,20220725,62.15,3.042,189.06029999999998
300474.SZ,20220726,62.39,3.042,189.79038
300474.SZ,20220727,61.79,3.042,187.96517999999998
300474.SZ,20220728,62.83,3.042,191.12885999999997
300474.SZ,20220729,59.6,3.042,181.3032
300474.SZ,20220801,60.08,3.042,182.76335999999998
300474.SZ,20220802,59.1,3.042,179.7822
300474.SZ,20220803,67.2,3.042,204.4224
300474.SZ,20220804,67.84,3.042,206.36928
300474.SZ,20220805,73.5,3.042,223.587
300474.SZ,20220808,72.46,3.042,220.42331999999996
300474.SZ,20220809,66.96,3.042,203.69231999999997
300474.SZ,20220810,65.03,3.042,197.82126
300474.SZ,20220811,65.59,3.042,199.52478
300474.SZ,20220812,62.24,3.042,189.33408
300474.SZ,20220815,62.58,3.042,190.36836
300474.SZ,20220816,62.14,3.042,189.02988
300474.SZ,20220817,62.32,3.042,189.57744
300474.SZ,20220818,61.7,3.042,187.6914
300474.SZ,20220819,60.72,3.042,184.71024
300474.SZ,20220822,61.27,3.042,186.38334
300474.SZ,20220823,62.25,3.042,189.3645
300474.SZ,20220824,59.38,3.042,180.63396
300474.SZ,20220825,57.64,3.042,175.34088
300474.SZ,20220826,56.9,3.042,173.0898
300474.SZ,20220829,55.7,3.042,169.4394
300474.SZ,20220830,56.84,3.042,172.90728
300474.SZ,20220831,55.5,3.042,168.831
300474.SZ,20220901,59.9,3.042,182.21579999999997
300474.SZ,20220902,61.34,3.042,186.59628
300474.SZ,20220905,56.68,3.042,172.42056
300474.SZ,20220906,56.82,3.042,172.84644
300474.SZ,20220907,57.65,3.042,175.3713
300474.SZ,20220908,55.74,3.042,169.56108
300474.SZ,20220909,56.07,3.042,170.56493999999998
300474.SZ,20220913,56.15,3.042,170.80829999999997
300474.SZ,20220914,57.46,3.042,174.79332
300474.SZ,20220915,55.88,3.042,169.98696
300474.SZ,20220916,57.2,3.042,174.0024
300474.SZ,20220919,55.92,3.042,170.10864
300474.SZ,20220920,52.0,3.042,158.184
300474.SZ,20220921,49.83,3.042,151.58285999999998
300474.SZ,20220922,49.93,3.042,151.88706
300474.SZ,20220923,47.33,3.042,143.97786
300474.SZ,20220926,46.55,3.042,141.6051
300474.SZ,20220927,48.11,3.042,146.35062
300474.SZ,20220928,47.32,3.042,143.94744
300474.SZ,20220929,47.81,3.042,145.43802
300474.SZ,20220930,47.9,3.042,145.71179999999998
300474.SZ,20221010,44.61,3.042,135.70362
300474.SZ,20221011,44.85,3.042,136.4337
300474.SZ,20221012,47.15,3.042,143.4303
300474.SZ,20221013,49.38,3.042,150.21396
300474.SZ,20221014,50.28,3.042,152.95176
300474.SZ,20221017,51.32,3.042,156.11543999999998
300474.SZ,20221018,51.03,3.042,155.23326
300474.SZ,20221019,50.92,3.042,154.89864
300474.SZ,20221020,53.5,3.042,162.74699999999999
300474.SZ,20221021,52.33,3.042,159.18785999999997
300474.SZ,20221024,52.35,3.042,159.24869999999999
300474.SZ,20221025,51.75,3.042,157.4235
300474.SZ,20221026,58.79,3.042,178.83918
300474.SZ,20221027,60.33,3.042,183.52385999999998
300474.SZ,20221028,60.23,3.042,183.21965999999998
300474.SZ,20221031,67.58,3.042,205.57835999999998
300474.SZ,20221101,68.53,3.042,208.46826
300474.SZ,20221102,66.52,3.042,202.35383999999996
300474.SZ,20221103,67.05,3.042,203.96609999999998
300474.SZ,20221104,65.95,3.042,200.6199
300474.SZ,20221107,63.14,3.042,192.07188
300474.SZ,20221108,65.0,3.042,197.73
300474.SZ,20221109,64.54,3.042,196.33068
300474.SZ,20221110,63.15,3.042,192.10229999999999
300474.SZ,20221111,62.02,3.042,188.66484
300474.SZ,20221114,62.57,3.042,190.33794
300474.SZ,20221115,66.18,3.042,201.31956
300474.SZ,20221116,65.08,3.042,197.97335999999999
300474.SZ,20221117,64.99,3.042,197.69957999999997
300474.SZ,20221118,63.54,3.042,193.28868
300474.SZ,20221121,61.27,3.042,186.38334
300474.SZ,20221122,60.98,3.042,185.50115999999997
300474.SZ,20221123,60.03,3.042,182.61126
300474.SZ,20221124,58.89,3.042,179.14337999999998
300474.SZ,20221125,57.39,3.042,174.58038
300474.SZ,20221128,56.76,3.042,172.66392
300474.SZ,20221129,57.11,3.042,173.72861999999998
300474.SZ,20221130,57.7,3.042,175.5234
300474.SZ,20221201,60.14,3.042,182.94588
300474.SZ,20221202,60.46,3.042,183.91932
300474.SZ,20221205,60.17,3.042,183.03714
300474.SZ,20221206,61.07,3.042,185.77494
300474.SZ,20221207,59.12,3.042,179.84303999999997
300474.SZ,20221208,58.13,3.042,176.83146
300474.SZ,20221209,57.5,3.042,174.915
300474.SZ,20221212,61.68,3.042,187.63055999999997
300474.SZ,20221213,59.43,3.042,180.78606
300474.SZ,20221214,58.31,3.042,177.37902
300474.SZ,20221215,59.89,3.042,182.18537999999998
300474.SZ,20221216,60.18,3.042,183.06756
300474.SZ,20221219,59.17,3.042,179.99514
300474.SZ,20221220,56.24,3.042,171.08208
300474.SZ,20221221,54.29,3.042,165.15017999999998
300474.SZ,20221222,52.9,3.042,160.9218
300474.SZ,20221223,52.26,3.042,158.97492
300474.SZ,20221226,54.18,3.042,164.81555999999998
300474.SZ,20221227,54.66,3.042,166.27571999999998
300474.SZ,20221228,53.93,3.042,164.05506
300474.SZ,20221229,55.05,3.042,167.4621
300474.SZ,20221230,54.57,3.042,166.00194
300474.SZ,20230103,56.38,3.042,171.50796
300474.SZ,20230104,56.04,3.042,170.47367999999997
300474.SZ,20230105,56.2,3.042,170.9604
300474.SZ,20230106,55.88,3.042,169.98696
300474.SZ,20230109,54.86,3.042,166.88412
300474.SZ,20230110,54.8,3.042,166.70159999999998
300474.SZ,20230111,53.8,3.042,163.65959999999998
300474.SZ,20230112,53.89,3.042,163.93338
300474.SZ,20230113,53.3,3.042,162.13859999999997
300474.SZ,20230116,55.1,3.042,167.61419999999998
300474.SZ,20230117,57.4,3.042,174.61079999999998
300474.SZ,20230118,58.89,3.042,179.14337999999998
300474.SZ,20230119,60.66,3.042,184.52772
300474.SZ,20230120,60.38,3.042,183.67596
300474.SZ,20230130,60.64,3.042,184.46688
300474.SZ,20230131,60.0,3.042,182.51999999999998
300474.SZ,20230201,62.21,3.042,189.24282
300474.SZ,20230202,66.0,3.042,200.772
300474.SZ,20230203,66.25,3.042,201.5325
300474.SZ,20230206,66.19,3.042,201.34998
300474.SZ,20230207,70.06,3.042,213.12251999999998
300474.SZ,20230208,68.89,3.042,209.56338
300474.SZ,20230209,82.67,3.042,251.48214
300474.SZ,20230210,81.0,3.042,246.402
300474.SZ,20230213,84.79,3.042,257.93118
300474.SZ,20230214,83.93,3.042,255.31506000000002
300474.SZ,20230215,86.08,3.042,261.85535999999996
300474.SZ,20230216,79.72,3.042,242.50823999999997
300474.SZ,20230217,74.33,3.042,226.11185999999998
300474.SZ,20230220,76.31,3.042,232.13502
300474.SZ,20230221,74.87,3.042,227.75454
300474.SZ,20230222,74.35,3.042,226.17269999999996
300474.SZ,20230223,75.85,3.042,230.73569999999998
300474.SZ,20230224,74.23,3.042,225.80766
300474.SZ,20230227,71.47,3.042,217.41173999999998
300474.SZ,20230228,72.26,3.042,219.81492
300474.SZ,20230301,75.02,3.042,228.21083999999996
300474.SZ,20230302,78.01,3.042,237.30642
300474.SZ,20230303,80.2,3.042,243.9684
300474.SZ,20230306,77.72,3.042,236.42423999999997
300474.SZ,20230307,73.38,3.042,223.22195999999997
300474.SZ,20230308,74.71,3.042,227.26781999999997
300474.SZ,20230309,73.56,3.042,223.76952
300474.SZ,20230310,73.57,3.042,223.79993999999996
300474.SZ,20230313,76.22,3.042,231.86123999999998
300474.SZ,20230314,77.38,3.042,235.38995999999997
300474.SZ,20230315,76.04,3.042,231.31368
300474.SZ,20230316,74.89,3.042,227.81537999999998
300474.SZ,20230317,80.72,3.042,245.55023999999997
300474.SZ,20230320,79.05,3.042,240.47009999999997
300474.SZ,20230321,79.06,3.042,240.50052
300474.SZ,20230322,84.26,3.042,256.31892
300474.SZ,20230323,101.11,3.042,307.57662
300474.SZ,20230324,113.05,3.042,343.89809999999994
300474.SZ,20230327,119.0,3.042,361.998
300474.SZ,20230328,109.42,3.042,332.85564
300474.SZ,20230329,108.76,3.042,330.84792
300474.SZ,20230330,117.25,3.042,356.67449999999997
300474.SZ,20230331,122.0,3.042,371.12399999999997
300474.SZ,20230403,137.21,3.042,417.39282
300474.SZ,20230404,130.85,3.042,398.04569999999995
300474.SZ,20230406,127.57,3.042,388.06793999999996
300474.SZ,20230407,127.3,3.042,387.24659999999994
300474.SZ,20230410,107.89,3.042,328.20138
300474.SZ,20230411,110.45,3.042,335.9889
300474.SZ,20230412,115.35,3.042,350.89469999999994
300474.SZ,20230413,108.0,3.042,328.536
300474.SZ,20230414,105.75,3.042,321.69149999999996
300474.SZ,20230417,107.05,3.042,325.6461
300474.SZ,20230418,108.08,3.042,328.77936
300474.SZ,20230419,112.51,3.042,342.25542
300474.SZ,20230420,117.29,3.042,356.79618
300474.SZ,20230421,103.7,3.042,315.4554
300474.SZ,20230424,101.3,3.042,308.15459999999996
300474.SZ,20230425,102.33,3.042,311.28785999999997
300474.SZ,20230426,99.88,3.042,303.83495999999997
300474.SZ,20230427,92.4,3.042,281.0808
300474.SZ,20230428,89.43,3.042,272.04606
300474.SZ,20230504,84.62,3.042,257.41404
300474.SZ,20230505,84.1,3.042,255.83219999999997
300474.SZ,20230508,86.3,3.042,262.52459999999996
300474.SZ,20230509,85.32,3.042,259.54344
300474.SZ,20230510,83.5,3.042,254.00699999999998
300474.SZ,20230511,82.1,3.042,249.74819999999997
300474.SZ,20230512,81.21,3.042,247.04081999999997
300474.SZ,20230515,82.99,3.042,252.45557999999997
300474.SZ,20230516,81.08,3.042,246.64535999999998
300474.SZ,20230517,82.3,3.042,250.3566
300474.SZ,20230518,86.25,3.042,262.3725
300474.SZ,20230519,87.73,3.042,266.87466
300474.SZ,20230522,80.83,3.042,245.88485999999997
300474.SZ,20230523,79.03,3.042,240.40926
300474.SZ,20230524,79.81,3.042,242.78202
300474.SZ,20230525,82.94,3.042,252.30347999999998
300474.SZ,20230526,89.64,3.0464,273.079296
300474.SZ,20230529,94.01,3.0464,286.39206400000006
300474.SZ,20230530,98.67,3.0464,300.58828800000003
300474.SZ,20230531,96.4,3.0464,293.67296000000005
300474.SZ,20230601,106.68,3.047,325.05396
300474.SZ,20230602,101.15,3.047,308.20405000000005
300474.SZ,20230605,97.35,3.047,296.62545
300474.SZ,20230606,95.09,3.047,289.73923
300474.SZ,20230607,95.87,3.047,292.11589000000004
300474.SZ,20230608,96.62,3.047,294.40114000000005
300474.SZ,20230609,97.29,3.047,296.44263
300474.SZ,20230612,92.77,3.047,282.67019
300474.SZ,20230613,95.51,3.047,291.01897
300474.SZ,20230614,102.5,3.047,312.3175
300474.SZ,20230615,97.63,3.047,297.47861
300474.SZ,20230616,99.7,3.047,303.7859
300474.SZ,20230619,103.1,3.047,314.1457
300474.SZ,20230620,105.06,3.047,320.11782
300474.SZ,20230621,103.5,3.047,315.3645
300474.SZ,20230626,89.0,3.047,271.183
300474.SZ,20230627,89.37,3.047,272.31039000000004
300474.SZ,20230628,93.64,3.047,285.32108
300474.SZ,20230629,90.58,3.047,275.99726
300474.SZ,20230630,89.99,3.047,274.19953
300474.SZ,20230703,92.73,3.047,282.54831
300474.SZ,20230704,93.15,3.047,283.82805
300474.SZ,20230705,89.72,3.047,273.37684
300474.SZ,20230706,89.99,3.047,274.19953
300474.SZ,20230707,85.38,3.047,260.15286
300474.SZ,20230710,84.36,3.047,257.04492
300474.SZ,20230711,86.88,3.047,264.72336
300474.SZ,20230712,84.43,3.047,257.25821
300474.SZ,20230713,86.13,3.047,262.43811
300474.SZ,20230714,87.9,3.047,267.83130000000006
300474.SZ,20230717,85.72,3.047,261.18884
300474.SZ,20230718,85.7,3.047,261.1279
300474.SZ,20230719,82.7,3.047,251.98690000000002
300474.SZ,20230720,80.5,3.047,245.2835
300474.SZ,20230721,79.86,3.047,243.33342000000002
300474.SZ,20230724,78.73,3.047,239.89031000000003
300474.SZ,20230725,79.32,3.047,241.68804
300474.SZ,20230726,77.97,3.047,237.57459
300474.SZ,20230727,76.52,3.047,233.15644
300474.SZ,20230728,75.11,3.047,228.86017
300474.SZ,20230731,77.7,3.047,236.75190000000003
300474.SZ,20230801,77.34,3.047,235.65498000000002
300474.SZ,20230802,77.21,3.047,235.25887
300474.SZ,20230803,77.6,3.047,236.44719999999998
300474.SZ,20230804,78.18,3.047,238.21446000000003
300474.SZ,20230807,77.96,3.047,237.54412
300474.SZ,20230808,77.79,3.047,237.02613000000002
300474.SZ,20230809,75.75,3.047,230.81025000000002
300474.SZ,20230810,76.61,3.047,233.43067000000002
300474.SZ,20230811,74.78,3.047,227.85466000000002
300474.SZ,20230814,74.61,3.047,227.33667
300474.SZ,20230815,74.11,3.047,225.81317
300474.SZ,20230816,71.34,3.047,217.37298
300474.SZ,20230817,72.47,3.047,220.81609
300474.SZ,20230818,70.37,3.047,214.41739
300474.SZ,20230821,69.1,3.047,210.5477
300474.SZ,20230822,70.52,3.047,214.87444
300474.SZ,20230823,68.12,3.047,207.56164
300474.SZ,20230824,69.75,3.047,212.52825
300474.SZ,20230825,67.82,3.047,206.64754
300474.SZ,20230828,68.62,3.047,209.08514000000002
300474.SZ,20230829,71.74,3.047,218.59178
300474.SZ,20230830,73.89,3.047,225.14283
300474.SZ,20230831,74.25,3.047,226.23975000000002
300474.SZ,20230901,73.56,3.047,224.13732000000002
300474.SZ,20230904,73.99,3.047,225.44753
300474.SZ,20230905,73.17,3.047,222.94899
300474.SZ,20230906,78.36,3.047,238.76292
300474.SZ,20230907,75.0,3.047,228.525
300474.SZ,20230908,76.11,3.047,231.90717
300474.SZ,20230911,76.65,3.047,233.55255000000002
300474.SZ,20230912,75.53,3.047,230.13991000000001
300474.SZ,20230913,73.85,3.047,225.02095
300474.SZ,20230914,72.07,3.047,219.59729
300474.SZ,20230915,72.42,3.047,220.66374000000002
300474.SZ,20230918,70.23,3.047,213.99081
300474.SZ,20230919,69.18,3.047,210.79146000000003
300474.SZ,20230920,67.97,3.047,207.10459
300474.SZ,20230921,67.81,3.047,206.61707
300474.SZ,20230922,70.12,3.047,213.65564000000003
300474.SZ,20230925,70.11,3.047,213.62517
300474.SZ,20230926,72.55,3.047,221.05985
300474.SZ,20230927,77.2,3.047,235.22840000000002
300474.SZ,20230928,81.09,3.047,247.08123000000003
300474.SZ,20231009,76.09,3.047,231.84623000000002
300474.SZ,20231010,80.76,3.047,246.07572000000002
300474.SZ,20231011,78.4,3.047,238.88480000000004
300474.SZ,20231012,77.77,3.047,236.96519
300474.SZ,20231013,76.7,3.047,233.7049
300474.SZ,20231016,73.19,3.047,223.00993
300474.SZ,20231017,74.08,3.047,225.72176000000002
300474.SZ,20231018,76.66,3.047,233.58302
300474.SZ,20231019,84.23,3.047,256.64881
300474.SZ,20231020,83.14,3.047,253.32758
300474.SZ,20231023,78.32,3.047,238.64104
300474.SZ,20231024,76.9,3.047,234.31430000000003
300474.SZ,20231025,80.72,3.047,245.95384
300474.SZ,20231026,81.8,3.047,249.2446
300474.SZ,20231027,80.64,3.047,245.71008
300474.SZ,20231030,82.85,3.047,252.44395
300474.SZ,20231031,82.15,3.047,250.31105000000002
300474.SZ,20231101,83.4,3.047,254.11980000000003
300474.SZ,20231102,78.95,3.047,240.56065
300474.SZ,20231103,80.15,3.047,244.21705000000003
300474.SZ,20231106,82.78,3.047,252.23066000000003
300474.SZ,20231107,84.03,3.047,256.03941000000003
300474.SZ,20231108,85.9,3.047,261.7373
300474.SZ,20231109,83.21,3.047,253.54086999999998
300474.SZ,20231110,85.41,3.047,260.24427000000003
300474.SZ,20231113,85.79,3.047,261.40213000000006
300474.SZ,20231114,89.06,3.047,271.36582000000004
300474.SZ,20231115,86.4,3.047,263.2608
300474.SZ,20231116,84.38,3.047,257.10586
300474.SZ,20231117,85.19,3.047,259.57393
300474.SZ,20231120,86.07,3.047,262.25529
300474.SZ,20231121,82.3,3.047,250.7681
300474.SZ,20231122,79.51,3.047,242.26697000000001
300474.SZ,20231123,83.23,3.047,253.60181000000003
300474.SZ,20231124,80.81,3.047,246.22807000000003
300474.SZ,20231127,82.34,3.047,250.88998000000004
300474.SZ,20231128,81.95,3.047,249.70165000000003
300474.SZ,20231129,82.26,3.047,250.64622000000003
300474.SZ,20231130,83.45,3.047,254.27215
300474.SZ,20231201,84.88,3.047,258.62936
300474.SZ,20231204,80.05,3.047,243.91235
300474.SZ,20231205,75.68,3.047,230.59696000000002
300474.SZ,20231206,76.17,3.047,232.08999000000003
300474.SZ,20231207,76.15,3.047,232.02905000000004
300474.SZ,20231208,78.74,3.047,239.92078
300474.SZ,20231211,78.99,3.047,240.68252999999999
300474.SZ,20231212,76.37,3.047,232.69939000000002
300474.SZ,20231213,72.42,3.047,220.66374000000002
300474.SZ,20231214,72.2,3.047,219.9934
300474.SZ,20231215,71.87,3.047,218.98789000000002
300474.SZ,20231218,70.22,3.047,213.96034
300474.SZ,20231219,72.21,3.047,220.02387
300474.SZ,20231220,70.62,3.047,215.17914000000002
300474.SZ,20231221,71.42,3.047,217.61674000000002
300474.SZ,20231222,70.75,3.047,215.57525
300474.SZ,20231225,69.28,3.047,211.09616000000003
300474.SZ,20231226,67.8,3.047,206.5866
300474.SZ,20231227,68.32,3.047,208.17103999999998
300474.SZ,20231228,69.89,3.047,212.95483000000002
300474.SZ,20231229,70.71,3.047,215.45336999999998
300474.SZ,20240102,72.72,3.047,221.57784
300474.SZ,20240103,70.91,3.047,216.06277
300474.SZ,20240104,69.96,3.047,213.16812
300474.SZ,20240105,68.08,3.047,207.43976
300474.SZ,20240108,65.39,3.047,199.24333000000001
300474.SZ,20240109,64.66,3.047,197.01902
300474.SZ,20240110,63.42,3.047,193.24074000000002
300474.SZ,20240111,64.38,3.047,196.16586
300474.SZ,20240112,63.15,3.047,192.41805
300474.SZ,20240115,62.55,3.047,190.58985
300474.SZ,20240116,61.39,3.047,187.05533
300474.SZ,20240117,59.22,3.047,180.44334
300474.SZ,20240118,60.24,3.047,183.55128000000002
300474.SZ,20240119,59.18,3.047,180.32146
300474.SZ,20240122,55.58,3.047,169.35226
300474.SZ,20240123,56.77,3.047,172.97819
300474.SZ,20240124,56.33,3.047,171.63751
300474.SZ,20240125,58.03,3.047,176.81741000000002
300474.SZ,20240126,56.54,3.047,172.27738
300474.SZ,20240129,55.38,3.047,168.74286
300474.SZ,20240130,53.5,3.047,163.0145
300474.SZ,20240131,50.72,3.047,154.54384000000002
300474.SZ,20240201,51.03,3.047,155.48841000000002
300474.SZ,20240202,48.25,3.047,147.01775
300474.SZ,20240205,44.69,3.047,136.17043
300474.SZ,20240206,49.4,3.047,150.5218
300474.SZ,20240207,52.4,3.047,159.6628
300474.SZ,20240208,54.25,3.047,165.29975000000002
300474.SZ,20240219,58.9,3.047,179.4683
300474.SZ,20240220,57.26,3.047,174.47122000000002
300474.SZ,20240221,56.89,3.047,173.34383
300474.SZ,20240222,58.69,3.047,178.82843
300474.SZ,20240223,59.42,3.047,181.05274000000003
300474.SZ,20240226,59.99,3.047,182.78953
300474.SZ,20240227,63.26,3.047,192.75322
300474.SZ,20240228,58.88,3.047,179.40736
300474.SZ,20240229,63.0,3.047,191.961
300474.SZ,20240301,66.05,3.047,201.25435
300474.SZ,20240304,67.63,3.047,206.06861
300474.SZ,20240305,68.62,3.047,209.08514000000002
300474.SZ,20240306,73.34,3.047,223.46698000000004
300474.SZ,20240307,70.55,3.047,214.96585
300474.SZ,20240308,75.8,3.047,230.9626
300474.SZ,20240311,76.05,3.047,231.72435000000002
300474.SZ,20240312,77.88,3.047,237.30036
300474.SZ,20240313,87.41,3.047,266.33827
300474.SZ,20240314,92.5,3.047,281.8475
300474.SZ,20240315,90.0,3.047,274.23
300474.SZ,20240318,89.76,3.047,273.49872000000005
300474.SZ,20240319,84.0,3.047,255.948
300474.SZ,20240320,83.65,3.047,254.88155000000003
300474.SZ,20240321,84.21,3.047,256.58787
300474.SZ,20240322,81.25,3.047,247.56875000000002
300474.SZ,20240325,77.97,3.047,237.57459
300474.SZ,20240326,75.34,3.047,229.56098000000003
300474.SZ,20240327,73.0,3.047,222.431
300474.SZ,20240328,74.28,3.047,226.33116
300474.SZ,20240329,73.9,3.047,225.17330000000004
300474.SZ,20240401,75.88,3.047,231.20636
300474.SZ,20240402,71.7,3.047,218.46990000000002
300474.SZ,20240403,69.48,3.047,211.70556000000002
300474.SZ,20240408,69.08,3.047,210.48676
300474.SZ,20240409,68.26,3.047,207.98822
300474.SZ,20240410,65.28,3.047,198.90816
300474.SZ,20240411,65.91,3.047,200.82777
300474.SZ,20240412,66.78,3.047,203.47866000000002
300474.SZ,20240415,64.09,3.047,195.28223000000003
300474.SZ,20240416,60.03,3.047,182.91141000000002
300474.SZ,20240417,64.75,3.047,197.29325
300474.SZ,20240418,64.15,3.047,195.46505000000002
300474.SZ,20240419,63.32,3.047,192.93604000000002
300474.SZ,20240422,63.27,3.047,192.78369
300474.SZ,20240423,63.7,3.047,194.09390000000002
300474.SZ,20240424,66.65,3.047,203.08255000000003
300474.SZ,20240425,65.36,3.047,199.15192000000002
300474.SZ,20240426,69.2,3.047,210.85240000000002
300474.SZ,20240429,69.74,3.047,212.49778
300474.SZ,20240430,69.94,3.047,213.10718
300474.SZ,20240506,69.78,3.047,212.61966
300474.SZ,20240507,69.64,3.047,212.19308
300474.SZ,20240508,69.82,3.047,212.74154
300474.SZ,20240509,72.61,3.047,221.24267
300474.SZ,20240510,70.35,3.047,214.35645
300474.SZ,20240513,67.98,3.047,207.13506
300474.SZ,20240514,68.86,3.047,209.81642000000002
300474.SZ,20240515,67.61,3.047,206.00767000000002
300474.SZ,20240516,68.05,3.047,207.34835
300474.SZ,20240517,68.69,3.047,209.29843
300474.SZ,20240520,70.12,3.047,213.65564000000003
300474.SZ,20240521,68.51,3.047,208.74997000000002
300474.SZ,20240522,67.99,3.047,207.16553
300474.SZ,20240523,65.82,3.047,200.55354
300474.SZ,20240524,64.06,3.047,195.19082000000003
300474.SZ,20240527,67.21,3.047,204.78887
300474.SZ,20240528,69.25,3.047,211.00475
300474.SZ,20240529,67.62,3.047,206.03814000000003
300474.SZ,20240530,69.17,3.047,210.76099000000002
300474.SZ,20240531,69.35,3.047,211.30945
300474.SZ,20240603,68.92,3.047,209.99924000000001
300474.SZ,20240604,69.9,3.047,212.98530000000002
300474.SZ,20240605,67.57,3.0522,206.23715399999998
300474.SZ,20240606,67.51,3.0522,206.054022
300474.SZ,20240607,66.45,3.0522,202.81869
300474.SZ,20240611,69.0,3.0522,210.6018
300474.SZ,20240612,68.46,3.0522,208.953612
300474.SZ,20240613,68.62,3.0522,209.441964
300474.SZ,20240614,69.5,3.0522,212.1279
300474.SZ,20240617,70.33,3.0522,214.661226
300474.SZ,20240618,69.92,3.0522,213.40982400000001
300474.SZ,20240619,70.19,3.0522,214.233918
300474.SZ,20240620,67.95,3.0522,207.39699000000002
300474.SZ,20240621,67.81,3.0522,206.969682
300474.SZ,20240624,65.11,3.0522,198.728742
300474.SZ,20240625,62.87,3.0523,191.89810099999997
300474.SZ,20240626,64.5,3.052,196.854
300474.SZ,20240627,62.97,3.052,192.18444
300474.SZ,20240628,63.23,3.052,192.97796
300474.SZ,20240701,62.76,3.052,191.54352
300474.SZ,20240702,62.06,3.052,189.40712000000002
300474.SZ,20240703,61.23,3.052,186.87395999999998
300474.SZ,20240704,59.67,3.052,182.11284
300474.SZ,20240705,59.91,3.052,182.84532
300474.SZ,20240708,57.9,3.052,176.7108
300474.SZ,20240709,60.28,3.052,183.97456
300474.SZ,20240710,60.07,3.052,183.33364
300474.SZ,20240711,60.86,3.052,185.74472
300474.SZ,20240712,60.35,3.052,184.1882
300474.SZ,20240715,59.89,3.052,182.78428
300474.SZ,20240716,65.27,3.052,199.20404
300474.SZ,20240717,63.3,3.052,193.1916
300474.SZ,20240718,64.96,3.052,198.25791999999998
300474.SZ,20240719,67.71,3.052,206.65091999999999
300474.SZ,20240722,67.45,3.052,205.8574
300474.SZ,20240723,63.96,3.052,195.20592
300474.SZ,20240724,65.06,3.052,198.56312
300474.SZ,20240725,66.08,3.052,201.67616
300474.SZ,20240726,64.76,3.052,197.64752000000001
300474.SZ,20240729,63.62,3.052,194.16824
300474.SZ,20240730,63.9,3.052,195.0228
300474.SZ,20240731,65.91,3.052,201.15732
300474.SZ,20240801,65.78,3.052,200.76056
300474.SZ,20240802,64.01,3.052,195.35852000000003
300474.SZ,20240805,59.8,3.052,182.5096
300474.SZ,20240806,60.93,3.052,185.95836
300474.SZ,20240807,60.46,3.052,184.52392
300474.SZ,20240808,59.28,3.052,180.92256
300474.SZ,20240809,59.79,3.052,182.47908
300474.SZ,20240812,58.9,3.052,179.7628
300474.SZ,20240813,59.63,3.052,181.99076000000002
300474.SZ,20240814,59.12,3.052,180.43424
300474.SZ,20240815,59.75,3.052,182.357
300474.SZ,20240816,59.74,3.052,182.32648
300474.SZ,20240819,59.91,3.052,182.84532
300474.SZ,20240820,57.78,3.052,176.34456
300474.SZ,20240821,57.52,3.052,175.55104
300474.SZ,20240822,55.62,3.052,169.75224
300474.SZ,20240823,55.45,3.052,169.23340000000002
300474.SZ,20240826,55.42,3.052,169.14184
300474.SZ,20240827,53.13,3.052,162.15276
300474.SZ,20240828,52.72,3.052,160.90144
300474.SZ,20240829,54.49,3.052,166.30348
300474.SZ,20240830,56.33,3.052,171.91916
300474.SZ,20240902,54.7,3.052,166.9444
300474.SZ,20240903,55.1,3.052,168.1652
300474.SZ,20240904,54.85,3.052,167.4022
300474.SZ,20240905,55.69,3.052,169.96588
300474.SZ,20240906,54.73,3.052,167.03596
300474.SZ,20240909,54.37,3.052,165.93724
300474.SZ,20240910,54.68,3.052,166.88336
300474.SZ,20240911,54.58,3.052,166.57816
300474.SZ,20240912,53.88,3.052,164.44176000000002
300474.SZ,20240913,52.7,3.052,160.84040000000002
300474.SZ,20240918,52.19,3.052,159.28387999999998
300474.SZ,20240919,53.85,3.052,164.3502
300474.SZ,20240920,53.15,3.052,162.2138
300474.SZ,20240923,53.16,3.052,162.24432
300474.SZ,20240924,55.29,3.052,168.74508
300474.SZ,20240925,56.04,3.052,171.03408
300474.SZ,20240926,57.99,3.052,176.98548
300474.SZ,20240927,64.03,3.052,195.41956000000002
300474.SZ,20240930,76.43,3.052,233.26436
300474.SZ,20241008,91.72,3.052,279.92944
300474.SZ,20241009,91.69,3.052,279.83788
300474.SZ,20241010,83.86,3.052,255.94072
300474.SZ,20241011,78.33,3.052,239.06316
300474.SZ,20241014,81.53,3.052,248.82956000000001
300474.SZ,20241015,86.58,3.052,264.24216
300474.SZ,20241016,83.3,3.052,254.2316
300474.SZ,20241017,85.6,3.052,261.2512
300474.SZ,20241018,92.99,3.052,283.80548
300474.SZ,20241021,98.0,3.052,299.096
300474.SZ,20241022,95.53,3.052,291.55756
300474.SZ,20241023,93.09,3.052,284.11068
300474.SZ,20241024,90.87,3.052,277.33524
300474.SZ,20241025,91.16,3.052,278.22032
300474.SZ,20241028,92.42,3.052,282.06584000000004
300474.SZ,20241029,88.8,3.052,271.0176
300474.SZ,20241030,89.04,3.052,271.75008
300474.SZ,20241031,92.0,3.052,280.784
300474.SZ,20241101,85.46,3.052,260.82392
300474.SZ,20241104,86.7,3.052,264.6084
300474.SZ,20241105,92.05,3.052,280.9366
300474.SZ,20241106,91.5,3.052,279.258
300474.SZ,20241107,95.01,3.052,289.97052
300474.SZ,20241108,94.13,3.052,287.28476
300474.SZ,20241111,101.45,3.052,309.6254
300474.SZ,20241112,96.4,3.052,294.2128
300474.SZ,20241113,98.06,3.052,299.27912000000003
300474.SZ,20241114,92.99,3.052,283.80548
300474.SZ,20241115,89.51,3.052,273.18452
300474.SZ,20241118,85.01,3.052,259.45052000000004
300474.SZ,20241119,88.27,3.052,269.40004
300474.SZ,20241120,88.03,3.052,268.66756
300474.SZ,20241121,89.22,3.052,272.29944
300474.SZ,20241122,84.07,3.052,256.58164
300474.SZ,20241125,82.25,3.052,251.02700000000002
300474.SZ,20241126,81.22,3.052,247.88344
300474.SZ,20241127,84.35,3.052,257.4362
300474.SZ,20241128,83.87,3.052,255.97124000000002
300474.SZ,20241129,86.39,3.052,263.66228
300474.SZ,20241202,86.43,3.052,263.78436000000005
300474.SZ,20241203,84.56,3.052,258.07712000000004
300474.SZ,20241204,97.95,3.052,298.9434
300474.SZ,20241205,94.12,3.052,287.25424000000004
300474.SZ,20241206,95.61,3.052,291.80172
300474.SZ,20241209,92.36,3.052,281.88272
300474.SZ,20241210,93.17,3.052,284.35484
300474.SZ,20241211,95.86,3.052,292.56472
300474.SZ,20241212,100.85,3.052,307.7942
300474.SZ,20241213,95.73,3.052,292.16796
300474.SZ,20241216,92.29,3.052,281.66908
300474.SZ,20241217,89.9,3.052,274.3748
300474.SZ,20241218,93.68,3.052,285.91136
300474.SZ,20241219,95.3,3.052,290.8556
300474.SZ,20241220,99.47,3.052,303.58244
300474.SZ,20241223,104.38,3.052,318.56775999999996
300474.SZ,20241224,105.35,3.052,321.52819999999997
300474.SZ,20241225,104.0,3.052,317.408
300474.SZ,20241226,109.0,3.052,332.668
300474.SZ,20241227,101.69,3.052,310.35788
300474.SZ,20241230,101.62,3.052,310.14424
300474.SZ,20241231,93.49,3.052,285.33148
300474.SZ,20250102,89.98,3.052,274.61896
300474.SZ,20250103,86.33,3.052,263.47916
300474.SZ,20250106,85.67,3.052,261.46484
300474.SZ,20250107,90.5,3.052,276.206
300474.SZ,20250108,90.48,3.052,276.14496
300474.SZ,20250109,90.2,3.052,275.29040000000003
300474.SZ,20250110,89.3,3.052,272.54359999999997
300474.SZ,20250113,88.22,3.052,269.24744
300474.SZ,20250114,92.81,3.052,283.25612
300474.SZ,20250115,92.43,3.052,282.09636
300474.SZ,20250116,90.49,3.052,276.17548
300474.SZ,20250117,91.76,3.052,280.05152000000004
300474.SZ,20250120,90.17,3.052,275.19884
300474.SZ,20250121,89.26,3.052,272.42152000000004
300474.SZ,20250122,89.28,3.052,272.48256000000003
300474.SZ,20250123,86.3,3.052,263.3876
300474.SZ,20250124,86.58,3.052,264.24216
300474.SZ,20250127,81.7,3.052,249.34840000000003
300474.SZ,20250205,86.51,3.052,264.02852
300474.SZ,20250206,90.85,3.052,277.2742
300474.SZ,20250207,91.43,3.052,279.04436000000004
300474.SZ,20250210,93.64,3.052,285.78928
300474.SZ,20250211,91.49,3.052,279.22748
300474.SZ,20250212,95.47,3.052,291.37444
300474.SZ,20250213,92.01,3.052,280.81452
300474.SZ,20250214,90.94,3.052,277.54888
300474.SZ,20250217,93.15,3.052,284.29380000000003
300474.SZ,20250218,88.58,3.052,270.34616
300474.SZ,20250219,90.85,3.052,277.2742
300474.SZ,20250220,89.34,3.052,272.66568
300474.SZ,20250221,95.5,3.052,291.466
300474.SZ,20250224,96.2,3.052,293.6024
300474.SZ,20250225,94.96,3.052,289.81791999999996
300474.SZ,20250226,99.55,3.052,303.8266
300474.SZ,20250227,97.42,3.052,297.32584
300474.SZ,20250228,90.31,3.052,275.62612
300474.SZ,20250303,88.06,3.052,268.75912
300474.SZ,20250304,91.52,3.052,279.31904
300474.SZ,20250305,90.6,3.052,276.5112
300474.SZ,20250306,91.6,3.052,279.5632
300474.SZ,20250307,90.21,3.052,275.32092
300474.SZ,20250310,89.59,3.052,273.42868000000004
300474.SZ,20250311,89.67,3.052,273.67284
300474.SZ,20250312,89.1,3.052,271.9332
300474.SZ,20250313,87.43,3.052,266.83636
300474.SZ,20250314,89.19,3.052,272.20788
300474.SZ,20250317,88.89,3.052,271.29228
300474.SZ,20250318,89.29,3.052,272.51308
300474.SZ,20250319,87.38,3.052,266.68376
300474.SZ,20250320,86.57,3.052,264.21164
300474.SZ,20250321,83.89,3.052,256.03228
300474.SZ,20250324,85.91,3.052,262.19732
300474.SZ,20250325,83.61,3.052,255.17772
300474.SZ,20250326,83.5,3.052,254.842
300474.SZ,20250327,83.38,3.052,254.47575999999998
300474.SZ,20250328,81.51,3.052,248.76852000000002
300474.SZ,20250331,78.6,3.052,239.88719999999998
300474.SZ,20250401,78.33,3.052,239.06316
300474.SZ,20250402,77.77,3.052,237.35404
300474.SZ,20250403,77.88,3.052,237.68975999999998
300474.SZ,20250407,64.5,3.052,196.854
300474.SZ,20250408,67.5,3.052,206.01
300474.SZ,20250409,72.95,3.052,222.6434
300474.SZ,20250410,73.1,3.052,223.10119999999998
300474.SZ,20250411,75.44,3.052,230.24287999999999
300474.SZ,20250414,75.38,3.052,230.05975999999998
300474.SZ,20250415,74.32,3.052,226.82464
300474.SZ,20250416,74.0,3.052,225.848
300474.SZ,20250417,74.23,3.052,226.54996000000003
300474.SZ,20250418,73.07,3.052,223.00964
300474.SZ,20250421,74.08,3.052,226.09216
300474.SZ,20250422,73.08,3.052,223.04016
300474.SZ,20250423,73.72,3.052,224.99344
300474.SZ,20250424,69.45,3.052,211.96140000000003
300474.SZ,20250425,69.2,3.052,211.19840000000002
300474.SZ,20250428,68.36,3.052,208.63472
300474.SZ,20250429,67.22,3.052,205.15544
300474.SZ,20250430,69.23,3.052,211.28996
300474.SZ,20250506,70.62,3.052,215.53224000000003
300474.SZ,20250507,68.2,3.052,208.1464
300474.SZ,20250508,70.57,3.052,215.37964
300474.SZ,20250509,69.1,3.052,210.89319999999998
300474.SZ,20250512,72.53,3.052,221.36156
300474.SZ,20250513,70.59,3.052,215.44068000000001
300474.SZ,20250514,70.2,3.052,214.2504
300474.SZ,20250515,67.8,3.052,206.9256
300474.SZ,20250516,67.51,3.052,206.04052000000001
300474.SZ,20250519,68.0,3.052,207.536
300474.SZ,20250520,67.73,3.052,206.71196
300474.SZ,20250521,67.06,3.052,204.66712
300474.SZ,20250522,66.71,3.052,203.59892
300474.SZ,20250523,65.35,3.052,199.44819999999999
300474.SZ,20250526,67.56,3.0548,206.38228800000002
300474.SZ,20250527,66.33,3.0548,202.624884
300474.SZ,20250528,65.12,3.0548,198.92857600000002
300474.SZ,20250529,67.4,3.0548,205.89352000000002
300474.SZ,20250530,66.0,3.0548,201.6168
300474.SZ,20250603,66.36,3.0548,202.716528
300474.SZ,20250604,67.69,3.0548,206.779412
300474.SZ,20250605,68.89,3.0548,210.445172
300474.SZ,20250606,71.99,3.0548,219.915052
300474.SZ,20250609,71.07,3.0548,217.104636
300474.SZ,20250610,71.04,3.0548,217.01299200000003
300474.SZ,20250611,71.1,3.0548,217.19628
300474.SZ,20250612,71.15,3.0548,217.34902000000002
300474.SZ,20250613,73.04,3.0548,223.12259200000003
300474.SZ,20250616,72.67,3.0548,221.99231600000002
300474.SZ,20250617,71.08,3.0548,217.135184
300474.SZ,20250618,70.62,3.0548,215.72997600000002
300474.SZ,20250619,69.12,3.0548,211.14777600000002
300474.SZ,20250620,67.83,3.0548,207.207084
300474.SZ,20250623,68.89,3.0548,210.445172
300474.SZ,20250624,70.53,3.0548,215.45504400000002
300474.SZ,20250625,72.0,3.0548,219.9456
300474.SZ,20250626,71.84,3.0548,219.45683200000002
300474.SZ,20250627,72.3,3.0548,220.86204
300474.SZ,20250630,73.0,3.0548,223.0004
300474.SZ,20250701,72.6,3.0548,221.77848
300474.SZ,20250702,71.84,3.0548,219.45683200000002
300474.SZ,20250703,72.0,3.0548,219.9456
300474.SZ,20250704,70.94,3.0548,216.707512
300474.SZ,20250707,71.18,3.0548,217.44066400000003
300474.SZ,20250708,71.46,3.0548,218.296008
300474.SZ,20250709,70.92,3.0548,216.64641600000002
300474.SZ,20250710,71.92,3.0548,219.70121600000002
300474.SZ,20250711,72.43,3.0548,221.25916400000003
300474.SZ,20250714,71.51,3.0548,218.44874800000002
300474.SZ,20250715,70.9,3.0548,216.58532000000002
300474.SZ,20250716,74.34,3.0548,227.09383200000002
300474.SZ,20250717,74.66,3.0548,228.071368
300474.SZ,20250718,74.3,3.0548,226.97164
300474.SZ,20250721,73.66,3.0548,225.016568
300474.SZ,20250722,73.03,3.0548,223.09204400000002
300474.SZ,20250723,73.07,3.0548,223.214236
300474.SZ,20250724,73.98,3.0548,225.99410400000002
300474.SZ,20250725,78.29,3.0548,239.16029200000003
300474.SZ,20250728,79.97,3.0548,244.292356
300474.SZ,20250729,78.86,3.0548,240.901528
300474.SZ,20250730,77.26,3.0548,236.01384800000002
300474.SZ,20250731,79.6,3.0548,243.16208
300474.SZ,20250801,79.71,3.0548,243.498108
300474.SZ,20250804,81.82,3.0548,249.943736
300474.SZ,20250805,84.75,3.0548,258.89430000000004
300474.SZ,20250806,83.97,3.0548,256.511556
300474.SZ,20250807,84.12,3.0548,256.969776
300474.SZ,20250808,82.2,3.0548,251.10456000000002
300474.SZ,20250811,83.9,3.0548,256.29772
300474.SZ,20250812,85.22,3.0548,260.330056
300474.SZ,20250813,84.74,3.0548,258.863752
300474.SZ,20250814,84.4,3.0548,257.82512
300474.SZ,20250815,87.77,3.0548,268.119796
300474.SZ,20250818,90.02,3.0548,274.993096
300474.SZ,20250819,83.27,3.0548,254.373196
300474.SZ,20250820,83.72,3.0548,255.747856
300474.SZ,20250821,80.36,3.0548,245.483728
300474.SZ,20250822,88.4,3.0548,270.04432
300474.SZ,20250825,90.86,3.0548,277.559128
300474.SZ,20250826,87.87,3.0548,268.42527600000005
300474.SZ,20250827,85.28,3.0548,260.513344
300474.SZ,20250828,87.9,3.0548,268.51692
300474.SZ,20250829,85.0,3.0548,259.658
300474.SZ,20250901,85.6,3.0548,261.49088
300474.SZ,20250902,81.55,3.0548,249.11894
300474.SZ,20250903,78.86,3.0548,240.901528
300474.SZ,20250904,74.3,3.0548,226.97164
300474.SZ,20250905,76.61,3.0548,234.028228
300474.SZ,20250908,76.71,3.0548,234.333708
300474.SZ,20250909,74.86,3.0548,228.682328
300474.SZ,20250910,75.22,3.0548,229.782056
300474.SZ,20250911,77.87,3.0548,237.87727600000002
300474.SZ,20250912,78.35,3.0548,239.34358
300474.SZ,20250915,78.01,3.0548,238.30494800000002
300474.SZ,20250916,79.74,3.0548,243.589752
300474.SZ,20250917,78.89,3.0548,240.99317200000002
300474.SZ,20250918,77.54,3.0548,236.86919200000003
300474.SZ,20250919,77.6,3.0548,237.05248
300474.SZ,20250922,80.8,3.0548,246.82784
300474.SZ,20250923,82.79,3.0548,252.90689200000003
300474.SZ,20250924,82.79,3.0548,252.90689200000003
300474.SZ,20250925,82.78,3.0548,252.87634400000002
300474.SZ,20250926,80.26,3.0548,245.17824800000002
300474.SZ,20250929,79.6,3.0548,243.16208
300474.SZ,20250930,82.75,3.0548,252.78470000000002
300474.SZ,20251009,82.95,3.0548,253.39566000000002
300474.SZ,20251010,77.84,3.0548,237.78563200000002
300474.SZ,20251013,78.65,3.0548,240.26002000000003
300474.SZ,20251014,76.02,3.0548,232.225896
300474.SZ,20251015,76.71,3.0548,234.333708
300474.SZ,20251016,74.45,3.0548,227.42986000000002
300474.SZ,20251017,71.51,3.0548,218.44874800000002
300474.SZ,20251020,74.99,3.0548,229.079452
300474.SZ,20251021,75.53,3.0548,230.72904400000002
300474.SZ,20251022,74.0,3.0548,226.0552
300474.SZ,20251023,73.34,3.0548,224.03903200000002
300474.SZ,20251024,75.66,3.0548,231.126168
300474.SZ,20251027,76.3,3.0548,233.08124
300474.SZ,20251028,75.35,3.0548,230.17918
300474.SZ,20251029,76.93,3.0548,235.00576400000003
300474.SZ,20251030,75.31,3.0548,230.05698800000002
300474.SZ,20251031,75.64,3.0548,231.06507200000001
300474.SZ,20251103,74.95,3.0548,228.95726000000002
300474.SZ,20251104,73.46,3.0548,224.405608
300474.SZ,20251105,72.8,3.0548,222.38944
300474.SZ,20251106,73.34,3.0548,224.03903200000002
300474.SZ,20251107,72.33,3.0548,220.953684
300474.SZ,20251110,72.58,3.0548,221.717384
300474.SZ,20251111,71.8,3.0548,219.33464
300474.SZ,20251112,70.13,3.0548,214.233124
300474.SZ,20251113,70.75,3.0548,216.1271
300474.SZ,20251114,70.66,3.0548,215.852168
300474.SZ,20251117,72.22,3.0548,220.617656
300474.SZ,20251118,72.24,3.0548,220.678752
300474.SZ,20251119,72.88,3.0548,222.633824
300474.SZ,20251120,72.93,3.0548,222.78656400000003
300474.SZ,20251121,69.76,3.0548,213.10284800000002
300474.SZ,20251124,71.35,3.0548,217.95998
300474.SZ,20251125,72.9,3.0548,222.69492000000002
300474.SZ,20251126,73.63,3.0548,224.924924
300474.SZ,20251127,73.1,3.0548,223.30588
300474.SZ,20251128,72.6,3.0548,221.77848
300474.SZ,20251201,73.93,3.0548,225.84136400000003
300474.SZ,20251202,72.28,3.0548,220.80094400000002
300474.SZ,20251203,71.18,3.0548,217.44066400000003
300474.SZ,20251204,75.29,3.0548,229.99589200000003
300474.SZ,20251205,73.34,3.0548,224.03903200000002
300474.SZ,20251208,73.4,3.0548,224.22232000000002
300474.SZ,20251209,73.09,3.0548,223.27533200000002
300474.SZ,20251210,73.71,3.0548,225.169308
300474.SZ,20251211,75.92,3.0548,231.92041600000002
300474.SZ,20251212,78.0,3.0548,238.2744
300474.SZ,20251215,77.71,3.0548,237.388508
300474.SZ,20251216,76.24,3.0548,232.897952
300474.SZ,20251217,78.82,3.0548,240.779336
300474.SZ,20251218,75.78,3.0548,231.49274400000002
300474.SZ,20251219,75.03,3.0548,229.20164400000002
300474.SZ,20251222,75.54,3.0548,230.75959200000003
300474.SZ,20251223,74.4,3.0548,227.27712000000002
300474.SZ,20251224,74.78,3.0548,228.43794400000002
300474.SZ,20251225,75.32,3.0548,230.087536
300474.SZ,20251226,74.28,3.0548,226.91054400000002
300474.SZ,20251229,73.15,3.0548,223.45862000000002
300474.SZ,20251230,72.7,3.0548,222.08396000000002
300474.SZ,20251231,71.87,3.0548,219.54847600000002
300474.SZ,20260105,74.0,3.0548,226.0552
300474.SZ,20260106,74.29,3.0548,226.94109200000003
300474.SZ,20260107,73.53,3.0548,224.61944400000002
300474.SZ,20260108,74.87,3.0548,228.71287600000002
300474.SZ,20260109,75.55,3.0548,230.79014
300474.SZ,20260112,79.34,3.0548,242.36783200000002
300474.SZ,20260113,76.16,3.0548,232.653568
300474.SZ,20260114,76.79,3.0548,234.57809200000003
300474.SZ,20260115,75.0,3.0548,229.11
300474.SZ,20260116,76.27,3.0548,232.989596
300474.SZ,20260119,75.91,3.0548,231.889868
300474.SZ,20260120,74.46,3.0548,227.460408
300474.SZ,20260121,78.03,3.0548,238.36604400000002
300474.SZ,20260122,78.38,3.0548,239.435224
300474.SZ,20260123,78.46,3.0548,239.679608
300474.SZ,20260126,76.01,3.0548,232.19534800000002
300474.SZ,20260127,76.9,3.0548,234.91412000000003
300474.SZ,20260128,78.7,3.0548,240.41276000000002
300474.SZ,20260129,76.48,3.0548,233.63110400000002
300474.SZ,20260130,74.28,3.0548,226.91054400000002
300474.SZ,20260202,70.9,3.0548,216.58532000000002
300474.SZ,20260203,71.98,3.0548,219.88450400000002
300474.SZ,20260204,71.97,3.0548,219.853956
300474.SZ,20260205,70.91,3.0548,216.615868
300474.SZ,20260206,70.31,3.0548,214.78298800000002
300474.SZ,20260209,71.84,3.0548,219.45683200000002
300474.SZ,20260210,71.52,3.0548,218.479296
300474.SZ,20260211,71.59,3.0548,218.69313200000002
300474.SZ,20260212,72.64,3.0548,221.90067200000001
300474.SZ,20260213,71.58,3.0548,218.662584
300474.SZ,20260224,71.9,3.0548,219.64012000000002
300474.SZ,20260225,71.96,3.0548,219.823408
300474.SZ,20260226,72.12,3.0548,220.31217600000002
300474.SZ,20260227,72.04,3.0548,220.06779200000003
300474.SZ,20260302,72.49,3.0548,221.442452
300474.SZ,20260303,72.68,3.0548,222.02286400000003
300474.SZ,20260304,68.03,3.0548,207.81804400000001
300474.SZ,20260305,67.28,3.0548,205.52694400000001
300474.SZ,20260306,67.52,3.0548,206.260096
300474.SZ,20260309,66.01,3.0548,201.64734800000002
300474.SZ,20260310,67.49,3.0548,206.168452
300474.SZ,20260311,66.37,3.0548,202.74707600000002
300474.SZ,20260312,65.6,3.0548,200.39488
300474.SZ,20260313,64.64,3.0548,197.462272
300474.SZ,20260316,65.75,3.0548,200.8531
300474.SZ,20260317,64.27,3.0548,196.331996
300474.SZ,20260318,65.57,3.0548,200.303236
300474.SZ,20260319,64.62,3.0548,197.40117600000002
300474.SZ,20260320,64.43,3.0548,196.82076400000003
300474.SZ,20260323,59.78,3.0548,182.615944
300474.SZ,20260324,60.36,3.0548,184.387728
300474.SZ,20260325,60.89,3.0548,186.006772
300474.SZ,20260326,59.36,3.0548,181.332928
300474.SZ,20260327,59.4,3.0548,181.45512
300474.SZ,20260330,58.28,3.0548,178.033744
300474.SZ,20260331,57.61,3.0548,175.987028
300474.SZ,20260401,58.26,3.0548,177.972648
300474.SZ,20260402,56.03,3.0548,171.160444
300474.SZ,20260403,55.05,3.0548,168.16674
300474.SZ,20260407,56.15,3.0548,171.52702
300474.SZ,20260408,59.15,3.0548,180.69142
300474.SZ,20260409,58.57,3.0548,178.91963600000003
300474.SZ,20260410,59.54,3.0548,181.882792
300474.SZ,20260413,60.24,3.0548,184.02115200000003
300474.SZ,20260414,60.83,3.0548,185.823484
300474.SZ,20260415,60.84,3.0548,185.85403200000002
300474.SZ,20260416,60.91,3.0548,186.067868
300474.SZ,20260417,61.64,3.0548,188.297872
300474.SZ,20260420,62.3,3.0548,190.31404
300474.SZ,20260421,61.37,3.0548,187.473076
300474.SZ,20260422,61.73,3.0548,188.572804
300474.SZ,20260423,62.12,3.0548,189.764176
300474.SZ,20260424,60.8,3.0548,185.73184
300474.SZ,20260427,63.68,3.0548,194.529664
300474.SZ,20260428,62.12,3.0548,189.764176
300474.SZ,20260429,61.72,3.0548,188.542256
300474.SZ,20260430,65.98,3.0548,201.55570400000002
300474.SZ,20260506,67.16,3.0548,205.160368
300474.SZ,20260507,67.3,3.0548,205.58804
300474.SZ,20260508,66.46,3.0548,203.022008
300474.SZ,20260511,67.49,3.0548,206.168452
300474.SZ,20260512,68.57,3.0548,209.467636
300474.SZ,20260513,68.31,3.0548,208.67338800000002
300474.SZ,20260514,65.59,3.0548,200.36433200000002
300474.SZ,20260515,64.64,3.0548,197.462272
300474.SZ,20260518,64.9,3.0548,198.25652000000002
300474.SZ,20260519,65.11,3.0548,198.898028
300474.SZ,20260520,65.19,3.0548,199.142412
300474.SZ,20260521,62.3,3.0548,190.31404
300474.SZ,20260522,63.31,3.0548,193.39938800000002
300474.SZ,20260525,67.05,3.0548,204.82434
300474.SZ,20260526,64.54,3.0548,197.15679200000002
300474.SZ,20260527,63.22,3.0548,193.124456
300474.SZ,20260528,63.31,3.0548,193.39938800000002
300474.SZ,20260529,57.87,3.0548,176.781276
300474.SZ,20260601,56.61,3.0548,172.932228
300474.SZ,20260602,55.84,3.0548,170.58003200000002
300474.SZ,20260603,57.68,3.0548,176.200864
300474.SZ,20260604,58.13,3.0548,177.57552400000003
300474.SZ,20260605,56.37,3.0548,172.199076
