ts_code,trade_date,open,high,low,close,pre_close,change,pct_chg,vol,amount
000338.SZ,20150105,113.74,122.07,113.12,120.34,112.54,7.799999999999997,6.93,704952.79,2026692.5471
000338.SZ,20150106,119.18,128.63,117.99,123.51,120.34,3.1700000000000017,2.63,730587.0,2193695.7613
000338.SZ,20150107,124.54,126.15,120.13,123.23,123.51,-0.28000000000000114,-0.23,434867.03,1293941.6965
000338.SZ,20150108,123.23,123.47,118.85,119.27,123.23,-3.960000000000008,-3.21,352990.98,1028747.8736
000338.SZ,20150109,118.61,122.81,117.53,118.24,119.27,-1.0300000000000011,-0.86,374594.02,1094791.9892
000338.SZ,20150112,117.53,117.58,113.29,115.39,118.24,-2.8499999999999943,-2.41,346695.23,968280.9235
000338.SZ,20150113,115.35,117.41,114.65,116.05,115.39,0.6599999999999966,0.57,201571.57,568034.8277
000338.SZ,20150114,116.13,116.83,113.41,114.28,116.05,-1.769999999999996,-1.53,232199.42,646084.1286
000338.SZ,20150115,114.28,118.56,112.75,118.32,114.28,4.039999999999992,3.54,272466.12,765095.4509
000338.SZ,20150116,118.48,119.55,116.63,118.11,118.32,-0.20999999999999375,-0.18,284197.52,812984.9965
000338.SZ,20150119,111.35,113.41,106.32,106.32,118.11,-11.790000000000006,-9.98,521784.67,1388430.7677
000338.SZ,20150120,108.13,109.74,106.48,108.54,106.32,2.220000000000013,2.09,297272.11,781196.8307
000338.SZ,20150121,108.67,113.2,107.88,112.96,108.54,4.4199999999999875,4.07,356138.07,957744.1019
000338.SZ,20150122,112.96,113.95,111.43,113.08,112.96,0.12000000000000455,0.11,225351.87,615440.1968
000338.SZ,20150123,113.41,114.19,111.35,111.6,113.08,-1.480000000000004,-1.31,230606.62,628649.5447
000338.SZ,20150126,111.39,113.41,110.85,113.41,111.6,1.8100000000000023,1.62,197810.27,539831.3108
000338.SZ,20150127,113.74,114.98,111.02,112.83,113.41,-0.5799999999999983,-0.51,284252.34,780278.7356
000338.SZ,20150128,111.97,112.42,110.52,110.69,112.83,-2.1400000000000006,-1.9,213819.71,576804.3591
000338.SZ,20150129,109.74,110.03,107.6,108.25,110.69,-2.4399999999999977,-2.2,210359.93,554263.2421
000338.SZ,20150130,109.29,109.57,107.22,108.21,108.25,-0.04000000000000625,-0.04,156149.16,410759.6783
000338.SZ,20150202,106.69,108.38,105.9,106.61,108.21,-1.5999999999999943,-1.48,144648.89,374784.3481
000338.SZ,20150203,107.97,109.0,106.61,108.75,106.61,2.1400000000000006,2.01,145667.99,380865.6756
000338.SZ,20150204,108.83,111.22,108.83,109.0,108.75,0.25,0.23,184422.23,492099.8534
000338.SZ,20150205,110.98,111.27,106.89,107.18,109.0,-1.8199999999999932,-1.67,158276.52,419241.8758
000338.SZ,20150206,107.06,107.93,104.58,105.04,107.18,-2.1400000000000006,-2.0,152969.19,393982.6525
000338.SZ,20150209,104.96,105.0,102.52,103.55,105.04,-1.490000000000009,-1.42,155455.67,390853.6024
000338.SZ,20150210,103.55,105.74,103.1,105.45,103.55,1.9000000000000057,1.83,118306.25,301046.6731
000338.SZ,20150211,105.49,107.64,105.49,106.52,105.45,1.0699999999999932,1.01,103296.57,267358.9434
000338.SZ,20150212,107.02,107.39,105.62,106.81,106.52,0.29000000000000625,0.27,91258.78,235830.0924
000338.SZ,20150213,107.35,110.23,107.35,108.58,106.81,1.769999999999996,1.66,174983.34,462666.7318
000338.SZ,20150216,108.58,110.81,108.25,110.32,108.58,1.7399999999999949,1.6,122652.02,325725.0115
000338.SZ,20150217,110.73,112.59,110.73,110.94,110.32,0.6200000000000045,0.56,155550.86,420752.6171
000338.SZ,20150225,111.6,111.76,109.41,109.7,110.94,-1.2399999999999949,-1.12,142799.87,381827.8473
000338.SZ,20150226,109.29,111.97,107.84,111.97,109.7,2.269999999999996,2.07,236206.18,632131.4081
000338.SZ,20150227,111.93,112.38,110.56,110.89,111.97,-1.0799999999999983,-0.96,161631.76,436281.3168
000338.SZ,20150302,111.84,113.12,111.35,111.84,110.89,0.9500000000000028,0.86,256177.55,695916.6512
000338.SZ,20150303,112.17,112.21,108.3,108.34,111.84,-3.5,-3.13,270606.43,721175.8144
000338.SZ,20150304,109.08,109.95,108.46,109.41,108.34,1.0699999999999932,0.99,169917.39,450102.8838
000338.SZ,20150305,109.37,109.45,106.52,107.51,109.41,-1.8999999999999915,-1.74,214967.46,560784.9607
000338.SZ,20150306,107.43,108.21,106.77,107.18,107.51,-0.3299999999999983,-0.31,119907.1,312436.892
000338.SZ,20150309,106.32,108.67,104.58,108.58,107.18,1.3999999999999915,1.31,184019.74,475023.5854
000338.SZ,20150310,108.46,109.2,107.84,108.17,108.58,-0.4099999999999966,-0.38,135410.69,356183.6625
000338.SZ,20150311,108.46,109.53,108.09,108.46,108.17,0.28999999999999204,0.27,160062.58,422317.7359
000338.SZ,20150312,108.58,111.27,108.5,111.22,108.46,2.760000000000005,2.54,259485.44,692746.7164
000338.SZ,20150313,111.68,112.09,110.36,110.69,111.22,-0.5300000000000011,-0.48,210215.48,565747.8619
000338.SZ,20150316,111.1,113.0,110.19,112.96,110.69,2.269999999999996,2.05,322136.43,874525.4476
000338.SZ,20150317,113.41,118.52,112.79,118.15,112.96,5.190000000000012,4.59,650260.4,1832989.8055
000338.SZ,20150318,118.28,118.98,116.54,118.61,118.15,0.45999999999999375,0.39,383927.73,1096243.93
000338.SZ,20150319,118.36,118.56,116.05,116.92,118.61,-1.6899999999999977,-1.42,322121.19,916976.3419
000338.SZ,20150320,117.04,118.65,115.76,117.58,116.92,0.6599999999999966,0.56,315440.77,897544.068
000338.SZ,20150323,118.28,120.54,118.28,119.72,117.58,2.1400000000000006,1.82,381734.94,1104817.6865
000338.SZ,20150324,119.76,119.93,115.06,117.2,119.72,-2.519999999999996,-2.1,459459.55,1306717.4327
000338.SZ,20150325,117.2,126.15,116.34,123.93,117.2,6.730000000000004,5.74,703135.41,2099163.2491
000338.SZ,20150326,123.72,129.0,122.07,125.37,123.93,1.4399999999999977,1.16,532591.64,1631819.8707
000338.SZ,20150327,125.78,126.48,123.14,125.53,125.37,0.1599999999999966,0.13,354236.11,1072902.7398
000338.SZ,20150330,126.94,137.45,126.9,132.79,125.53,7.259999999999991,5.78,535548.63,1727338.4256
000338.SZ,20150331,136.09,137.0,128.26,129.0,132.79,-3.789999999999992,-2.85,730067.4,2328367.9681
000338.SZ,20150401,129.25,132.71,129.25,131.35,129.0,2.3499999999999943,1.82,462411.0,1466777.7295
000338.SZ,20150402,132.38,132.96,129.66,131.14,131.35,-0.21000000000000796,-0.16,391380.52,1241917.921
000338.SZ,20150403,130.65,134.03,129.7,132.96,131.14,1.8200000000000216,1.39,457623.78,1466731.8781
000338.SZ,20150407,134.03,138.69,134.03,136.46,132.96,3.5,2.63,633993.25,2101799.2043
000338.SZ,20150408,137.33,138.57,133.21,135.6,136.46,-0.8600000000000136,-0.63,518291.64,1709385.1346
000338.SZ,20150409,135.6,137.62,131.14,133.45,135.6,-2.1500000000000057,-1.59,527515.2,1712251.6372
000338.SZ,20150410,133.45,136.42,132.38,135.72,133.45,2.2700000000000102,1.7,414779.35,1357292.7854
000338.SZ,20150413,136.5,146.4,134.81,144.34,135.72,8.620000000000005,6.35,772473.74,2619158.6221
000338.SZ,20150414,143.27,147.47,141.49,143.39,144.34,-0.950000000000017,-0.66,577732.55,2026252.5435
000338.SZ,20150415,143.1,143.1,136.5,137.0,143.39,-6.389999999999986,-4.46,501384.58,1691651.5702
000338.SZ,20150416,136.5,141.21,133.45,138.2,137.0,1.1999999999999886,0.88,467576.85,1558361.0074
000338.SZ,20150417,139.39,144.92,138.86,142.57,138.2,4.3700000000000045,3.16,695444.03,2383092.7291
000338.SZ,20150420,143.1,146.86,138.2,138.77,142.57,-3.799999999999983,-2.67,790176.07,2721065.712
000338.SZ,20150421,138.81,142.57,138.81,142.4,138.77,3.6299999999999955,2.62,453259.69,1549517.8276
000338.SZ,20150422,143.93,146.24,142.65,145.0,142.4,2.5999999999999943,1.83,610594.15,2137718.4303
000338.SZ,20150423,145.54,145.91,141.7,142.61,145.0,-2.3899999999999864,-1.65,525400.36,1824863.1166
000338.SZ,20150424,140.22,141.37,136.71,138.69,142.61,-3.920000000000016,-2.75,519378.57,1751431.772
000338.SZ,20150427,139.19,142.15,139.14,140.46,138.69,1.7700000000000102,1.28,456778.48,1555257.8011
000338.SZ,20150428,140.26,140.26,134.07,134.9,140.46,-5.560000000000002,-3.96,526121.06,1743248.1363
000338.SZ,20150429,131.97,133.37,127.84,132.55,134.9,-2.3499999999999943,-1.74,468699.97,1494966.8789
000338.SZ,20150430,132.55,134.4,129.66,129.95,132.55,-2.6000000000000227,-1.96,492830.23,1567290.8299
000338.SZ,20150504,129.82,132.3,129.16,131.06,129.95,1.1100000000000136,0.85,335391.56,1064146.3138
000338.SZ,20150505,130.98,130.98,123.47,123.88,131.06,-7.180000000000007,-5.48,582823.71,1790104.4108
000338.SZ,20150506,124.67,126.52,121.45,122.15,123.88,-1.7299999999999898,-1.4,427718.29,1290855.8021
000338.SZ,20150507,122.36,125.58,122.36,124.54,122.15,2.3900000000000006,1.96,328538.51,987889.7345
000338.SZ,20150508,125.08,125.99,123.23,125.16,124.54,0.6199999999999903,0.5,486141.5,1468592.9667
000338.SZ,20150511,126.19,128.63,125.2,128.42,125.16,3.259999999999991,2.6,615509.88,1891112.034
000338.SZ,20150512,128.5,128.5,126.28,127.89,128.42,-0.5299999999999869,-0.41,425455.59,1316341.7716
000338.SZ,20150513,127.93,129.0,126.73,128.01,127.89,0.11999999999999034,0.09,412361.04,1275551.303
000338.SZ,20150514,127.93,128.55,125.16,125.91,128.01,-2.0999999999999943,-1.64,357678.51,1096401.0414
000338.SZ,20150515,125.12,125.12,121.58,122.19,125.91,-3.719999999999999,-2.95,427082.5,1271198.8094
000338.SZ,20150518,121.66,124.5,120.63,122.4,122.19,0.21000000000000796,0.17,301125.95,898826.6178
000338.SZ,20150519,123.02,128.42,123.02,128.3,122.4,5.900000000000006,4.82,539723.64,1659052.615
000338.SZ,20150520,128.67,131.47,128.34,128.83,128.3,0.5300000000000011,0.41,576633.14,1817275.2078
000338.SZ,20150521,128.83,131.84,127.84,131.51,128.83,2.6799999999999784,2.08,494656.88,1562022.2916
000338.SZ,20150522,132.05,135.6,132.05,134.81,131.51,3.3000000000000114,2.51,620639.72,2017939.5868
000338.SZ,20150525,134.94,138.15,134.94,137.29,134.81,2.4799999999999898,1.84,595265.22,1977855.5462
000338.SZ,20150526,138.15,138.9,135.18,138.32,137.29,1.0300000000000011,0.75,706055.92,2351447.7882
000338.SZ,20150527,138.48,138.9,134.77,135.6,138.32,-2.719999999999999,-1.97,661703.05,2185095.6252
000338.SZ,20150528,135.68,138.81,127.89,128.17,135.6,-7.430000000000007,-5.48,784434.74,2563413.6848
000338.SZ,20150529,128.17,130.03,122.48,127.02,128.17,-1.1499999999999915,-0.9,501649.77,1542369.041
000338.SZ,20150601,127.27,133.21,127.27,132.83,127.02,5.8100000000000165,4.57,445763.59,1415758.0751
000338.SZ,20150602,136.09,146.11,135.27,146.11,132.83,13.280000000000001,10.0,1258647.64,4379690.0492
000338.SZ,20150603,150.24,151.14,142.94,145.87,146.11,-0.2400000000000091,-0.16,1048817.41,3740479.0981
000338.SZ,20150604,145.87,145.87,133.0,143.23,145.87,-2.640000000000015,-1.81,692564.44,2367164.5279
000338.SZ,20150605,144.13,150.2,143.27,146.03,143.23,2.8000000000000114,1.95,825734.52,2931696.7966
000338.SZ,20150608,146.03,148.38,140.59,146.73,146.03,0.6999999999999886,0.48,815656.28,2863813.8133
000338.SZ,20150609,146.4,151.76,143.52,149.87,146.73,3.140000000000015,2.14,989638.91,3569980.209
000338.SZ,20150610,147.64,149.7,145.41,146.98,149.87,-2.890000000000015,-1.93,661790.91,2369738.7532
000338.SZ,20150611,146.44,146.44,143.56,145.91,146.98,-1.0699999999999932,-0.73,570014.29,2001537.9271
000338.SZ,20150612,145.95,149.08,144.38,147.76,145.91,1.8499999999999943,1.27,736519.89,2628771.5413
000338.SZ,20150615,148.63,154.65,146.77,151.6,147.76,3.8400000000000034,2.6,1041423.32,3802364.3179
000338.SZ,20150616,149.29,150.48,142.73,143.85,151.6,-7.75,-5.11,702164.01,2497549.4764
000338.SZ,20150617,143.35,145.91,137.45,144.83,143.85,0.9800000000000182,0.68,515042.76,1779517.9384
000338.SZ,20150618,144.3,144.96,136.17,136.88,144.83,-7.950000000000017,-5.49,451404.1,1548289.0911
000338.SZ,20150619,135.27,137.66,127.02,127.35,136.88,-9.530000000000001,-6.96,467733.58,1503001.4279
000338.SZ,20150623,127.89,133.95,125.78,133.82,127.35,6.469999999999999,5.08,496132.72,1571743.5699
000338.SZ,20150624,134.65,137.29,133.58,136.5,133.82,2.680000000000007,2.0,495920.04,1628612.9581
000338.SZ,20150625,137.66,137.95,128.42,130.73,136.5,-5.77000000000001,-4.23,443809.66,1445788.6865
000338.SZ,20150626,127.84,129.7,117.66,119.88,130.73,-10.849999999999994,-8.3,654863.69,1959410.9748
000338.SZ,20150629,124.34,126.19,108.46,119.02,119.88,-0.8599999999999994,-0.72,610188.34,1768873.473
000338.SZ,20150630,119.27,130.73,113.25,130.57,119.02,11.549999999999997,9.7,621250.44,1852662.8293
000338.SZ,20150701,129.91,133.29,123.31,123.72,130.57,-6.849999999999994,-5.25,518366.18,1612385.8247
000338.SZ,20150702,123.76,126.52,113.41,114.69,123.72,-9.030000000000001,-7.3,478263.48,1391130.3929
000338.SZ,20150703,113.41,117.45,103.22,103.22,114.69,-11.469999999999999,-10.0,603204.4,1583115.2337
000338.SZ,20150706,113.49,113.49,94.03,101.45,103.22,-1.769999999999996,-1.71,691946.72,1737726.8394
000338.SZ,20150707,98.15,99.39,91.35,93.99,101.45,-7.460000000000008,-7.35,956072.99,2197518.9575
000338.SZ,20150708,84.58,87.35,84.58,84.58,93.99,-9.409999999999997,-10.01,814013.09,1677034.0236
000338.SZ,20150709,84.58,93.04,78.44,93.04,84.58,8.460000000000008,10.0,558018.8,1207045.6778
000338.SZ,20150710,96.54,102.36,96.54,102.36,93.04,9.319999999999993,10.02,458491.09,1124825.1479
000338.SZ,20150713,106.4,112.59,104.34,112.59,102.36,10.230000000000004,9.99,706910.24,1869288.0424
000338.SZ,20150714,111.27,116.67,107.22,108.21,112.59,-4.38000000000001,-3.89,649956.49,1747616.0668
000338.SZ,20150715,103.1,105.08,97.41,97.41,108.21,-10.799999999999997,-9.98,544654.33,1325554.7509
000338.SZ,20150716,91.18,101.04,90.98,97.16,97.41,-0.25,-0.26,406823.53,950346.8008
000338.SZ,20150717,97.12,103.72,96.21,102.19,97.16,5.030000000000001,5.18,404426.28,986252.4454
000338.SZ,20150720,101.45,104.67,99.8,101.29,102.19,-0.8999999999999915,-0.88,405844.9,1004941.602
000338.SZ,20150721,99.8,103.51,99.02,102.77,101.29,1.4799999999999898,1.46,348769.2,860502.1699
000338.SZ,20150722,103.1,105.53,100.21,102.65,102.77,-0.11999999999999034,-0.12,416265.73,1038408.9142
000338.SZ,20150723,102.52,105.16,100.79,104.79,102.65,2.1400000000000006,2.08,483058.14,1211704.0641
000338.SZ,20150724,104.96,107.6,103.35,104.01,104.79,-0.7800000000000011,-0.74,601731.39,1543830.9222
000338.SZ,20150727,102.28,103.43,93.61,93.61,104.01,-10.400000000000006,-10.0,516001.7,1238461.4714
000338.SZ,20150728,91.72,96.21,84.46,91.43,93.61,-2.1799999999999926,-2.33,393995.02,862934.9724
000338.SZ,20150729,92.38,95.8,89.66,95.68,91.43,4.25,4.65,248758.76,557874.4937
000338.SZ,20150730,96.3,96.71,92.79,92.91,95.68,-2.7700000000000102,-2.9,261108.57,603553.22
000338.SZ,20150731,91.97,95.68,91.1,92.63,92.91,-0.28000000000000114,-0.3,220188.52,499244.5967
000338.SZ,20150803,92.34,92.34,88.67,89.9,92.63,-2.7299999999999898,-2.95,203448.74,444564.7538
000338.SZ,20150804,91.14,95.26,90.73,94.89,89.9,4.989999999999995,5.55,233259.65,527017.8878
000338.SZ,20150805,94.89,97.99,93.94,94.44,94.89,-0.45000000000000284,-0.47,234633.31,544561.5808
000338.SZ,20150806,93.04,95.26,92.38,93.74,94.44,-0.7000000000000028,-0.74,159421.66,362167.7017
000338.SZ,20150807,94.85,96.17,94.23,95.76,93.74,2.0200000000000102,2.15,190651.15,441029.8319
000338.SZ,20150810,96.3,100.46,96.01,99.8,95.76,4.039999999999992,4.22,331710.75,790868.5174
000338.SZ,20150811,99.8,102.89,99.14,100.63,99.8,0.8299999999999983,0.83,328159.24,803214.0635
000338.SZ,20150812,99.39,110.65,99.02,105.78,100.63,5.150000000000006,5.12,545751.82,1395625.4948
000338.SZ,20150813,105.29,105.95,101.7,105.62,105.78,-0.1599999999999966,-0.15,450571.87,1135565.4505
000338.SZ,20150814,106.4,106.73,103.97,105.33,105.62,-0.29000000000000625,-0.27,293067.09,750685.2992
000338.SZ,20150817,105.24,107.88,104.75,107.14,105.33,1.8100000000000023,1.72,274089.2,708627.5075
000338.SZ,20150818,107.64,108.21,97.33,98.03,107.14,-9.11,-8.5,389810.83,974211.695
000338.SZ,20150819,96.87,101.2,94.36,100.91,98.03,2.8799999999999955,2.94,287057.69,685580.251
000338.SZ,20150820,99.59,103.74,98.34,98.76,100.92,-2.1599999999999966,-2.14,363893.87,441296.6673
000338.SZ,20150821,97.93,98.59,89.71,89.88,98.76,-8.88000000000001,-8.99,414183.94,465944.6873
000338.SZ,20150824,86.72,86.81,80.92,80.92,89.88,-8.959999999999994,-9.97,406486.89,400189.2131
000338.SZ,20150825,72.87,76.77,72.87,72.87,80.92,-8.049999999999997,-9.95,717018.46,632445.6752
000338.SZ,20150826,73.36,76.35,67.06,68.22,72.87,-4.650000000000006,-6.38,568684.78,498606.8596
000338.SZ,20150827,68.38,72.12,67.06,71.95,68.22,3.730000000000004,5.47,470361.2,396860.9884
000338.SZ,20150828,73.03,77.6,72.37,76.93,71.95,4.980000000000004,6.92,563456.86,506137.7513
000338.SZ,20150831,76.85,78.18,72.95,78.18,76.93,1.25,1.62,520103.14,472623.0629
000338.SZ,20150901,76.68,79.42,72.28,79.17,78.18,0.9899999999999949,1.27,736301.62,675101.8528
000338.SZ,20150902,75.19,84.07,74.53,82.99,79.17,3.819999999999993,4.83,926057.28,897359.9307
000338.SZ,20150907,83.74,86.97,80.0,80.5,82.99,-2.489999999999995,-3.0,564714.21,569496.158
000338.SZ,20150908,79.5,82.74,76.1,81.83,80.5,1.3299999999999983,1.65,389118.45,371870.8655
000338.SZ,20150909,81.99,83.82,81.66,83.24,81.83,1.4099999999999966,1.72,497967.83,497011.8607
000338.SZ,20150910,82.16,82.74,79.67,79.92,83.24,-3.319999999999993,-3.99,277441.79,271692.4238
000338.SZ,20150911,79.5,81.0,78.18,79.26,79.92,-0.6599999999999966,-0.83,200253.51,192022.198
000338.SZ,20150914,79.5,81.08,72.2,73.11,79.26,-6.150000000000006,-7.76,355629.41,328608.5866
000338.SZ,20150915,68.72,73.28,68.72,69.55,73.11,-3.5600000000000023,-4.87,282004.35,239656.5824
000338.SZ,20150916,71.37,76.35,69.96,75.35,69.55,5.799999999999997,8.34,293094.36,256790.283
000338.SZ,20150917,75.11,76.43,72.78,72.87,75.35,-2.4799999999999898,-3.29,304307.87,274178.2402
000338.SZ,20150918,73.45,74.19,72.28,73.28,72.87,0.4099999999999966,0.56,163779.16,144900.0258
000338.SZ,20150921,72.78,75.27,71.79,74.94,73.28,1.6599999999999966,2.27,207293.27,184548.2098
000338.SZ,20150922,74.94,76.77,74.53,76.02,74.94,1.0799999999999983,1.44,287990.62,262585.199
000338.SZ,20150923,75.02,75.27,73.2,73.7,76.02,-2.319999999999993,-3.05,218583.59,195758.2387
000338.SZ,20150924,74.11,74.86,73.53,74.19,73.7,0.4899999999999949,0.66,146921.51,131112.7633
000338.SZ,20150925,74.19,74.19,70.38,70.96,74.19,-3.230000000000004,-4.35,223031.53,193673.4487
000338.SZ,20150928,71.45,72.53,70.79,72.04,70.96,1.0800000000000125,1.52,105907.91,91615.2262
000338.SZ,20150929,71.21,71.21,69.71,69.88,72.04,-2.160000000000011,-3.0,138263.41,117080.5653
000338.SZ,20150930,70.04,71.45,70.04,70.62,69.88,0.7400000000000091,1.06,106366.06,90739.9017
000338.SZ,20151008,75.52,75.52,72.95,73.36,70.62,2.739999999999995,3.88,215274.13,191577.4318
000338.SZ,20151009,73.53,74.53,73.03,74.11,73.36,0.75,1.02,221963.49,197480.7626
000338.SZ,20151012,74.44,78.43,74.28,77.84,74.11,3.730000000000004,5.03,433343.27,400559.94
000338.SZ,20151013,77.18,77.76,76.43,77.35,77.84,-0.4900000000000091,-0.63,290305.35,269865.2563
000338.SZ,20151014,76.77,77.84,75.85,76.02,77.35,-1.3299999999999983,-1.72,296610.59,274642.8112
000338.SZ,20151015,75.94,77.84,75.6,77.76,76.02,1.740000000000009,2.29,359772.74,333606.8071
000338.SZ,20151016,78.09,79.5,77.18,78.92,77.76,1.1599999999999966,1.49,461062.85,435324.8904
000338.SZ,20151019,79.17,79.5,77.68,78.43,78.92,-0.4899999999999949,-0.62,373255.27,353361.5124
000338.SZ,20151020,78.6,79.52,78.09,79.52,78.43,1.0899999999999892,1.39,340658.56,320710.8592
000338.SZ,20151021,79.69,79.69,72.98,73.9,79.52,-5.61999999999999,-7.07,492655.56,451332.3438
000338.SZ,20151022,73.9,75.74,73.06,75.58,73.9,1.6799999999999926,2.27,291632.44,259262.3098
000338.SZ,20151023,75.91,76.92,74.99,76.5,75.58,0.9200000000000017,1.22,352382.6,318750.719
000338.SZ,20151026,77.42,78.68,76.67,77.92,76.5,1.4200000000000017,1.86,407356.95,376518.8764
000338.SZ,20151027,77.51,77.59,74.74,77.25,77.92,-0.6700000000000017,-0.86,290141.56,264125.1797
000338.SZ,20151028,76.92,77.92,75.49,75.74,77.25,-1.5100000000000051,-1.95,287090.7,261937.2374
000338.SZ,20151029,76.25,76.5,75.24,76.0,75.74,0.2600000000000051,0.34,220616.15,199877.4422
000338.SZ,20151030,76.16,76.33,74.4,75.41,76.0,-0.5900000000000034,-0.78,239410.18,215396.4807
000338.SZ,20151102,74.4,75.41,73.81,74.4,75.41,-1.009999999999991,-1.34,212790.89,189461.9758
000338.SZ,20151103,74.82,75.32,74.23,74.65,74.4,0.25,0.34,154870.0,138088.6298
000338.SZ,20151104,74.99,78.43,74.65,78.43,74.65,3.780000000000001,5.06,545677.8,501952.8103
000338.SZ,20151105,78.51,81.95,78.01,79.94,78.43,1.509999999999991,1.93,777558.31,738798.7367
000338.SZ,20151106,79.94,81.28,79.18,80.78,79.94,0.8400000000000034,1.05,539063.66,516780.319
000338.SZ,20151109,80.11,87.65,79.69,85.39,80.78,4.609999999999999,5.71,876702.43,880105.9085
000338.SZ,20151110,84.38,85.98,83.04,85.22,85.39,-0.1700000000000017,-0.2,618165.09,621731.2695
000338.SZ,20151111,84.72,85.22,83.54,84.63,85.22,-0.5900000000000034,-0.69,375514.8,377773.4178
000338.SZ,20151112,84.47,84.8,82.45,83.21,84.63,-1.4200000000000017,-1.68,405573.85,403640.8809
000338.SZ,20151113,82.62,85.31,82.2,83.21,83.21,0.0,0.0,408937.38,408521.9522
000338.SZ,20151116,82.29,85.31,81.53,85.31,83.21,2.1000000000000085,2.52,330925.13,328763.3309
000338.SZ,20151117,85.98,89.25,85.81,86.65,85.31,1.3400000000000034,1.57,658548.87,687947.7249
000338.SZ,20151118,86.73,87.4,83.88,84.3,86.65,-2.3500000000000085,-2.71,329933.75,336226.8668
000338.SZ,20151119,84.63,85.47,83.88,85.22,84.3,0.9200000000000017,1.09,267201.69,269574.6053
000338.SZ,20151120,85.22,89.42,84.47,87.65,85.22,2.430000000000007,2.85,569164.76,589193.5357
000338.SZ,20151123,87.82,89.42,86.4,86.65,87.65,-1.0,-1.14,446495.54,467798.7277
000338.SZ,20151124,86.73,86.98,84.3,85.64,86.65,-1.0100000000000051,-1.17,304438.06,309461.5017
000338.SZ,20151125,85.73,87.4,85.05,86.48,85.64,0.8400000000000034,0.98,299245.57,308202.0426
000338.SZ,20151126,86.73,87.15,84.89,85.14,86.48,-1.3400000000000034,-1.55,306431.85,314100.8252
000338.SZ,20151127,85.05,85.05,78.26,79.52,85.14,-5.6200000000000045,-6.6,439374.61,433024.2805
000338.SZ,20151130,79.27,81.2,75.58,78.68,79.52,-0.8399999999999892,-1.06,283686.31,265748.172
000338.SZ,20151201,78.76,80.69,78.18,80.02,78.68,1.3399999999999892,1.7,224908.83,213007.1297
000338.SZ,20151202,80.11,83.46,79.18,83.38,80.02,3.3599999999999994,4.2,318700.9,311679.5197
000338.SZ,20151203,82.96,83.38,82.2,83.21,83.38,-0.1700000000000017,-0.2,227674.58,224939.1661
000338.SZ,20151204,82.71,83.04,80.69,81.45,83.21,-1.759999999999991,-2.12,246057.98,240174.415
000338.SZ,20151207,81.53,85.56,80.94,85.14,81.45,3.6899999999999977,4.53,335198.51,332902.4857
000338.SZ,20151208,85.47,86.82,82.62,82.79,85.14,-2.3499999999999943,-2.76,433213.26,436967.1696
000338.SZ,20151209,83.04,83.04,80.69,81.45,82.79,-1.3400000000000034,-1.62,212306.23,206187.1404
000338.SZ,20151210,81.36,82.12,80.11,80.36,81.45,-1.0900000000000034,-1.34,180242.49,173930.288
000338.SZ,20151211,79.77,81.2,79.27,80.52,80.36,0.1599999999999966,0.2,136193.95,130001.4205
000338.SZ,20151214,80.19,82.37,79.6,82.29,80.52,1.7700000000000102,2.2,202871.17,195891.233
000338.SZ,20151215,82.2,82.96,81.28,82.37,82.29,0.0799999999999983,0.1,221699.43,216856.5829
000338.SZ,20151216,82.62,82.71,81.53,81.53,82.37,-0.8400000000000034,-1.02,158712.61,155496.0106
000338.SZ,20151217,81.87,83.46,81.87,83.04,81.53,1.5100000000000051,1.85,269868.96,266454.5995
000338.SZ,20151218,83.04,83.38,81.7,82.2,83.04,-0.8400000000000034,-1.01,226558.4,222749.9337
000338.SZ,20151221,82.03,85.22,81.7,85.14,82.2,2.9399999999999977,3.58,473904.39,474284.6141
000338.SZ,20151222,85.31,85.47,84.05,84.63,85.14,-0.5100000000000051,-0.6,325307.74,327823.4456
000338.SZ,20151223,84.63,85.14,82.29,82.87,84.63,-1.759999999999991,-2.08,441381.6,441309.7623
000338.SZ,20151224,82.79,84.13,82.37,83.46,82.87,0.5899999999999892,0.71,336200.23,334172.4228
000338.SZ,20151225,83.71,84.13,82.96,83.46,83.46,0.0,0.0,249988.35,248354.3614
000338.SZ,20151228,83.71,84.13,81.45,81.45,83.46,-2.009999999999991,-2.41,327432.95,323971.3585
000338.SZ,20151229,81.36,82.37,81.03,82.2,81.45,0.75,0.92,155753.09,151783.6394
000338.SZ,20151230,82.45,82.62,81.36,82.03,82.2,-0.1700000000000017,-0.21,171587.33,167702.226
000338.SZ,20151231,81.78,82.29,80.94,81.03,82.03,-1.0,-1.22,167304.9,162511.5114
000338.SZ,20160104,81.11,81.62,74.74,75.41,81.03,-5.6200000000000045,-6.94,234544.09,219521.3711
000338.SZ,20160105,71.72,76.83,71.72,74.49,75.41,-0.9200000000000017,-1.22,304026.33,269636.2405
000338.SZ,20160106,75.16,77.59,74.49,77.17,74.49,2.680000000000007,3.6,244638.25,221743.4137
000338.SZ,20160107,76.08,76.16,70.04,70.38,77.17,-6.790000000000006,-8.8,77298.08,67155.7621
000338.SZ,20160108,72.89,73.81,69.2,72.56,70.38,2.180000000000007,3.1,272891.46,235455.4584
000338.SZ,20160111,71.63,73.98,69.7,69.87,72.56,-2.6899999999999977,-3.71,248141.22,212782.5165
000338.SZ,20160112,70.46,71.3,69.12,70.46,69.87,0.5899999999999892,0.84,175058.6,146824.1842
000338.SZ,20160113,70.96,71.55,69.2,69.45,70.46,-1.009999999999991,-1.43,147123.61,123744.0572
000338.SZ,20160114,67.86,70.54,67.36,70.21,69.45,0.7599999999999909,1.09,227257.78,187859.4659
000338.SZ,20160115,69.79,70.21,67.61,68.03,70.21,-2.1799999999999926,-3.1,193158.33,158274.2627
000338.SZ,20160118,66.68,68.53,66.52,67.78,68.03,-0.25,-0.37,187896.41,151537.7549
000338.SZ,20160119,67.86,70.04,67.61,69.7,67.78,1.9200000000000017,2.83,186312.44,153255.6022
000338.SZ,20160120,69.54,69.7,68.11,68.53,69.7,-1.1700000000000017,-1.68,146144.26,120010.3656
000338.SZ,20160121,67.94,69.12,66.52,66.52,68.53,-2.010000000000005,-2.93,173220.31,140029.2201
000338.SZ,20160122,67.02,67.69,66.27,67.36,66.52,0.8400000000000034,1.26,122060.59,97534.6479
000338.SZ,20160125,67.78,68.36,67.44,68.11,67.36,0.75,1.11,122214.95,98832.0442
000338.SZ,20160126,67.61,69.03,62.91,65.93,68.11,-2.1799999999999926,-3.2,243379.47,193697.5638
000338.SZ,20160127,65.93,66.35,62.07,64.25,65.93,-1.6800000000000068,-2.55,254376.23,194142.0787
000338.SZ,20160128,64.08,64.76,58.72,59.55,64.25,-4.700000000000003,-7.32,206774.76,154041.7594
000338.SZ,20160129,59.55,61.06,58.8,60.65,59.55,1.1000000000000014,1.85,439589.14,314489.8859
000338.SZ,20160201,60.14,60.39,58.72,59.47,60.65,-1.1799999999999997,-1.95,266577.45,189290.3261
000338.SZ,20160202,59.55,60.9,59.39,60.48,59.47,1.009999999999998,1.7,199753.87,143686.3259
000338.SZ,20160203,59.81,60.31,59.14,59.97,60.48,-0.509999999999998,-0.84,149157.66,106054.7748
000338.SZ,20160204,60.14,60.9,59.97,60.73,59.97,0.759999999999998,1.27,180195.35,130150.8834
000338.SZ,20160205,60.9,61.06,60.06,60.23,60.73,-0.5,-0.82,138158.58,99641.7207
000338.SZ,20160215,58.72,59.89,58.3,59.47,60.23,-0.759999999999998,-1.26,156368.71,110123.0546
000338.SZ,20160216,60.06,61.9,60.06,61.82,59.47,2.3500000000000014,3.95,254591.82,185759.471
000338.SZ,20160217,61.82,62.57,61.32,62.49,61.82,0.6700000000000017,1.08,242620.74,179203.8209
000338.SZ,20160218,62.91,63.33,62.32,62.32,62.49,-0.1700000000000017,-0.27,245644.1,183959.3847
000338.SZ,20160219,62.57,62.99,62.07,62.66,62.32,0.3399999999999963,0.55,164532.71,122690.6394
000338.SZ,20160222,63.25,64.42,62.83,64.17,62.66,1.5100000000000051,2.41,248846.93,188822.5423
000338.SZ,20160223,64.17,68.95,62.99,67.1,64.17,2.9299999999999926,4.57,496267.51,390714.5773
000338.SZ,20160224,65.93,66.68,64.84,66.27,67.1,-0.8299999999999983,-1.24,275791.41,216679.3432
000338.SZ,20160225,65.85,66.1,60.06,60.31,66.27,-5.959999999999994,-8.99,311274.12,233762.771
000338.SZ,20160226,60.65,61.99,60.31,61.4,60.31,1.0899999999999963,1.81,187093.13,136367.04
000338.SZ,20160229,61.06,61.32,58.3,59.72,61.4,-1.6799999999999997,-2.74,215120.88,152694.0914
000338.SZ,20160301,60.23,61.65,59.64,61.23,59.72,1.509999999999998,2.53,145579.24,105207.1647
000338.SZ,20160302,61.32,64.17,61.23,63.83,61.23,2.6000000000000014,4.25,234941.38,176406.6329
000338.SZ,20160303,64.17,65.17,63.41,64.5,63.83,0.6700000000000017,1.05,287965.23,220368.6017
000338.SZ,20160304,66.68,70.46,66.68,67.69,64.5,3.1899999999999977,4.95,954538.29,777135.5289
000338.SZ,20160307,68.11,70.21,66.35,67.69,67.69,0.0,0.0,425018.39,344215.2768
000338.SZ,20160308,67.36,67.36,65.01,67.19,67.69,-0.5,-0.74,276601.86,218545.694
000338.SZ,20160309,66.1,66.18,64.67,65.51,67.19,-1.6799999999999926,-2.5,176667.63,138065.0366
000338.SZ,20160310,65.59,66.52,64.84,65.09,65.51,-0.4200000000000017,-0.64,181209.62,142060.4695
000338.SZ,20160311,65.01,65.34,64.25,64.92,65.09,-0.1700000000000017,-0.26,137312.48,106092.9029
000338.SZ,20160314,65.76,67.52,65.26,67.19,64.92,2.269999999999996,3.5,261782.76,208644.498
000338.SZ,20160315,66.6,67.52,66.01,66.35,67.19,-0.8400000000000034,-1.25,153156.0,121842.9215
000338.SZ,20160316,66.43,66.77,65.43,65.68,66.35,-0.6699999999999875,-1.01,143883.77,113375.9422
000338.SZ,20160317,66.1,67.36,65.68,66.85,65.68,1.1699999999999875,1.78,202350.96,160721.6707
000338.SZ,20160318,66.94,68.36,66.68,68.11,66.85,1.2600000000000051,1.88,286468.76,231561.8109
000338.SZ,20160321,68.61,69.87,68.28,69.28,68.11,1.1700000000000017,1.72,377481.51,310773.1483
000338.SZ,20160322,68.95,70.79,68.7,69.37,69.28,0.09000000000000341,0.13,323564.48,269823.1636
000338.SZ,20160323,68.87,69.37,68.36,68.95,69.37,-0.4200000000000017,-0.61,203612.34,166787.0946
000338.SZ,20160324,68.61,68.61,66.94,67.1,68.95,-1.8500000000000085,-2.68,221552.61,178943.2904
000338.SZ,20160325,67.02,67.52,66.77,67.52,67.1,0.4200000000000017,0.63,141885.12,113602.6089
000338.SZ,20160328,67.78,68.19,66.35,66.77,67.52,-0.75,-1.11,173214.77,139278.6998
000338.SZ,20160329,66.68,67.02,66.1,66.35,66.77,-0.4200000000000017,-0.63,145400.72,115247.4861
000338.SZ,20160330,66.52,68.28,66.52,68.28,66.35,1.9300000000000068,2.91,177800.24,143081.5384
000338.SZ,20160331,68.45,68.7,67.36,67.78,68.28,-0.5,-0.73,185437.46,150193.1671
000338.SZ,20160401,67.78,68.19,67.1,68.19,67.78,0.4099999999999966,0.6,179852.82,145180.7186
000338.SZ,20160405,68.36,69.79,68.36,69.54,68.19,1.3500000000000085,1.98,374877.53,309585.5759
000338.SZ,20160406,69.03,69.79,68.87,69.37,69.54,-0.1700000000000017,-0.24,174900.28,144621.5438
000338.SZ,20160407,69.54,70.21,68.03,68.45,69.37,-0.9200000000000017,-1.33,206122.24,170065.1511
000338.SZ,20160408,68.11,68.19,66.94,67.36,68.45,-1.0900000000000034,-1.59,243859.68,196047.1758
000338.SZ,20160411,67.86,69.45,67.78,68.87,67.36,1.5100000000000051,2.24,241429.38,198158.462
000338.SZ,20160412,69.03,70.04,68.95,69.79,68.87,0.9200000000000017,1.34,291736.22,242037.5544
000338.SZ,20160413,70.88,73.23,70.88,72.14,69.79,2.3499999999999943,3.37,627654.83,542219.4558
000338.SZ,20160414,73.06,74.4,72.14,72.89,72.14,0.75,1.04,338251.39,294630.9688
000338.SZ,20160415,72.98,73.98,72.22,72.47,72.89,-0.4200000000000017,-0.58,259751.24,226194.4684
000338.SZ,20160418,72.47,72.47,70.54,70.79,72.47,-1.6799999999999926,-2.32,219763.46,186103.1009
000338.SZ,20160419,71.3,71.97,70.46,71.89,70.79,1.0999999999999943,1.55,179870.15,152986.174
000338.SZ,20160420,71.97,72.22,68.19,69.79,71.89,-2.0999999999999943,-2.92,270115.05,225030.3291
000338.SZ,20160421,69.37,70.46,68.87,69.03,69.79,-0.7600000000000051,-1.09,143064.78,118860.2845
000338.SZ,20160422,68.7,69.54,68.45,69.2,69.03,0.1700000000000017,0.25,108693.99,89394.4564
000338.SZ,20160425,68.95,68.95,66.68,67.94,69.2,-1.2600000000000051,-1.82,175227.01,141493.023
000338.SZ,20160426,67.94,68.36,67.44,68.11,67.94,0.1700000000000017,0.25,110790.13,89598.5309
000338.SZ,20160427,68.19,68.95,68.03,68.11,68.11,0.0,0.0,120985.38,98726.0845
000338.SZ,20160428,68.28,68.61,67.02,67.36,68.11,-0.75,-1.1,138276.87,111501.6538
000338.SZ,20160429,67.19,67.86,67.1,67.44,67.36,0.0799999999999983,0.12,115335.28,92897.8344
000338.SZ,20160503,67.27,68.53,67.1,68.36,67.44,0.9200000000000017,1.36,211290.08,171206.5286
000338.SZ,20160504,68.11,70.04,67.94,69.12,68.36,0.7600000000000051,1.11,240867.81,197786.1332
000338.SZ,20160505,68.78,69.37,68.7,69.12,69.12,0.0,0.0,144778.25,119124.1392
000338.SZ,20160506,69.03,69.45,67.19,67.19,69.12,-1.9300000000000068,-2.79,198838.41,161588.8355
000338.SZ,20160509,67.1,67.1,64.0,64.42,67.19,-2.769999999999996,-4.12,224706.75,174507.0416
000338.SZ,20160510,64.42,65.01,64.0,64.25,64.42,-0.1700000000000017,-0.26,108391.35,83314.252
000338.SZ,20160511,64.59,65.01,63.83,64.42,64.25,0.1700000000000017,0.26,87210.7,67027.6893
000338.SZ,20160512,64.0,64.92,63.33,64.67,64.42,0.25,0.39,91983.44,70428.6871
000338.SZ,20160513,64.67,65.17,63.58,64.0,64.67,-0.6700000000000017,-1.04,97975.06,75252.0876
000338.SZ,20160516,63.83,65.09,63.5,65.09,64.0,1.0900000000000034,1.7,98634.56,75730.8524
000338.SZ,20160517,65.01,65.93,64.42,64.92,65.09,-0.1700000000000017,-0.26,97902.34,75952.3938
000338.SZ,20160518,64.42,64.59,62.57,64.42,64.92,-0.5,-0.77,208808.96,158509.3302
000338.SZ,20160519,63.92,64.67,63.75,63.75,64.42,-0.6700000000000017,-1.04,94329.88,72124.5867
000338.SZ,20160520,63.58,64.0,62.91,63.92,63.75,0.1700000000000017,0.27,62733.63,47529.8734
000338.SZ,20160523,64.25,64.42,63.92,64.17,63.92,0.25,0.39,64709.49,49524.0147
000338.SZ,20160524,64.08,64.17,63.41,63.58,64.17,-0.5900000000000034,-0.92,75111.08,57013.8212
000338.SZ,20160525,63.92,64.25,63.33,63.58,63.58,0.0,0.0,73259.07,55671.108
000338.SZ,20160526,63.33,64.42,63.08,64.25,63.58,0.6700000000000017,1.05,111852.41,85120.4083
000338.SZ,20160527,64.17,64.84,63.75,64.67,64.25,0.4200000000000017,0.65,112886.94,86806.2151
000338.SZ,20160530,64.5,64.92,64.0,64.67,64.67,0.0,0.0,70093.57,53914.1583
000338.SZ,20160531,64.67,66.68,64.5,66.6,64.67,1.9299999999999926,2.98,159358.23,125576.6675
000338.SZ,20160601,66.52,66.85,66.1,66.18,66.6,-0.4199999999999875,-0.63,117291.51,92902.7699
000338.SZ,20160602,66.1,66.18,65.59,65.93,66.18,-0.25,-0.38,133496.2,104842.2017
000338.SZ,20160603,66.01,66.85,65.59,66.52,65.93,0.5899999999999892,0.89,161225.49,127380.9767
000338.SZ,20160606,66.6,66.77,65.68,65.85,66.52,-0.6700000000000017,-1.01,109658.24,86259.9758
000338.SZ,20160607,65.85,66.01,65.51,65.59,65.85,-0.2599999999999909,-0.39,85508.45,66909.3049
000338.SZ,20160608,65.51,65.59,64.92,65.09,65.59,-0.5,-0.76,114636.35,89092.7996
000338.SZ,20160613,64.5,64.67,63.33,63.33,65.09,-1.7600000000000051,-2.7,137346.05,104971.6953
000338.SZ,20160614,63.33,63.75,63.16,63.5,63.33,0.1700000000000017,0.27,61328.72,46383.2618
000338.SZ,20160615,63.16,64.84,62.91,64.67,63.5,1.1700000000000017,1.84,121750.1,93317.0786
000338.SZ,20160616,64.84,64.84,63.58,63.75,64.67,-0.9200000000000017,-1.42,109988.55,84025.2631
000338.SZ,20160617,63.83,64.5,63.83,64.0,63.75,0.25,0.39,117886.52,90222.3689
000338.SZ,20160622,66.27,66.68,65.17,65.76,64.0,1.7600000000000051,2.75,392063.49,307732.1468
000338.SZ,20160623,65.59,65.59,64.5,65.01,65.76,-0.75,-1.14,228233.63,176708.254
000338.SZ,20160624,64.76,65.26,62.91,64.17,65.01,-0.8400000000000034,-1.29,198103.01,151817.7187
000338.SZ,20160627,63.5,64.5,63.5,64.5,64.17,0.3299999999999983,0.51,137749.13,105451.8541
000338.SZ,20160628,64.25,66.77,63.83,66.43,64.5,1.9300000000000068,2.99,339388.41,264018.7535
000338.SZ,20160629,65.85,66.27,65.59,65.76,66.43,-0.6700000000000017,-1.01,187521.49,147306.9541
000338.SZ,20160630,66.01,66.68,65.34,65.51,65.76,-0.25,-0.38,128233.56,100343.7839
000338.SZ,20160701,65.68,66.18,65.59,65.93,65.51,0.4200000000000017,0.64,163597.02,128606.0513
000338.SZ,20160704,65.85,66.85,65.51,66.68,65.93,0.75,1.14,217171.74,172060.4281
000338.SZ,20160705,66.68,68.28,66.52,67.36,66.68,0.6799999999999926,1.02,334304.66,268850.1609
000338.SZ,20160706,67.1,67.78,66.43,67.27,67.36,-0.09000000000000341,-0.13,205381.0,164202.4959
000338.SZ,20160707,67.27,67.44,66.77,67.02,67.27,-0.25,-0.37,186920.82,149448.2538
000338.SZ,20160708,67.19,67.27,66.52,66.94,67.02,-0.0799999999999983,-0.12,162468.48,129519.522
000338.SZ,20160711,66.94,67.52,66.68,66.85,66.94,-0.09000000000000341,-0.13,189727.96,151827.9935
000338.SZ,20160712,66.94,68.36,66.77,68.28,66.85,1.4300000000000068,2.14,270040.02,217612.3482
000338.SZ,20160713,68.45,68.7,67.78,68.53,68.28,0.25,0.37,295456.45,240678.7608
000338.SZ,20160714,68.36,68.36,67.86,68.19,68.53,-0.3400000000000034,-0.5,150413.78,122072.6471
000338.SZ,20160715,71.21,71.21,68.61,68.7,68.19,0.5100000000000051,0.75,235265.61,193768.5394
000338.SZ,20160718,68.7,68.78,67.94,68.19,68.7,-0.5100000000000051,-0.74,141882.85,115592.8278
000338.SZ,20160719,68.19,69.79,68.11,69.37,68.19,1.1800000000000068,1.73,319073.87,263804.2566
000338.SZ,20160720,69.2,70.38,69.03,69.62,69.37,0.25,0.36,242122.0,201482.6144
000338.SZ,20160721,69.62,71.13,69.54,70.79,69.62,1.1700000000000017,1.68,288584.8,242267.5866
000338.SZ,20160722,71.8,71.8,69.37,69.45,70.79,-1.3400000000000034,-1.89,199437.95,166925.7126
000338.SZ,20160725,69.7,70.04,69.12,70.04,69.45,0.5900000000000034,0.85,144952.83,120321.2435
000338.SZ,20160726,70.04,71.05,69.7,70.79,70.04,0.75,1.07,185735.46,156390.8634
000338.SZ,20160727,71.13,72.64,69.2,70.96,70.79,0.1699999999999875,0.24,538622.33,457811.0393
000338.SZ,20160728,70.54,74.65,70.21,73.81,70.96,2.8500000000000085,4.02,674212.64,589267.8807
000338.SZ,20160729,74.32,76.19,72.71,74.32,73.81,0.5099999999999909,0.69,449218.15,395007.6309
000338.SZ,20160801,74.15,75.85,73.13,73.22,74.32,-1.0999999999999943,-1.48,412657.45,361741.5437
000338.SZ,20160802,72.96,75.34,72.37,75.08,73.22,1.8599999999999994,2.54,347724.6,302760.7646
000338.SZ,20160803,75.85,79.24,74.83,78.39,75.08,3.3100000000000023,4.41,732694.34,672583.8007
000338.SZ,20160804,78.05,80.17,77.03,78.39,78.39,0.0,0.0,440138.8,407698.2828
000338.SZ,20160805,78.82,78.82,77.29,77.8,78.39,-0.5900000000000034,-0.75,240694.85,220548.3757
000338.SZ,20160808,77.54,78.82,77.46,78.31,77.8,0.5100000000000051,0.66,229446.59,210622.8928
000338.SZ,20160809,78.22,78.31,76.44,77.12,78.31,-1.1899999999999977,-1.52,297771.59,270367.1532
000338.SZ,20160810,77.2,78.05,76.61,77.29,77.12,0.1700000000000017,0.22,234447.87,213980.6467
000338.SZ,20160811,77.29,79.58,76.7,76.87,77.29,-0.4200000000000017,-0.54,287303.65,263718.8596
000338.SZ,20160812,76.87,77.12,74.74,75.76,76.87,-1.1099999999999994,-1.44,349575.46,311633.8718
000338.SZ,20160815,75.68,78.48,75.51,77.54,75.76,1.7800000000000011,2.35,373702.25,340539.1519
000338.SZ,20160816,77.88,79.33,76.95,77.8,77.54,0.2599999999999909,0.34,465603.11,428278.9829
000338.SZ,20160817,78.65,78.73,76.61,76.78,77.8,-1.019999999999996,-1.31,364119.92,332190.6326
000338.SZ,20160818,76.87,77.03,75.51,75.76,76.78,-1.019999999999996,-1.33,260390.43,234064.4426
000338.SZ,20160819,75.76,76.95,75.76,76.53,75.76,0.769999999999996,1.02,160358.16,144537.1575
000338.SZ,20160822,76.53,76.7,74.74,74.83,76.53,-1.7000000000000028,-2.22,190617.57,169667.2919
000338.SZ,20160823,74.83,75.34,74.4,75.17,74.83,0.3400000000000034,0.45,151636.46,133814.8376
000338.SZ,20160824,74.91,75.59,74.74,75.34,75.17,0.1700000000000017,0.23,105436.04,93493.6587
000338.SZ,20160825,75.17,75.34,74.07,75.34,75.34,0.0,0.0,162926.87,143192.28
000338.SZ,20160826,75.17,76.02,74.83,75.17,75.34,-0.1700000000000017,-0.23,167108.47,148671.6519
000338.SZ,20160829,75.93,76.1,75.25,75.51,75.17,0.3400000000000034,0.45,127526.48,113579.1514
000338.SZ,20160830,75.42,75.93,75.0,75.25,75.51,-0.2600000000000051,-0.34,129351.77,114732.1742
000338.SZ,20160831,75.51,75.93,74.91,75.17,75.25,-0.0799999999999983,-0.11,142578.21,126727.7786
000338.SZ,20160901,75.42,75.51,74.15,74.23,75.17,-0.9399999999999977,-1.25,173132.95,153137.0406
000338.SZ,20160902,74.15,74.57,72.79,72.96,74.23,-1.2700000000000102,-1.71,219778.69,190700.9763
000338.SZ,20160905,73.05,75.93,73.05,75.17,72.96,2.210000000000008,3.03,220350.3,194734.2113
000338.SZ,20160906,74.91,77.2,74.15,77.03,75.17,1.8599999999999994,2.47,314592.59,282415.4805
000338.SZ,20160907,77.2,79.58,76.78,77.71,77.03,0.6799999999999926,0.88,361633.45,333807.0396
000338.SZ,20160908,77.63,78.65,76.87,77.2,77.71,-0.5099999999999909,-0.66,193319.61,176886.2537
000338.SZ,20160909,77.2,78.31,77.2,77.29,77.2,0.09000000000000341,0.12,147244.92,134842.0028
000338.SZ,20160912,75.68,76.27,74.4,74.74,77.29,-2.5500000000000114,-3.3,223128.31,197290.3766
000338.SZ,20160913,74.83,75.34,74.4,75.17,74.74,0.4300000000000068,0.58,94489.1,83444.1253
000338.SZ,20160914,74.91,75.59,74.23,75.17,75.17,0.0,0.0,109412.5,96752.7389
000338.SZ,20160919,75.42,76.95,75.25,75.51,75.17,0.3400000000000034,0.45,128306.83,114939.3974
000338.SZ,20160920,75.51,75.76,74.32,75.08,75.51,-0.4300000000000068,-0.57,140908.47,124510.6856
000338.SZ,20160921,74.83,76.61,74.83,76.27,75.08,1.1899999999999977,1.58,136418.67,122190.1576
000338.SZ,20160922,76.78,78.73,76.53,76.53,76.27,0.2600000000000051,0.34,236023.69,215639.7976
000338.SZ,20160923,76.78,77.46,76.53,76.87,76.53,0.3400000000000034,0.44,140597.81,127653.9043
000338.SZ,20160926,76.87,77.71,75.76,75.76,76.87,-1.1099999999999994,-1.44,177869.2,161016.7465
000338.SZ,20160927,76.19,76.7,74.91,76.7,75.76,0.9399999999999977,1.24,145681.63,130617.5962
000338.SZ,20160928,76.78,77.03,75.59,75.76,76.7,-0.9399999999999977,-1.23,107268.45,96273.9295
000338.SZ,20160929,75.76,76.53,75.34,75.93,75.76,0.1700000000000017,0.22,115723.04,103664.357
000338.SZ,20160930,75.93,78.39,75.68,78.14,75.93,2.2099999999999937,2.91,235885.78,215752.1585
000338.SZ,20161010,79.75,80.51,78.31,78.99,78.14,0.8499999999999943,1.09,293665.11,274392.6961
000338.SZ,20161011,78.99,79.41,78.05,79.16,78.99,0.1700000000000017,0.22,200730.49,186014.7521
000338.SZ,20161012,78.73,78.82,77.54,77.88,79.16,-1.2800000000000011,-1.62,155182.88,142944.1628
000338.SZ,20161013,77.88,78.65,77.54,77.71,77.88,-0.1700000000000017,-0.22,118899.17,109345.2298
000338.SZ,20161014,77.71,78.9,77.71,78.9,77.71,1.190000000000012,1.53,188034.42,173697.9585
000338.SZ,20161017,79.16,79.66,77.46,77.71,78.9,-1.190000000000012,-1.51,174554.37,161482.0637
000338.SZ,20161018,77.71,78.73,77.37,78.65,77.71,0.9400000000000119,1.21,169860.7,156286.9121
000338.SZ,20161019,78.65,78.99,78.14,78.48,78.65,-0.1700000000000017,-0.22,130978.41,121234.5227
000338.SZ,20161020,78.74,78.91,77.88,78.14,78.48,-0.3400000000000034,-0.43,113448.21,103543.874
000338.SZ,20161021,78.14,78.91,77.54,78.39,78.14,0.25,0.32,147347.15,134257.0371
000338.SZ,20161024,78.74,80.19,78.05,80.02,78.39,1.6299999999999955,2.08,237360.97,220347.7411
000338.SZ,20161025,80.62,85.0,80.62,84.83,80.02,4.810000000000002,6.01,801696.22,776793.7336
000338.SZ,20161026,84.05,85.43,82.94,84.65,84.83,-0.1799999999999926,-0.21,432056.97,423894.6267
000338.SZ,20161027,84.74,85.26,83.37,84.83,84.65,0.1799999999999926,0.21,244677.75,240557.7682
000338.SZ,20161028,85.17,85.6,81.57,81.74,84.83,-3.0900000000000034,-3.64,346362.17,335532.2277
000338.SZ,20161031,81.65,83.11,81.48,81.91,81.74,0.1700000000000017,0.21,204078.71,195163.417
000338.SZ,20161101,82.08,83.37,81.74,83.2,81.91,1.2900000000000063,1.57,196184.97,189568.38
000338.SZ,20161102,82.94,85.26,82.51,84.4,83.2,1.2000000000000028,1.44,375394.28,370475.568
000338.SZ,20161103,84.14,87.4,83.71,86.54,84.4,2.1400000000000006,2.54,430928.41,434268.228
000338.SZ,20161104,86.2,87.91,85.34,87.06,86.54,0.519999999999996,0.6,364369.27,367487.128
000338.SZ,20161107,87.74,88.26,86.11,86.63,87.06,-0.4300000000000068,-0.49,282761.32,286851.099
000338.SZ,20161108,87.23,87.91,86.11,87.23,86.63,0.6000000000000085,0.69,229112.98,231867.985
000338.SZ,20161109,87.23,87.83,84.65,85.94,87.23,-1.2900000000000063,-1.48,320868.97,322072.14
000338.SZ,20161110,86.97,90.23,86.63,89.89,85.94,3.950000000000003,4.6,597100.84,618149.738
000338.SZ,20161111,90.49,90.57,88.77,89.54,89.89,-0.3499999999999943,-0.39,371511.75,388587.854
000338.SZ,20161114,89.63,90.66,87.83,90.06,89.54,0.519999999999996,0.58,419111.22,435144.928
000338.SZ,20161115,89.2,89.72,87.74,87.91,90.06,-2.1500000000000057,-2.39,290229.28,299289.167
000338.SZ,20161116,87.91,88.69,86.2,86.54,87.91,-1.3699999999999903,-1.56,349532.98,354650.914
000338.SZ,20161117,86.97,87.91,86.2,87.23,86.54,0.6899999999999977,0.8,214768.57,217692.598
000338.SZ,20161118,87.49,87.74,85.43,85.51,87.23,-1.7199999999999989,-1.97,261987.19,263208.431
000338.SZ,20161121,85.43,86.54,84.74,86.2,85.51,0.6899999999999977,0.81,222450.14,222373.714
000338.SZ,20161122,86.71,88.26,86.28,87.83,86.2,1.6299999999999955,1.89,234215.64,238343.065
000338.SZ,20161123,87.91,88.34,86.2,86.37,87.83,-1.4599999999999937,-1.66,189905.48,192538.223
000338.SZ,20161124,86.28,86.46,85.17,85.43,86.37,-0.9399999999999977,-1.09,259126.28,258858.228
000338.SZ,20161125,85.0,86.11,84.74,86.11,85.43,0.6799999999999926,0.8,209955.75,208805.551
000338.SZ,20161128,86.89,88.17,86.11,87.66,86.11,1.5499999999999972,1.8,345561.2,351327.964
000338.SZ,20161129,87.49,88.77,86.97,87.23,87.66,-0.4299999999999926,-0.49,365715.43,374888.547
000338.SZ,20161130,87.06,87.91,86.28,87.49,87.23,0.2599999999999909,0.3,255095.26,258841.437
000338.SZ,20161201,88.09,96.15,87.83,94.95,87.49,7.460000000000008,8.53,1107915.42,1201601.929
000338.SZ,20161202,94.35,99.32,93.92,95.55,94.95,0.5999999999999943,0.63,1041582.92,1169328.732
000338.SZ,20161205,94.18,98.46,93.32,94.6,95.55,-0.9500000000000028,-0.99,622432.9,694860.617
000338.SZ,20161206,94.6,97.61,94.09,95.38,94.6,0.7800000000000011,0.82,423196.3,471263.22
000338.SZ,20161207,96.06,96.32,94.0,95.2,95.38,-0.1799999999999926,-0.19,384682.21,424679.989
000338.SZ,20161208,95.03,95.89,92.2,92.97,95.2,-2.230000000000004,-2.34,419248.84,458187.975
000338.SZ,20161209,92.55,93.15,91.43,92.29,92.97,-0.6799999999999926,-0.73,283621.9,304669.688
000338.SZ,20161212,92.29,93.15,86.28,86.28,92.29,-6.010000000000005,-6.51,532286.78,554269.775
000338.SZ,20161213,86.28,87.74,85.6,87.06,86.28,0.7800000000000011,0.9,295784.47,299526.082
000338.SZ,20161214,87.49,89.37,87.06,87.57,87.06,0.5099999999999909,0.59,277117.59,285014.459
000338.SZ,20161215,87.49,87.91,85.94,86.46,87.57,-1.1099999999999994,-1.27,283678.46,286982.261
000338.SZ,20161216,87.06,87.66,86.11,86.46,86.46,0.0,0.0,188004.95,190110.022
000338.SZ,20161219,86.97,86.97,85.08,86.46,86.46,0.0,0.0,139712.34,139993.581
000338.SZ,20161220,86.03,86.46,84.83,84.91,86.46,-1.5499999999999972,-1.79,171369.94,170664.702
000338.SZ,20161221,85.34,87.31,85.34,87.31,84.91,2.4000000000000057,2.83,215470.44,217894.577
000338.SZ,20161222,88.09,88.69,86.71,88.17,87.31,0.8599999999999994,0.98,194962.81,199824.458
000338.SZ,20161223,88.43,88.43,86.89,86.89,88.17,-1.2800000000000011,-1.45,132002.06,134554.388
000338.SZ,20161226,86.97,87.23,84.14,85.68,86.89,-1.2099999999999937,-1.39,233319.48,231515.803
000338.SZ,20161227,85.68,86.97,85.08,86.63,85.68,0.9499999999999886,1.11,152256.08,153376.302
000338.SZ,20161228,86.71,87.49,86.28,86.71,86.63,0.0799999999999983,0.09,104874.01,106224.156
000338.SZ,20161229,86.54,87.14,85.86,86.8,86.71,0.09000000000000341,0.1,110166.83,110997.484
000338.SZ,20161230,86.97,87.14,85.0,85.43,86.8,-1.3699999999999903,-1.58,169161.13,168976.835
000338.SZ,20170103,85.43,86.63,85.34,85.51,85.43,0.0799999999999983,0.09,129824.97,130069.694
000338.SZ,20170104,85.94,88.34,85.94,88.34,85.51,2.8299999999999983,3.31,278103.72,283732.609
000338.SZ,20170105,88.34,88.69,87.66,88.6,88.34,0.2599999999999909,0.29,200137.55,205701.273
000338.SZ,20170106,88.77,89.63,87.14,88.26,88.6,-0.3399999999999892,-0.38,182181.73,187674.524
000338.SZ,20170109,88.09,89.37,87.57,89.29,88.26,1.0300000000000011,1.17,173525.9,179447.473
000338.SZ,20170110,89.03,91.09,88.77,90.66,89.29,1.3699999999999903,1.53,275442.05,290064.911
000338.SZ,20170111,90.83,91.35,89.8,90.14,90.66,-0.519999999999996,-0.57,202242.61,213546.347
000338.SZ,20170112,90.23,91.52,87.91,88.26,90.14,-1.8799999999999955,-2.09,172969.59,180791.828
000338.SZ,20170113,88.26,89.97,87.83,89.89,88.26,1.6299999999999955,1.85,167280.24,173857.383
000338.SZ,20170116,89.89,90.23,86.03,88.69,89.89,-1.2000000000000028,-1.33,229744.85,236435.153
000338.SZ,20170117,88.43,88.86,86.54,87.66,88.69,-1.0300000000000011,-1.16,196078.81,200160.919
000338.SZ,20170118,88.51,89.89,88.26,89.72,87.66,2.0600000000000023,2.35,251179.65,260826.65
000338.SZ,20170119,89.37,93.06,89.37,92.2,89.72,2.480000000000004,2.76,385466.93,412942.052
000338.SZ,20170120,91.95,93.83,91.0,92.2,92.2,0.0,0.0,239398.01,259290.915
000338.SZ,20170123,92.2,94.52,92.2,93.92,92.2,1.7199999999999989,1.87,226711.72,247533.075
000338.SZ,20170124,94.35,95.89,93.92,95.12,93.92,1.2000000000000028,1.28,301769.57,334223.842
000338.SZ,20170125,96.06,96.49,94.52,95.63,95.12,0.5099999999999909,0.54,217790.76,242371.401
000338.SZ,20170126,95.63,96.06,94.6,95.29,95.63,-0.3399999999999892,-0.36,134493.61,149266.345
000338.SZ,20170203,95.29,95.46,93.75,95.29,95.29,0.0,0.0,148604.53,164054.216
000338.SZ,20170206,95.46,96.41,94.95,95.81,95.29,0.519999999999996,0.55,145885.66,162722.884
000338.SZ,20170207,96.58,99.32,96.32,99.24,95.81,3.4299999999999926,3.58,422682.45,484367.403
000338.SZ,20170208,99.66,99.92,97.35,99.84,99.24,0.6000000000000085,0.6,284609.36,327689.132
000338.SZ,20170209,98.98,101.81,98.98,99.49,99.84,-0.3500000000000085,-0.35,248831.83,291452.462
000338.SZ,20170210,99.15,102.5,98.72,100.87,99.49,1.3800000000000097,1.39,338768.63,398080.012
000338.SZ,20170213,100.87,102.67,100.18,101.98,100.87,1.1099999999999994,1.1,287632.57,341349.739
000338.SZ,20170214,101.98,101.98,99.06,100.52,101.98,-1.460000000000008,-1.43,335249.17,391037.2
000338.SZ,20170215,100.69,100.69,98.64,99.15,100.52,-1.3699999999999903,-1.36,201957.13,234070.958
000338.SZ,20170216,99.41,101.29,98.46,100.09,99.15,0.9399999999999977,0.95,224155.29,261062.085
000338.SZ,20170217,99.92,100.52,96.58,96.92,100.09,-3.1700000000000017,-3.17,243035.38,277218.327
000338.SZ,20170220,97.35,98.38,96.83,98.21,96.92,1.289999999999992,1.33,296483.99,337410.272
000338.SZ,20170221,98.21,99.58,97.78,98.46,98.21,0.25,0.25,194352.79,223557.342
000338.SZ,20170222,98.46,99.84,97.78,99.66,98.46,1.2000000000000028,1.22,277045.53,319377.954
000338.SZ,20170223,100.18,100.18,97.01,98.04,99.66,-1.6199999999999903,-1.63,286500.03,327496.315
000338.SZ,20170224,97.61,97.61,95.38,96.15,98.04,-1.8900000000000006,-1.93,296343.82,331968.638
000338.SZ,20170227,96.06,96.92,95.29,95.98,96.15,-0.1700000000000017,-0.18,193532.34,217199.117
000338.SZ,20170228,95.98,97.09,95.81,96.66,95.98,0.6799999999999926,0.71,150704.96,169678.58
000338.SZ,20170301,96.58,98.98,96.58,98.55,96.66,1.8900000000000006,1.96,299736.2,343563.333
000338.SZ,20170302,98.72,99.15,97.18,97.52,98.55,-1.0300000000000011,-1.05,165203.28,188552.288
000338.SZ,20170303,98.55,99.66,97.69,98.64,97.52,1.1200000000000045,1.15,326368.42,374696.465
000338.SZ,20170306,98.64,100.35,98.64,99.75,98.64,1.1099999999999994,1.13,289269.33,336182.862
000338.SZ,20170307,99.75,99.92,97.78,99.66,99.75,-0.09000000000000341,-0.09,221786.47,255671.996
000338.SZ,20170308,99.32,99.75,98.55,99.06,99.66,-0.5999999999999943,-0.6,141320.67,163105.857
000338.SZ,20170309,98.64,98.72,95.46,95.72,99.06,-3.3400000000000034,-3.37,296766.04,334218.241
000338.SZ,20170310,95.98,96.32,94.0,95.38,95.72,-0.3400000000000034,-0.36,258624.51,286478.907
000338.SZ,20170313,95.72,97.18,94.43,96.83,95.38,1.4500000000000028,1.52,243739.02,272977.492
000338.SZ,20170314,97.78,98.38,97.35,97.95,96.83,1.1200000000000045,1.16,192965.22,220072.904
000338.SZ,20170315,97.69,98.64,96.92,98.29,97.95,0.3400000000000034,0.35,171489.51,196240.187
000338.SZ,20170316,98.38,99.66,97.52,98.72,98.29,0.4299999999999926,0.44,166757.49,192478.215
000338.SZ,20170317,99.15,99.32,97.18,97.18,98.72,-1.539999999999992,-1.56,167884.14,192375.671
000338.SZ,20170320,97.95,99.49,97.95,99.41,97.18,2.2299999999999898,2.29,266990.17,307687.256
000338.SZ,20170321,99.24,100.27,98.46,100.18,99.41,0.7700000000000102,0.77,281128.21,326362.144
000338.SZ,20170322,99.41,100.87,98.81,98.98,100.18,-1.2000000000000028,-1.2,233893.72,271155.113
000338.SZ,20170323,99.15,99.75,96.06,96.92,98.98,-2.0600000000000023,-2.08,350523.39,399040.216
000338.SZ,20170324,96.75,97.26,95.89,96.75,96.92,-0.1700000000000017,-0.18,344513.24,387994.415
000338.SZ,20170327,96.06,97.86,96.06,96.58,96.75,-0.1700000000000017,-0.18,233737.04,264541.314
000338.SZ,20170328,96.58,97.61,96.32,97.09,96.58,0.5100000000000051,0.53,228876.93,258764.664
000338.SZ,20170329,97.18,97.43,95.55,96.06,97.09,-1.0300000000000011,-1.06,264649.34,296437.167
000338.SZ,20170330,98.38,99.24,96.49,96.92,96.06,0.8599999999999994,0.9,554718.04,632543.777
000338.SZ,20170331,97.52,97.69,96.15,96.49,96.92,-0.4300000000000068,-0.44,321085.2,362217.237
000338.SZ,20170405,97.35,99.66,96.92,99.32,96.49,2.8299999999999983,2.93,571055.25,656787.558
000338.SZ,20170406,99.49,99.58,98.64,99.15,99.32,-0.1699999999999875,-0.17,284287.79,328173.218
000338.SZ,20170407,99.24,99.66,98.55,99.15,99.15,0.0,0.0,285182.94,329663.038
000338.SZ,20170410,98.98,101.12,98.64,99.49,99.15,0.3399999999999892,0.34,423950.44,495014.682
000338.SZ,20170411,99.15,100.27,97.52,99.41,99.49,-0.0799999999999983,-0.08,396811.68,456595.066
000338.SZ,20170412,98.89,100.61,98.72,100.01,99.41,0.6000000000000085,0.6,369930.76,430244.499
000338.SZ,20170413,99.66,100.09,98.64,99.24,100.01,-0.7700000000000102,-0.77,286463.79,331971.179
000338.SZ,20170414,100.61,101.89,100.09,100.18,99.24,0.9400000000000119,0.95,558593.83,656654.6
000338.SZ,20170417,100.27,102.41,99.84,101.72,100.18,1.539999999999992,1.54,449959.66,531474.612
000338.SZ,20170418,101.47,101.98,100.01,100.18,101.72,-1.539999999999992,-1.51,359522.04,424006.583
000338.SZ,20170419,99.66,99.84,96.49,97.69,100.18,-2.490000000000009,-2.49,421209.02,479877.305
000338.SZ,20170420,97.18,99.32,96.92,99.06,97.69,1.3700000000000045,1.4,310905.17,356253.004
000338.SZ,20170421,99.06,99.66,97.86,98.72,99.06,-0.3400000000000034,-0.34,218104.11,250757.775
000338.SZ,20170424,98.64,98.64,94.35,94.35,98.72,-4.3700000000000045,-4.43,342453.58,381644.372
000338.SZ,20170425,94.35,96.06,94.0,94.26,94.35,-0.0899999999999892,-0.1,241141.2,267630.446
000338.SZ,20170426,94.6,95.89,94.6,95.72,94.26,1.4599999999999937,1.55,259062.02,288308.865
000338.SZ,20170427,95.38,95.98,93.92,95.81,95.72,0.09000000000000341,0.09,238183.43,263635.793
000338.SZ,20170428,96.23,97.01,95.29,96.23,95.81,0.4200000000000017,0.44,234516.4,263097.209
000338.SZ,20170502,96.41,96.66,95.46,95.63,96.23,-0.6000000000000085,-0.62,221991.21,248374.425
000338.SZ,20170503,95.63,95.72,94.52,94.86,95.63,-0.769999999999996,-0.81,249560.86,276877.393
000338.SZ,20170504,94.6,94.95,93.66,94.35,94.86,-0.5100000000000051,-0.54,228636.41,251079.284
000338.SZ,20170505,93.92,94.26,90.83,91.17,94.35,-3.1799999999999926,-3.37,332803.17,357117.662
000338.SZ,20170508,91.09,91.09,88.94,88.94,91.17,-2.230000000000004,-2.45,227875.02,238968.017
000338.SZ,20170509,89.03,90.92,88.17,90.74,88.94,1.7999999999999972,2.02,181614.83,190673.43
000338.SZ,20170510,91.17,92.29,89.72,89.72,90.74,-1.019999999999996,-1.12,225611.92,240423.99
000338.SZ,20170511,89.37,91.86,89.29,91.77,89.72,2.049999999999997,2.28,233312.08,246990.108
000338.SZ,20170512,92.2,92.2,91.09,91.6,91.77,-0.1700000000000017,-0.19,160147.32,171255.407
000338.SZ,20170515,92.12,92.89,92.03,92.46,91.6,0.8599999999999994,0.94,186145.98,200808.332
000338.SZ,20170516,92.55,94.43,91.6,94.43,92.46,1.970000000000013,2.13,254174.62,275666.369
000338.SZ,20170517,95.03,95.38,94.35,94.52,94.43,0.0899999999999892,0.1,210062.81,232283.125
000338.SZ,20170518,93.66,95.55,93.23,94.78,94.52,0.2600000000000051,0.28,197054.44,217879.747
000338.SZ,20170519,94.52,95.29,93.58,94.35,94.78,-0.4300000000000068,-0.45,154348.98,169821.024
000338.SZ,20170522,94.0,94.69,93.06,93.66,94.35,-0.6899999999999977,-0.73,148750.2,163032.909
000338.SZ,20170523,93.49,94.0,91.52,92.03,93.66,-1.6299999999999955,-1.74,221336.31,239319.363
000338.SZ,20170524,91.69,92.97,91.0,92.72,92.03,0.6899999999999977,0.75,211487.48,226883.208
000338.SZ,20170525,92.55,95.38,92.12,95.29,92.72,2.5700000000000074,2.77,283085.32,310497.339
000338.SZ,20170526,95.03,96.58,94.86,95.98,95.29,0.6899999999999977,0.72,200603.02,224605.376
000338.SZ,20170531,96.49,97.52,95.46,95.72,95.98,-0.2600000000000051,-0.27,209068.23,235191.338
000338.SZ,20170601,95.46,96.23,95.03,95.2,95.72,-0.519999999999996,-0.54,195839.61,218194.994
000338.SZ,20170602,95.38,98.21,95.2,98.12,95.2,2.9200000000000017,3.07,353508.49,400048.533
000338.SZ,20170605,98.46,99.06,97.61,98.46,98.12,0.3399999999999892,0.35,229953.52,263868.583
000338.SZ,20170606,97.95,97.95,95.38,96.23,98.46,-2.2299999999999898,-2.26,355970.69,399608.425
000338.SZ,20170607,96.41,97.86,95.98,97.61,96.23,1.3799999999999955,1.43,258324.42,292248.356
000338.SZ,20170608,97.61,98.29,96.66,97.95,97.61,0.3400000000000034,0.35,298565.91,338768.251
000338.SZ,20170609,97.78,99.66,97.26,99.41,97.95,1.4599999999999937,1.49,405207.14,466637.102
000338.SZ,20170612,99.24,101.81,98.29,101.12,99.41,1.710000000000008,1.72,520443.38,609383.867
000338.SZ,20170613,100.87,101.89,100.01,101.21,101.12,0.0899999999999892,0.09,351153.71,413554.181
000338.SZ,20170614,101.12,101.81,99.15,99.84,101.21,-1.3699999999999903,-1.35,344092.15,402294.729
000338.SZ,20170615,99.75,100.18,99.06,99.66,99.84,-0.18000000000000682,-0.18,270048.05,313350.787
000338.SZ,20170616,99.66,100.18,98.21,98.55,99.66,-1.1099999999999994,-1.11,234286.29,270940.857
000338.SZ,20170619,98.81,101.38,98.46,101.29,98.55,2.740000000000009,2.78,319824.95,373577.607
000338.SZ,20170620,101.72,103.35,101.47,102.07,101.29,0.7799999999999869,0.77,437958.38,522151.959
000338.SZ,20170621,102.58,103.35,101.47,103.35,102.07,1.2800000000000011,1.25,306497.12,365664.669
000338.SZ,20170622,103.44,106.35,103.1,103.52,103.35,0.1700000000000017,0.16,633376.71,775909.761
000338.SZ,20170623,103.95,105.67,102.58,105.67,103.52,2.1500000000000057,2.08,499945.2,606569.847
000338.SZ,20170626,106.1,114.67,106.01,111.67,105.67,6.0,5.68,1141050.68,1470755.98
000338.SZ,20170627,111.16,113.9,110.81,112.87,111.67,1.2000000000000028,1.07,720408.97,942761.938
000338.SZ,20170628,111.93,116.3,111.5,113.22,112.87,0.3499999999999943,0.31,775390.76,1029073.91
000338.SZ,20170629,113.56,115.27,112.53,113.82,113.22,0.5999999999999943,0.53,487775.4,648821.669
000338.SZ,20170630,113.22,114.67,111.93,113.22,113.82,-0.5999999999999943,-0.53,537807.32,707751.874
000338.SZ,20170703,113.13,114.5,110.99,111.5,113.22,-1.7199999999999989,-1.52,664975.85,870224.831
000338.SZ,20170704,111.93,113.22,110.99,113.22,111.5,1.7199999999999989,1.54,505729.56,660449.82
000338.SZ,20170705,112.87,114.25,112.19,113.9,113.22,0.6800000000000068,0.6,511480.97,676164.676
000338.SZ,20170706,114.5,119.39,114.16,119.05,113.9,5.1499999999999915,4.52,916906.93,1251854.956
000338.SZ,20170707,117.93,119.05,116.99,117.93,119.05,-1.1199999999999903,-0.94,579980.89,796364.769
000338.SZ,20170710,117.93,119.73,117.16,117.93,117.93,0.0,0.0,504762.23,696881.015
000338.SZ,20170711,118.19,118.19,112.36,112.36,117.93,-5.570000000000007,-4.72,765632.03,1029103.009
000338.SZ,20170712,112.7,113.47,109.96,112.1,112.36,-0.2600000000000051,-0.23,712085.89,926826.128
000338.SZ,20170713,115.79,118.71,115.79,117.16,112.1,5.060000000000002,4.51,881089.43,1203629.125
000338.SZ,20170714,118.45,119.13,116.9,117.59,117.16,0.4300000000000068,0.37,510510.22,701604.261
000338.SZ,20170717,117.93,120.94,113.99,118.45,117.59,0.8599999999999994,0.73,823165.85,1135840.363
000338.SZ,20170718,118.53,119.22,114.07,117.33,118.45,-1.1200000000000045,-0.95,642099.3,872676.043
000338.SZ,20170719,117.25,123.25,116.05,122.82,117.33,5.489999999999995,4.68,1141210.42,1608569.95
000338.SZ,20170720,123.17,123.94,120.85,121.54,122.82,-1.279999999999987,-1.04,901455.56,1280119.39
000338.SZ,20170721,122.4,123.1,120.13,120.66,121.53,-0.8700000000000045,-0.72,1207646.99,839855.802
000338.SZ,20170724,120.13,121.88,117.86,120.83,120.66,0.1700000000000017,0.14,1394195.19,954841.622
000338.SZ,20170725,120.83,121.18,117.69,118.39,120.83,-2.4399999999999977,-2.02,1012667.1,689363.498
000338.SZ,20170726,118.39,119.26,115.42,115.77,118.39,-2.6200000000000045,-2.21,1158090.94,774661.461
000338.SZ,20170727,115.59,116.81,114.54,115.77,115.77,0.0,0.0,657939.16,436128.681
000338.SZ,20170728,115.42,119.26,115.42,118.56,115.77,2.7900000000000063,2.41,794065.51,536618.307
000338.SZ,20170731,118.73,123.62,118.39,122.4,118.56,3.8400000000000034,3.24,1573225.07,1092300.555
000338.SZ,20170801,123.1,123.45,120.83,122.4,122.4,0.0,0.0,936793.27,655124.42
000338.SZ,20170802,122.4,124.67,121.88,122.05,122.4,-0.3500000000000085,-0.29,859868.33,605683.848
000338.SZ,20170803,123.27,125.54,123.27,124.5,122.05,2.450000000000003,2.01,1186835.76,846178.948
000338.SZ,20170804,123.97,125.54,122.4,122.58,124.5,-1.9200000000000017,-1.54,780544.86,553906.833
000338.SZ,20170807,122.23,122.93,120.48,122.4,122.58,-0.1799999999999926,-0.15,571789.33,398855.269
000338.SZ,20170808,122.4,122.93,120.83,121.88,122.4,-0.5200000000000102,-0.42,583127.55,406483.006
000338.SZ,20170809,121.7,124.32,120.66,123.45,121.88,1.5700000000000074,1.29,730027.69,512153.01
000338.SZ,20170810,123.27,123.27,120.13,120.83,123.45,-2.6200000000000045,-2.12,659783.46,458367.103
000338.SZ,20170811,119.26,119.96,115.24,115.77,120.83,-5.060000000000002,-4.19,1091687.38,732777.904
000338.SZ,20170814,116.29,118.56,115.77,118.21,115.77,2.4399999999999977,2.11,530407.77,357551.026
000338.SZ,20170815,118.21,119.43,116.99,117.86,118.21,-0.3499999999999943,-0.3,471724.18,318466.081
000338.SZ,20170816,118.39,118.39,116.12,116.64,117.86,-1.2199999999999989,-1.04,412508.54,275982.905
000338.SZ,20170817,116.81,118.39,116.46,117.69,116.64,1.0499999999999972,0.9,424429.4,284678.25
000338.SZ,20170818,116.99,119.08,116.64,118.91,117.69,1.2199999999999989,1.04,501984.46,340394.203
000338.SZ,20170821,118.73,120.83,118.39,120.66,118.91,1.75,1.47,444744.97,305962.387
000338.SZ,20170822,120.83,121.7,119.96,120.48,120.66,-0.1799999999999926,-0.15,447210.17,309601.614
000338.SZ,20170823,120.48,120.83,118.91,119.08,120.48,-1.4000000000000057,-1.16,341493.89,233652.117
000338.SZ,20170824,119.08,119.61,117.86,118.56,119.08,-0.519999999999996,-0.44,336472.09,228371.693
000338.SZ,20170825,118.21,121.18,118.04,120.66,118.56,2.0999999999999943,1.77,510841.36,351383.569
000338.SZ,20170828,121.7,121.88,120.13,120.48,120.66,-0.1799999999999926,-0.15,608904.47,421711.176
000338.SZ,20170829,120.31,121.53,120.13,120.48,120.48,0.0,0.0,527821.48,364814.631
000338.SZ,20170830,121.0,121.35,120.13,120.83,120.48,0.3499999999999943,0.29,399793.52,276311.474
000338.SZ,20170831,123.45,128.51,123.1,125.72,120.83,4.890000000000001,4.05,1564189.28,1126546.243
000338.SZ,20170901,125.72,127.47,125.02,126.59,125.72,0.8700000000000045,0.69,794427.42,573994.418
000338.SZ,20170904,126.59,130.78,126.59,130.08,126.59,3.490000000000009,2.76,1093236.29,811265.7
000338.SZ,20170905,130.96,132.88,129.39,129.56,130.08,-0.5200000000000102,-0.4,841825.45,632169.866
000338.SZ,20170906,129.56,130.96,129.21,130.61,129.56,1.0500000000000114,0.81,565675.53,421588.062
000338.SZ,20170907,130.61,130.61,127.29,127.64,130.61,-2.970000000000013,-2.27,774578.44,569867.71
000338.SZ,20170908,127.64,129.74,127.64,128.86,127.64,1.220000000000013,0.96,382754.95,281824.485
000338.SZ,20170911,128.86,130.96,127.81,130.96,128.86,2.0999999999999943,1.63,549424.68,406805.106
000338.SZ,20170912,130.78,132.53,129.74,130.96,130.96,0.0,0.0,634243.78,477003.446
000338.SZ,20170913,131.48,132.53,130.26,132.18,130.96,1.2199999999999989,0.93,522412.04,393848.254
000338.SZ,20170914,132.53,135.32,131.48,135.32,132.18,3.1399999999999864,2.38,847727.9,647480.931
000338.SZ,20170915,135.67,136.55,132.18,132.88,135.32,-2.4399999999999977,-1.8,733222.47,559885.281
000338.SZ,20170918,132.88,133.4,131.13,132.7,132.88,-0.18000000000000682,-0.14,415720.95,315009.769
000338.SZ,20170919,133.05,133.23,130.61,130.96,132.7,-1.7399999999999807,-1.31,455008.68,342289.459
000338.SZ,20170920,130.96,131.83,130.08,131.48,130.96,0.5199999999999818,0.4,277874.76,209095.345
000338.SZ,20170921,131.48,131.83,129.21,129.56,131.48,-1.9199999999999875,-1.46,435266.66,325793.434
000338.SZ,20170922,129.39,130.08,127.29,127.81,129.56,-1.75,-1.35,501466.18,368524.705
000338.SZ,20170925,127.81,129.74,127.29,127.47,127.81,-0.3400000000000034,-0.27,370337.22,271873.003
000338.SZ,20170926,127.81,129.74,127.64,129.21,127.47,1.740000000000009,1.37,429743.16,317468.109
000338.SZ,20170927,128.51,129.74,128.16,128.34,129.21,-0.8700000000000045,-0.67,333950.53,246188.507
000338.SZ,20170928,128.69,129.39,127.64,128.69,128.34,0.3499999999999943,0.27,360425.0,265557.448
000338.SZ,20170929,128.86,130.78,128.69,130.78,128.69,2.0900000000000034,1.62,491637.18,366871.171
000338.SZ,20171009,132.18,132.53,130.78,131.48,130.78,0.6999999999999886,0.54,475215.07,358254.006
000338.SZ,20171010,131.66,132.53,130.96,131.83,131.48,0.35000000000002274,0.27,406268.01,306336.875
000338.SZ,20171011,131.83,132.35,130.78,131.31,131.83,-0.5200000000000102,-0.39,391145.68,294626.371
000338.SZ,20171012,131.66,132.35,131.13,132.35,131.31,1.039999999999992,0.79,453990.05,342574.988
000338.SZ,20171013,132.53,139.51,131.83,138.81,132.35,6.460000000000008,4.88,1449761.74,1136423.324
000338.SZ,20171016,138.81,138.99,135.67,137.24,138.81,-1.5699999999999932,-1.13,803460.61,631556.824
000338.SZ,20171017,137.42,137.94,135.67,137.07,137.24,-0.17000000000001592,-0.12,435691.12,340402.435
000338.SZ,20171018,136.72,138.64,136.37,137.07,137.07,0.0,0.0,440616.93,346825.919
000338.SZ,20171019,137.07,137.24,132.35,132.53,137.07,-4.539999999999992,-3.31,692859.08,532090.745
000338.SZ,20171020,132.53,133.42,130.39,132.88,132.53,0.3499999999999943,0.26,590526.08,436496.714
000338.SZ,20171023,132.35,134.49,131.99,133.6,132.88,0.7199999999999989,0.54,435413.2,325333.064
000338.SZ,20171024,133.78,137.16,133.78,136.09,133.6,2.490000000000009,1.86,585495.73,446905.943
000338.SZ,20171025,138.05,139.3,137.52,137.87,136.09,1.7800000000000011,1.31,494069.51,383932.946
000338.SZ,20171026,138.41,143.39,138.05,142.15,137.87,4.280000000000001,3.1,1054610.82,837172.507
000338.SZ,20171027,141.44,142.68,140.01,141.44,142.15,-0.710000000000008,-0.5,623854.3,493654.035
000338.SZ,20171030,141.44,144.64,140.72,142.68,141.44,1.240000000000009,0.88,851669.03,682407.382
000338.SZ,20171031,146.78,150.7,144.82,148.74,142.68,6.060000000000002,4.25,1535064.37,1275270.954
000338.SZ,20171101,148.74,156.04,148.2,153.19,148.74,4.449999999999989,2.99,1552798.74,1333277.828
000338.SZ,20171102,153.01,155.51,150.7,153.01,153.19,-0.18000000000000682,-0.12,1059443.79,906987.25
000338.SZ,20171103,153.01,153.9,144.46,146.78,153.01,-6.22999999999999,-4.07,1467166.09,1222122.648
000338.SZ,20171106,147.49,156.75,144.82,156.75,146.78,9.969999999999999,6.79,1631874.92,1384001.093
000338.SZ,20171107,156.93,158.36,154.26,155.69,156.75,-1.0600000000000023,-0.68,1092622.41,956364.827
000338.SZ,20171108,155.69,157.47,152.3,152.84,155.69,-2.8499999999999943,-1.83,1068603.24,930617.403
000338.SZ,20171109,152.48,155.51,150.7,155.51,152.84,2.6699999999999875,1.75,795665.5,683684.904
000338.SZ,20171110,154.97,161.39,154.08,160.14,155.51,4.6299999999999955,2.98,1454029.13,1295390.825
000338.SZ,20171113,159.96,163.88,158.54,160.32,160.14,0.18000000000000682,0.11,1277205.71,1158806.172
000338.SZ,20171114,160.32,162.28,158.54,158.71,160.32,-1.6099999999999852,-1.0,842895.16,756652.172
000338.SZ,20171115,158.71,158.71,151.94,153.73,158.71,-4.980000000000018,-3.14,1205416.27,1046898.914
000338.SZ,20171116,153.55,157.47,152.66,156.75,153.73,3.0200000000000102,1.96,694313.63,607273.733
000338.SZ,20171117,156.75,159.25,154.08,154.97,156.75,-1.7800000000000011,-1.14,857706.9,753454.351
000338.SZ,20171120,153.73,153.73,146.07,152.84,154.97,-2.1299999999999955,-1.37,1163769.97,976739.922
000338.SZ,20171121,151.77,157.65,150.7,157.47,152.84,4.6299999999999955,3.03,1045428.36,902124.372
000338.SZ,20171122,159.43,162.63,156.93,157.82,157.47,0.3499999999999943,0.22,1182185.67,1060072.265
000338.SZ,20171123,158.0,160.85,148.92,149.45,157.82,-8.370000000000005,-5.3,1127533.12,980706.593
000338.SZ,20171124,149.63,151.77,146.07,151.41,149.45,1.960000000000008,1.31,959801.28,801960.293
000338.SZ,20171127,150.34,150.34,143.22,144.64,151.41,-6.77000000000001,-4.47,963049.94,790834.375
000338.SZ,20171128,143.75,146.96,143.04,145.89,144.64,1.25,0.86,590783.29,482459.773
000338.SZ,20171129,146.07,148.56,143.22,147.31,145.89,1.420000000000016,0.97,774580.96,632941.195
000338.SZ,20171130,146.78,148.38,144.46,145.0,147.31,-2.3100000000000023,-1.57,512313.96,421097.448
000338.SZ,20171201,145.71,146.96,144.11,145.53,145.0,0.5300000000000011,0.37,385556.5,314975.833
000338.SZ,20171204,144.29,145.18,137.87,138.59,145.53,-6.939999999999998,-4.77,1221312.91,970285.432
000338.SZ,20171205,138.05,139.48,135.56,137.69,138.59,-0.9000000000000057,-0.65,1080590.01,835683.888
000338.SZ,20171206,137.52,138.94,133.78,136.09,137.69,-1.5999999999999943,-1.16,799732.6,612463.243
000338.SZ,20171207,136.45,137.87,134.84,135.2,136.09,-0.8900000000000148,-0.65,522676.47,399687.489
000338.SZ,20171208,134.84,136.98,133.24,136.63,135.2,1.4300000000000068,1.06,535513.06,407697.148
000338.SZ,20171211,136.63,139.3,136.27,139.12,136.63,2.490000000000009,1.82,621755.08,481508.53
000338.SZ,20171212,139.12,139.3,135.74,135.74,139.12,-3.3799999999999955,-2.43,480777.54,370288.461
000338.SZ,20171213,135.56,136.8,134.49,136.63,135.74,0.8899999999999864,0.66,388200.08,295234.905
000338.SZ,20171214,136.98,137.87,135.38,136.09,136.63,-0.539999999999992,-0.4,393842.8,302204.57
000338.SZ,20171215,135.38,136.09,132.35,132.88,136.09,-3.210000000000008,-2.36,471126.88,354831.876
000338.SZ,20171218,132.88,138.05,132.71,138.05,132.88,5.170000000000016,3.89,660946.18,504441.965
000338.SZ,20171219,137.69,142.68,136.8,141.79,138.05,3.7399999999999807,2.71,985469.45,776617.289
000338.SZ,20171220,141.79,143.39,139.83,140.37,141.79,-1.4199999999999875,-1.0,618011.03,490410.459
000338.SZ,20171221,140.37,146.07,139.48,144.46,140.37,4.090000000000003,2.91,938790.72,756750.067
000338.SZ,20171222,144.64,146.07,143.75,145.0,144.46,0.539999999999992,0.37,540735.74,439447.281
000338.SZ,20171225,145.18,146.42,143.57,144.82,145.0,-0.18000000000000682,-0.12,539629.55,438344.976
000338.SZ,20171226,144.82,148.2,140.9,147.85,144.82,3.030000000000001,2.09,788690.59,641336.943
000338.SZ,20171227,146.6,151.23,146.24,147.14,147.85,-0.710000000000008,-0.48,888707.74,742551.791
000338.SZ,20171228,147.85,150.34,145.35,148.56,147.14,1.420000000000016,0.97,794207.79,661946.593
000338.SZ,20171229,148.2,149.81,147.85,148.56,148.56,0.0,0.0,437268.06,365525.628
000338.SZ,20180102,148.74,154.26,148.56,153.9,148.56,5.340000000000003,3.59,972471.37,832558.802
000338.SZ,20180103,154.44,156.22,152.3,152.48,153.9,-1.420000000000016,-0.92,870224.75,753036.957
000338.SZ,20180104,152.84,153.73,151.59,153.37,152.48,0.8900000000000148,0.58,574334.69,491706.714
000338.SZ,20180105,154.79,154.97,151.05,151.05,153.37,-2.319999999999993,-1.51,616243.81,528221.09
000338.SZ,20180108,151.77,159.43,151.77,159.07,151.05,8.019999999999982,5.31,1426566.51,1255870.79
000338.SZ,20180109,159.96,160.14,156.04,158.0,159.07,-1.0699999999999932,-0.67,942817.27,833093.841
000338.SZ,20180110,158.36,159.25,155.86,158.89,158.0,0.8899999999999864,0.56,840231.59,742515.025
000338.SZ,20180111,157.82,158.18,154.62,155.69,158.89,-3.1999999999999886,-2.01,655586.65,573945.204
000338.SZ,20180112,154.97,156.58,154.08,154.44,155.69,-1.25,-0.8,641422.53,558402.764
000338.SZ,20180115,155.69,157.82,151.59,153.01,154.44,-1.4300000000000068,-0.93,925865.59,807339.142
000338.SZ,20180116,153.01,161.74,152.3,160.32,153.01,7.310000000000002,4.78,1461270.78,1303684.189
000338.SZ,20180117,160.32,161.92,158.0,161.74,160.32,1.420000000000016,0.89,1112221.01,998346.507
000338.SZ,20180118,161.39,164.95,159.96,161.21,161.74,-0.5300000000000011,-0.33,1023273.47,932000.611
000338.SZ,20180119,162.1,163.7,159.43,160.14,161.21,-1.0700000000000216,-0.66,631942.52,572186.783
000338.SZ,20180122,159.6,162.45,157.47,162.1,160.14,1.960000000000008,1.22,815042.09,736101.333
000338.SZ,20180123,162.63,164.41,161.21,163.52,162.1,1.420000000000016,0.88,1226544.9,1122780.406
000338.SZ,20180124,164.24,166.55,160.32,160.67,163.52,-2.8500000000000227,-1.74,1124827.05,1029975.78
000338.SZ,20180125,161.21,161.74,159.25,159.96,160.67,-0.7099999999999795,-0.44,801807.71,722464.592
000338.SZ,20180126,159.96,160.67,158.18,159.6,159.96,-0.36000000000001364,-0.23,612205.09,548066.342
000338.SZ,20180129,160.67,164.06,159.6,161.21,159.6,1.6100000000000136,1.01,1000895.52,911638.007
000338.SZ,20180130,160.85,160.85,158.54,158.71,161.21,-2.5,-1.55,586982.68,525094.605
000338.SZ,20180131,158.36,158.36,153.19,156.4,158.71,-2.3100000000000023,-1.46,906977.5,790928.671
000338.SZ,20180201,156.4,156.93,152.66,154.08,156.4,-2.319999999999993,-1.48,637992.46,553758.292
000338.SZ,20180202,153.55,160.85,151.77,160.32,154.08,6.239999999999981,4.05,825635.46,728494.985
000338.SZ,20180205,157.47,160.67,156.93,160.32,160.32,0.0,0.0,639678.47,570416.407
000338.SZ,20180206,157.47,158.36,153.19,154.26,160.32,-6.060000000000002,-3.78,910073.46,795767.51
000338.SZ,20180207,157.82,158.54,145.89,147.85,154.26,-6.409999999999997,-4.16,954846.35,819735.775
000338.SZ,20180208,148.38,151.05,145.71,149.27,147.85,1.420000000000016,0.96,500644.51,418145.883
000338.SZ,20180209,142.68,145.71,136.27,138.05,149.27,-11.219999999999999,-7.52,1032944.49,814141.803
000338.SZ,20180212,139.48,143.22,137.69,141.79,138.05,3.7399999999999807,2.71,428573.54,338919.62
000338.SZ,20180213,143.39,146.96,143.39,143.93,141.79,2.140000000000015,1.51,433811.37,353767.74
000338.SZ,20180214,144.46,146.24,144.29,145.89,143.93,1.9599999999999795,1.36,326461.21,266805.596
000338.SZ,20180222,148.74,153.9,148.74,152.48,145.89,6.590000000000003,4.52,769571.74,654621.25
000338.SZ,20180223,153.01,153.55,150.52,151.77,152.48,-0.7099999999999795,-0.47,430813.67,367802.151
000338.SZ,20180226,153.01,154.79,152.12,154.62,151.77,2.8499999999999943,1.88,515900.28,444913.386
000338.SZ,20180227,155.33,155.86,149.81,149.99,154.62,-4.6299999999999955,-2.99,681168.35,580460.877
000338.SZ,20180228,149.99,152.48,146.96,151.41,149.99,1.4199999999999875,0.95,486305.32,410442.629
000338.SZ,20180301,149.27,152.3,148.74,151.41,151.41,0.0,0.0,525276.41,444598.343
000338.SZ,20180302,149.99,150.88,148.03,148.38,151.41,-3.030000000000001,-2.0,479547.3,401204.055
000338.SZ,20180305,148.56,149.99,145.53,146.07,148.38,-2.3100000000000023,-1.56,487384.7,402619.598
000338.SZ,20180306,147.49,149.27,146.42,149.09,146.07,3.0200000000000102,2.07,414034.04,344385.593
000338.SZ,20180307,149.27,149.99,146.78,147.14,149.09,-1.950000000000017,-1.31,339826.11,283560.551
000338.SZ,20180308,147.14,148.38,146.07,146.96,147.14,-0.1799999999999784,-0.12,396566.61,326638.623
000338.SZ,20180309,148.38,148.74,146.6,147.67,146.96,0.7099999999999795,0.48,361156.88,299273.135
000338.SZ,20180312,148.56,152.48,148.56,152.12,147.67,4.450000000000017,3.01,722253.17,611160.106
000338.SZ,20180313,152.12,152.66,149.99,150.16,152.12,-1.960000000000008,-1.29,468981.05,397090.889
000338.SZ,20180314,150.34,150.52,147.85,149.63,150.16,-0.5300000000000011,-0.35,425093.27,355369.039
000338.SZ,20180315,148.92,151.94,148.38,151.05,149.63,1.420000000000016,0.95,463442.66,391325.408
000338.SZ,20180316,150.88,152.12,149.27,149.27,151.05,-1.7800000000000011,-1.18,320073.11,270361.767
000338.SZ,20180319,149.27,149.81,147.49,148.03,149.27,-1.240000000000009,-0.83,289261.24,240940.615
000338.SZ,20180320,146.96,147.14,144.29,146.42,148.03,-1.6100000000000136,-1.09,405513.61,332071.279
000338.SZ,20180321,146.78,147.31,144.46,144.82,146.42,-1.5999999999999943,-1.09,390240.38,319632.474
000338.SZ,20180322,144.82,145.71,142.86,143.22,144.82,-1.5999999999999943,-1.1,351725.88,283908.918
000338.SZ,20180323,138.05,141.79,134.67,141.79,143.22,-1.4300000000000068,-1.0,906529.62,702134.909
000338.SZ,20180326,138.76,140.37,136.45,139.3,141.79,-2.4899999999999807,-1.76,417918.51,324728.029
000338.SZ,20180327,141.26,145.0,140.54,144.64,139.3,5.339999999999975,3.83,510805.8,407040.496
000338.SZ,20180328,142.5,143.75,140.37,142.5,144.64,-2.1399999999999864,-1.48,409018.26,326437.53
000338.SZ,20180329,146.42,149.27,145.18,146.96,142.5,4.460000000000008,3.13,927670.4,767954.6
000338.SZ,20180330,147.49,148.56,146.42,147.14,146.96,0.1799999999999784,0.12,437266.74,361601.609
000338.SZ,20180402,147.67,151.05,147.31,149.99,147.14,2.8500000000000227,1.94,756527.04,636097.107
000338.SZ,20180403,147.85,152.66,147.31,152.48,149.99,2.4899999999999807,1.66,782821.97,662655.217
000338.SZ,20180404,152.84,156.75,152.12,152.66,152.48,0.18000000000000682,0.12,767771.59,666483.717
000338.SZ,20180409,152.66,154.44,150.88,151.94,152.66,-0.7199999999999989,-0.47,517539.59,443004.289
000338.SZ,20180410,151.59,153.73,150.88,153.01,151.94,1.0699999999999932,0.7,507048.01,434061.208
000338.SZ,20180411,153.55,154.08,151.94,152.3,153.01,-0.7099999999999795,-0.46,333196.54,285769.38
000338.SZ,20180412,151.94,154.08,149.09,150.16,152.3,-2.140000000000015,-1.41,412263.56,350369.457
000338.SZ,20180413,151.41,156.4,151.41,155.15,150.16,4.990000000000009,3.32,1022755.15,887877.03
000338.SZ,20180416,155.33,155.69,150.16,150.52,155.15,-4.6299999999999955,-2.98,618955.21,529189.217
000338.SZ,20180417,150.88,152.3,147.85,148.38,150.52,-2.140000000000015,-1.42,425179.5,358174.731
000338.SZ,20180418,149.63,151.05,145.53,149.27,148.38,0.8900000000000148,0.6,507084.39,422116.063
000338.SZ,20180419,149.27,149.45,147.49,148.56,149.27,-0.710000000000008,-0.48,359347.0,299788.102
000338.SZ,20180420,148.38,148.56,143.04,145.18,148.56,-3.3799999999999955,-2.28,551630.55,449371.469
000338.SZ,20180423,145.35,145.71,142.86,145.0,145.18,-0.18000000000000682,-0.12,321794.55,260481.028
000338.SZ,20180424,145.71,150.16,145.53,149.63,145.0,4.6299999999999955,3.19,498279.69,416278.656
000338.SZ,20180425,148.56,149.63,147.49,148.2,149.63,-1.4300000000000068,-0.96,272088.51,226492.672
000338.SZ,20180426,148.2,148.56,144.82,146.24,148.2,-1.9599999999999795,-1.32,305425.9,250685.411
000338.SZ,20180427,147.31,147.49,144.82,147.31,146.24,1.0699999999999932,0.73,324685.48,266390.977
000338.SZ,20180502,146.07,146.42,142.86,143.57,147.31,-3.740000000000009,-2.54,579287.12,469636.177
000338.SZ,20180503,143.39,145.89,142.5,144.64,143.57,1.0699999999999932,0.75,381095.5,308307.792
000338.SZ,20180504,144.82,145.18,143.57,144.29,144.64,-0.3499999999999943,-0.24,299735.19,243236.268
000338.SZ,20180507,145.18,146.96,144.29,146.96,144.29,2.670000000000016,1.85,398632.3,326142.606
000338.SZ,20180508,146.96,149.09,146.07,147.85,146.96,0.8899999999999864,0.61,458949.32,381134.754
000338.SZ,20180509,147.67,148.38,147.14,147.85,147.85,0.0,0.0,258704.98,214637.064
000338.SZ,20180510,148.38,148.92,146.96,147.85,147.85,0.0,0.0,224950.59,186649.726
000338.SZ,20180511,148.38,148.74,147.31,147.67,147.85,-0.18000000000000682,-0.12,241898.31,201026.889
000338.SZ,20180514,147.85,151.41,147.67,149.99,147.67,2.3200000000000216,1.57,520410.57,438137.996
000338.SZ,20180515,149.99,150.7,148.56,150.16,149.99,0.1699999999999875,0.11,329320.29,276830.165
000338.SZ,20180516,149.45,150.52,148.74,149.63,150.16,-0.5300000000000011,-0.35,332916.45,279799.533
000338.SZ,20180517,150.52,153.19,150.16,152.12,149.63,2.490000000000009,1.66,713382.68,609026.688
000338.SZ,20180518,151.94,153.01,150.88,153.01,152.12,0.8899999999999864,0.59,389752.98,332747.359
000338.SZ,20180521,154.08,155.33,151.05,151.59,153.01,-1.4199999999999875,-0.93,571615.04,490466.995
000338.SZ,20180522,151.77,153.9,150.52,153.19,151.59,1.5999999999999943,1.06,336021.84,287601.846
000338.SZ,20180523,153.01,153.73,151.77,152.66,153.19,-0.5300000000000011,-0.35,322908.01,276978.194
000338.SZ,20180524,152.48,152.84,149.99,150.16,152.66,-2.5,-1.64,303064.86,256988.275
000338.SZ,20180525,150.52,153.01,150.16,152.66,150.16,2.5,1.66,462039.93,394450.462
000338.SZ,20180528,152.84,155.69,152.84,155.51,152.66,2.8499999999999943,1.87,645207.05,560657.069
000338.SZ,20180529,155.51,156.4,153.73,153.9,155.51,-1.6099999999999852,-1.04,389086.19,338372.963
000338.SZ,20180530,152.12,152.84,148.74,150.16,153.9,-3.740000000000009,-2.43,523198.44,442792.112
000338.SZ,20180531,151.59,155.51,151.23,155.51,150.16,5.349999999999994,3.56,536854.15,462656.957
000338.SZ,20180601,154.44,157.11,153.9,154.44,155.51,-1.0699999999999932,-0.69,642802.25,560957.476
000338.SZ,20180604,155.15,161.03,154.62,159.6,154.44,5.159999999999997,3.34,1135713.65,1013266.592
000338.SZ,20180605,159.78,160.14,157.65,159.96,159.6,0.36000000000001364,0.23,633818.5,564845.653
000338.SZ,20180606,159.43,160.85,158.18,158.36,159.96,-1.5999999999999943,-1.0,599677.1,536173.049
000338.SZ,20180607,159.43,161.56,158.36,160.85,158.36,2.4899999999999807,1.57,735953.59,660140.939
000338.SZ,20180608,160.67,160.85,156.04,157.65,160.85,-3.1999999999999886,-1.99,697236.62,617223.6
000338.SZ,20180611,157.47,161.39,156.4,160.14,157.65,2.4899999999999807,1.58,598277.15,535947.925
000338.SZ,20180612,159.96,176.17,159.96,173.14,160.14,13.0,8.12,2995388.88,2869506.449
000338.SZ,20180613,172.07,175.99,171.54,173.68,173.14,0.5400000000000205,0.31,1669536.26,1627777.078
000338.SZ,20180614,174.03,174.57,166.91,168.33,173.68,-5.349999999999994,-3.08,1466730.47,1401261.824
000338.SZ,20180615,169.4,171.9,165.84,169.58,168.33,1.25,0.74,1249340.78,1187463.575
000338.SZ,20180619,167.44,167.44,156.75,157.82,169.58,-11.76000000000002,-6.93,1525555.19,1381424.114
000338.SZ,20180620,159.25,161.56,155.69,158.0,157.82,0.18000000000000682,0.11,915869.02,817348.797
000338.SZ,20180621,159.25,165.3,158.0,159.25,158.0,1.25,0.79,1196381.25,1085074.004
000338.SZ,20180622,157.47,164.06,156.22,163.17,159.25,3.9199999999999875,2.46,712373.9,643819.744
000338.SZ,20180625,164.59,165.13,157.29,157.65,163.17,-5.519999999999982,-3.38,890071.12,798489.543
000338.SZ,20180626,154.26,156.04,148.92,153.73,157.65,-3.920000000000016,-2.49,846692.65,725814.558
000338.SZ,20180627,154.97,159.43,153.73,154.97,153.73,1.240000000000009,0.81,747812.84,656865.254
000338.SZ,20180628,153.37,155.33,149.99,150.52,154.97,-4.449999999999989,-2.87,610918.59,521854.657
000338.SZ,20180629,152.3,156.58,150.7,155.86,150.52,5.340000000000003,3.55,564982.77,489075.494
000338.SZ,20180702,156.04,157.47,151.77,152.66,155.86,-3.200000000000017,-2.05,513678.38,446428.484
000338.SZ,20180703,153.19,153.55,144.46,150.34,152.66,-2.319999999999993,-1.52,943982.26,783023.464
000338.SZ,20180704,148.56,150.52,144.29,144.46,150.34,-5.8799999999999955,-3.91,621136.12,509247.007
000338.SZ,20180705,144.64,145.89,138.76,141.44,144.46,-3.0200000000000102,-2.09,608726.68,485823.142
000338.SZ,20180706,141.61,146.24,140.19,145.18,141.44,3.740000000000009,2.64,591660.85,477259.295
000338.SZ,20180709,146.07,148.56,145.35,147.31,145.18,2.1299999999999955,1.47,502150.77,415130.314
000338.SZ,20180710,151.77,153.19,149.45,151.05,147.31,3.740000000000009,2.54,886024.23,752040.839
000338.SZ,20180711,147.49,152.3,146.42,151.77,151.05,0.7199999999999989,0.48,589704.66,498005.842
000338.SZ,20180712,151.05,153.37,149.81,151.41,151.77,-0.36000000000001364,-0.24,1070231.17,911348.103
000338.SZ,20180713,151.94,152.48,150.34,151.41,151.41,0.0,0.0,530673.04,450876.179
000338.SZ,20180716,154.26,156.4,153.55,154.08,151.41,2.670000000000016,1.76,828828.86,721664.708
000338.SZ,20180717,154.26,154.26,152.12,154.08,154.08,0.0,0.0,327376.54,281225.111
000338.SZ,20180718,154.26,155.33,151.23,151.59,154.08,-2.490000000000009,-1.62,349292.5,300437.998
000338.SZ,20180719,151.41,152.66,149.09,149.99,151.59,-1.5999999999999943,-1.06,306749.63,259561.797
000338.SZ,20180720,149.63,152.3,146.96,151.41,149.99,1.4199999999999875,0.95,559499.59,472602.294
000338.SZ,20180723,150.88,152.66,149.09,151.94,151.41,0.5300000000000011,0.35,612251.05,519389.907
000338.SZ,20180724,151.41,160.32,151.41,157.11,151.94,5.170000000000016,3.4,1602785.09,1420343.509
000338.SZ,20180725,158.54,159.25,156.58,158.18,157.11,1.0699999999999932,0.68,655757.92,581620.78
000338.SZ,20180726,159.25,161.03,156.93,157.47,158.18,-0.710000000000008,-0.45,562515.79,502046.559
000338.SZ,20180727,158.18,158.54,153.37,153.9,157.47,-3.569999999999993,-2.27,606243.03,528812.234
000338.SZ,20180730,154.62,157.47,154.26,155.69,153.9,1.789999999999992,1.16,490838.72,429757.026
000338.SZ,20180731,156.79,156.79,154.41,156.42,155.69,0.7299999999999898,0.47,426783.02,362026.488
000338.SZ,20180801,157.89,160.82,156.06,156.61,156.42,0.19000000000002615,0.12,591318.63,512005.813
000338.SZ,20180802,155.14,155.51,145.6,146.89,156.61,-9.720000000000027,-6.21,1236514.73,996501.884
000338.SZ,20180803,146.34,146.7,141.94,141.94,146.89,-4.949999999999989,-3.37,614883.76,484296.647
000338.SZ,20180806,142.3,143.4,137.72,142.3,141.94,0.36000000000001364,0.25,497427.49,383313.663
000338.SZ,20180807,142.12,148.17,140.84,147.25,142.3,4.949999999999989,3.48,475281.68,374921.93
000338.SZ,20180808,147.62,148.35,145.42,145.6,147.25,-1.6500000000000057,-1.12,325561.12,261040.683
000338.SZ,20180809,145.97,149.09,145.24,148.35,145.6,2.75,1.89,298491.75,241031.022
000338.SZ,20180810,148.35,149.27,146.52,147.44,148.35,-0.9099999999999966,-0.61,246885.55,198553.963
000338.SZ,20180813,145.42,145.97,143.22,145.6,147.44,-1.8400000000000034,-1.25,340234.6,267725.045
000338.SZ,20180814,145.24,145.6,142.67,143.95,145.6,-1.6500000000000057,-1.13,375134.13,294049.106
000338.SZ,20180815,144.32,144.69,140.1,140.84,143.95,-3.109999999999985,-2.16,344583.63,266330.254
000338.SZ,20180816,139.37,141.94,138.09,140.29,140.84,-0.5500000000000114,-0.39,252252.97,193078.809
000338.SZ,20180817,141.75,142.12,137.35,137.53,140.29,-2.759999999999991,-1.97,294888.04,223690.203
000338.SZ,20180820,137.35,138.64,136.25,138.27,137.53,0.7400000000000091,0.54,235599.07,176617.983
000338.SZ,20180821,138.27,141.39,137.72,140.84,138.27,2.569999999999993,1.86,234506.27,179665.032
000338.SZ,20180822,141.2,141.2,139.55,140.1,140.84,-0.7400000000000091,-0.53,148282.04,113321.06
000338.SZ,20180823,140.29,141.02,136.98,138.45,140.1,-1.6500000000000057,-1.18,299188.72,226001.948
000338.SZ,20180824,137.72,139.74,137.35,138.82,138.45,0.37000000000000455,0.27,147836.4,111793.808
000338.SZ,20180827,139.0,142.49,139.0,142.49,138.82,3.670000000000016,2.64,346848.27,267320.035
000338.SZ,20180828,142.85,144.32,141.57,143.95,142.49,1.4599999999999795,1.02,291291.85,227397.146
000338.SZ,20180829,144.69,145.42,142.3,143.4,143.95,-0.549999999999983,-0.38,253097.97,197958.183
000338.SZ,20180830,144.87,145.79,142.12,144.5,143.4,1.0999999999999943,0.77,367709.96,288213.576
000338.SZ,20180831,145.24,148.72,144.69,146.7,144.5,2.1999999999999886,1.52,675405.19,541526.485
000338.SZ,20180903,146.7,149.09,146.15,148.54,146.7,1.8400000000000034,1.25,618523.12,500956.902
000338.SZ,20180904,148.17,148.9,146.34,147.8,148.54,-0.7399999999999807,-0.5,383632.72,308675.573
000338.SZ,20180905,146.89,147.62,143.04,143.22,147.8,-4.5800000000000125,-3.1,389779.88,307581.447
000338.SZ,20180906,142.67,144.14,139.55,140.29,143.22,-2.930000000000007,-2.05,345920.7,267218.382
000338.SZ,20180907,141.2,143.4,140.47,141.57,140.29,1.2800000000000011,0.91,271356.52,210212.473
000338.SZ,20180910,141.75,141.75,139.55,139.74,141.57,-1.829999999999984,-1.29,295698.31,226010.082
000338.SZ,20180911,139.92,141.39,138.27,141.02,139.74,1.2800000000000011,0.92,394815.98,302219.679
000338.SZ,20180912,141.57,143.59,140.84,143.04,141.02,2.019999999999982,1.43,325072.6,252422.35
000338.SZ,20180913,144.14,145.79,142.67,145.42,143.04,2.3799999999999955,1.66,274022.46,215269.01
000338.SZ,20180914,146.15,148.35,145.6,147.44,145.42,2.0200000000000102,1.39,385481.54,309463.984
000338.SZ,20180917,147.44,147.44,145.6,145.79,147.44,-1.6500000000000057,-1.12,281252.11,224754.632
000338.SZ,20180918,145.24,148.17,144.69,147.99,145.79,2.200000000000017,1.51,300347.4,240018.259
000338.SZ,20180919,147.99,151.29,147.25,151.29,147.99,3.299999999999983,2.23,559958.44,458430.145
000338.SZ,20180920,151.29,152.21,150.19,150.74,151.29,-0.549999999999983,-0.36,340203.95,280235.841
000338.SZ,20180921,151.66,156.24,151.11,155.87,150.74,5.1299999999999955,3.4,558300.28,468961.138
000338.SZ,20180925,154.04,155.32,153.12,154.59,155.87,-1.2800000000000011,-0.82,277060.45,233340.598
000338.SZ,20180926,155.14,159.91,155.14,156.42,154.59,1.829999999999984,1.18,579726.46,498673.855
000338.SZ,20180927,156.97,158.26,155.14,156.42,156.42,0.0,0.0,359578.49,307128.383
000338.SZ,20180928,157.89,158.44,155.51,156.79,156.42,0.37000000000000455,0.24,389772.04,333210.971
000338.SZ,20181008,154.04,155.87,152.39,153.12,156.79,-3.6699999999999875,-2.34,557735.82,469765.228
000338.SZ,20181009,154.41,156.97,154.41,155.32,153.12,2.1999999999999886,1.44,416720.55,354134.731
000338.SZ,20181010,156.06,158.44,155.32,155.69,155.32,0.37000000000000455,0.24,368752.25,314824.147
000338.SZ,20181011,151.29,151.47,145.05,148.35,155.69,-7.340000000000003,-4.71,722233.82,584312.496
000338.SZ,20181012,146.7,149.64,143.4,148.72,148.35,0.37000000000000455,0.25,456975.23,366039.268
000338.SZ,20181015,149.09,149.27,144.14,144.32,148.72,-4.400000000000006,-2.96,412006.6,328249.943
000338.SZ,20181016,144.69,145.6,141.75,142.67,144.32,-1.6500000000000057,-1.14,360311.75,280940.708
000338.SZ,20181017,144.32,145.05,139.37,142.12,142.67,-0.549999999999983,-0.39,406022.08,313207.446
000338.SZ,20181018,141.02,142.85,140.29,141.2,142.12,-0.9200000000000159,-0.65,370028.1,285677.436
000338.SZ,20181019,139.37,143.77,136.07,143.22,141.2,2.0200000000000102,1.43,464930.69,355299.079
000338.SZ,20181022,144.14,151.84,143.59,150.0,143.22,6.780000000000001,4.73,567589.68,457668.649
000338.SZ,20181023,150.38,150.38,145.7,146.45,150.01,-3.5600000000000023,-2.37,426500.46,335534.994
000338.SZ,20181024,145.32,147.38,144.38,144.57,146.45,-1.8799999999999955,-1.28,297989.8,231409.885
000338.SZ,20181025,140.44,144.2,139.32,143.63,144.57,-0.9399999999999977,-0.65,288888.94,218573.136
000338.SZ,20181026,144.57,147.95,144.38,145.51,143.63,1.8799999999999955,1.31,251785.15,195681.424
000338.SZ,20181029,144.38,145.32,141.01,141.95,145.51,-3.5600000000000023,-2.45,244933.95,186200.961
000338.SZ,20181030,141.57,143.82,139.32,141.57,141.95,-0.37999999999999545,-0.27,322590.3,243519.895
000338.SZ,20181031,138.76,140.82,138.01,139.69,141.57,-1.8799999999999955,-1.33,644002.13,478975.922
000338.SZ,20181101,140.63,143.26,139.69,140.44,139.69,0.75,0.54,583318.34,438764.568
000338.SZ,20181102,142.32,144.38,140.82,144.2,140.44,3.759999999999991,2.68,820966.49,624141.153
000338.SZ,20181105,144.01,144.01,140.44,141.76,144.2,-2.4399999999999977,-1.69,598270.41,453199.073
000338.SZ,20181106,141.01,141.76,140.07,141.38,141.76,-0.37999999999999545,-0.27,336629.09,252837.637
000338.SZ,20181107,141.57,142.32,140.63,141.01,141.38,-0.37000000000000455,-0.26,348246.37,262623.844
000338.SZ,20181108,142.13,142.51,140.07,140.44,141.01,-0.5699999999999932,-0.4,302877.93,227948.109
000338.SZ,20181109,139.88,140.44,138.57,138.94,140.44,-1.5,-1.07,301971.56,224107.01
000338.SZ,20181112,138.38,140.63,138.38,140.44,138.94,1.5,1.08,340819.81,253822.518
000338.SZ,20181113,138.76,141.57,138.57,141.2,140.44,0.7599999999999909,0.54,483388.13,361140.062
000338.SZ,20181114,141.2,141.95,140.26,140.44,141.2,-0.7599999999999909,-0.54,376672.6,283206.469
000338.SZ,20181115,140.63,141.57,140.44,141.38,140.44,0.9399999999999977,0.67,437670.35,328862.455
000338.SZ,20181116,141.57,144.38,141.57,143.07,141.38,1.6899999999999977,1.2,532879.64,405940.073
000338.SZ,20181119,143.07,144.2,142.51,144.2,143.07,1.1299999999999955,0.79,413727.61,316227.296
000338.SZ,20181120,143.45,143.45,140.82,141.2,144.2,-3.0,-2.08,444436.12,336314.508
000338.SZ,20181121,139.69,141.76,139.32,140.82,141.2,-0.37999999999999545,-0.27,234821.22,176421.577
000338.SZ,20181122,141.01,141.95,140.63,141.57,140.82,0.75,0.53,180077.53,135670.121
000338.SZ,20181123,141.57,141.95,139.13,139.32,141.57,-2.25,-1.59,280512.46,209566.235
000338.SZ,20181126,139.13,141.01,138.94,139.69,139.32,0.37000000000000455,0.27,217397.42,162236.182
000338.SZ,20181127,140.26,140.44,139.13,139.51,139.69,-0.18000000000000682,-0.13,172171.93,128224.966
000338.SZ,20181128,139.32,141.38,139.13,141.2,139.51,1.6899999999999977,1.21,193784.23,145100.442
000338.SZ,20181129,141.76,142.13,139.88,140.07,141.2,-1.1299999999999955,-0.8,210974.05,159054.376
000338.SZ,20181130,140.63,141.76,139.88,141.01,140.07,0.9399999999999977,0.67,196123.85,147518.275
000338.SZ,20181203,143.45,145.32,142.32,144.2,141.01,3.1899999999999977,2.26,592987.36,456107.678
000338.SZ,20181204,144.95,147.01,144.38,145.32,144.2,1.1200000000000045,0.78,427815.82,332313.881
000338.SZ,20181205,143.45,145.13,143.07,144.2,145.32,-1.1200000000000045,-0.77,261518.21,201187.699
000338.SZ,20181206,143.63,144.01,142.32,142.51,144.2,-1.6899999999999977,-1.17,218262.7,166528.464
000338.SZ,20181207,142.7,143.82,142.7,142.88,142.51,0.37000000000000455,0.26,143160.54,109381.499
000338.SZ,20181210,142.13,142.88,140.63,140.82,142.88,-2.0600000000000023,-1.44,199021.12,150171.251
000338.SZ,20181211,141.76,142.32,141.01,141.57,140.82,0.75,0.53,126834.14,95718.845
000338.SZ,20181212,142.13,142.51,141.2,142.32,141.57,0.75,0.53,150208.59,113713.226
000338.SZ,20181213,142.51,145.51,142.32,144.76,142.32,2.4399999999999977,1.71,306277.17,236145.678
000338.SZ,20181214,144.76,145.7,144.2,144.38,144.76,-0.37999999999999545,-0.26,323455.93,250140.921
000338.SZ,20181217,144.01,147.38,143.82,147.38,144.38,3.0,2.08,430783.31,336085.384
000338.SZ,20181218,145.88,148.32,145.32,146.45,147.38,-0.9300000000000068,-0.63,337936.3,264095.552
000338.SZ,20181219,146.82,149.07,146.45,147.01,146.45,0.5600000000000023,0.38,348211.1,274135.39
000338.SZ,20181220,146.07,147.38,144.38,145.88,147.01,-1.1299999999999955,-0.77,286352.06,222860.132
000338.SZ,20181221,145.51,146.45,144.95,146.45,145.88,0.5699999999999932,0.39,317157.39,246834.23
000338.SZ,20181224,146.26,146.82,144.38,145.51,146.45,-0.9399999999999977,-0.64,220556.22,171278.752
000338.SZ,20181225,144.95,144.95,141.76,143.63,145.51,-1.8799999999999955,-1.29,258020.95,196993.02
000338.SZ,20181226,143.82,144.38,141.57,142.51,143.63,-1.1200000000000045,-0.78,214945.13,163360.251
000338.SZ,20181227,144.38,145.32,142.88,143.07,142.51,0.5600000000000023,0.39,343307.7,264119.309
000338.SZ,20181228,143.63,145.13,143.45,144.38,143.07,1.3100000000000023,0.92,307625.67,236912.853
000338.SZ,20190102,145.13,145.32,141.57,141.76,144.38,-2.6200000000000045,-1.81,216156.7,164557.628
000338.SZ,20190103,142.13,142.88,139.32,140.44,141.76,-1.3199999999999932,-0.93,273008.3,205390.574
000338.SZ,20190104,139.32,142.88,138.94,142.7,140.44,2.259999999999991,1.61,204154.13,154030.303
000338.SZ,20190107,143.63,144.38,142.51,143.63,142.7,0.9300000000000068,0.65,309964.28,236955.425
000338.SZ,20190108,144.01,144.01,142.51,143.63,143.63,0.0,0.0,160942.18,122995.784
000338.SZ,20190109,144.76,148.13,144.38,145.51,143.63,1.8799999999999955,1.31,451729.68,354012.679
000338.SZ,20190110,146.07,147.76,145.13,146.63,145.51,1.1200000000000045,0.77,254815.35,199378.024
000338.SZ,20190111,146.63,148.51,145.88,148.13,146.63,1.5,1.02,291779.23,229582.588
000338.SZ,20190114,148.51,152.63,148.32,150.2,148.13,2.069999999999993,1.4,494675.87,397664.99
000338.SZ,20190115,150.01,153.01,149.26,152.26,150.2,2.0600000000000023,1.37,354260.63,286999.64
000338.SZ,20190116,152.45,153.2,150.01,152.26,152.26,0.0,0.0,413824.24,334274.654
000338.SZ,20190117,151.88,155.82,151.7,154.7,152.26,2.4399999999999977,1.6,546508.35,450270.106
000338.SZ,20190118,155.45,155.63,152.82,154.32,154.7,-0.37999999999999545,-0.25,349393.95,286961.669
000338.SZ,20190121,154.51,155.82,154.32,155.07,154.32,0.75,0.49,297215.51,245914.305
000338.SZ,20190122,154.51,155.63,153.01,153.76,155.07,-1.3100000000000023,-0.84,347295.45,285672.954
000338.SZ,20190123,154.51,157.51,154.51,156.2,153.76,2.4399999999999977,1.59,396776.72,330981.315
000338.SZ,20190124,156.38,156.76,153.95,156.2,156.2,0.0,0.0,267299.43,222109.195
000338.SZ,20190125,156.95,164.07,156.57,161.26,156.2,5.060000000000002,3.24,728064.71,625375.373
000338.SZ,20190128,162.38,165.95,159.57,160.51,161.26,-0.75,-0.47,559139.57,482081.294
000338.SZ,20190129,160.7,165.38,158.63,165.01,160.51,4.5,2.8,578192.23,501360.995
000338.SZ,20190130,163.51,165.01,161.63,163.51,165.01,-1.5,-0.91,373422.98,325549.879
000338.SZ,20190131,164.63,166.7,163.7,165.95,163.51,2.4399999999999977,1.49,520767.86,458402.998
000338.SZ,20190201,167.07,168.38,165.38,168.2,165.95,2.25,1.36,459984.51,410826.972
000338.SZ,20190211,170.07,171.95,168.01,169.88,168.2,1.6800000000000068,1.0,486139.9,439219.109
000338.SZ,20190212,170.07,178.13,168.38,175.13,169.88,5.25,3.09,705893.88,656163.711
000338.SZ,20190213,175.7,176.63,174.76,176.07,175.13,0.9399999999999977,0.54,434509.71,406933.207
000338.SZ,20190214,176.07,177.2,174.38,176.26,176.07,0.18999999999999773,0.11,369920.86,347224.504
000338.SZ,20190215,175.51,175.7,166.88,167.82,176.26,-8.439999999999998,-4.79,1003440.59,910087.14
000338.SZ,20190218,169.13,184.51,169.13,182.26,167.82,14.439999999999998,8.6,1234951.27,1171770.181
000338.SZ,20190219,182.26,185.26,178.32,180.2,182.26,-2.0600000000000023,-1.13,700663.05,675695.113
000338.SZ,20190220,179.82,181.32,176.45,179.26,180.2,-0.9399999999999977,-0.52,632405.12,603350.499
000338.SZ,20190221,178.13,180.76,177.2,178.88,179.26,-0.37999999999999545,-0.21,645751.43,617315.11
000338.SZ,20190222,177.2,178.7,172.7,178.13,178.88,-0.75,-0.42,694703.34,651196.148
000338.SZ,20190225,178.13,188.64,178.13,186.01,178.13,7.8799999999999955,4.42,1383986.74,1366229.719
000338.SZ,20190226,185.63,185.82,179.82,180.01,186.01,-6.0,-3.23,902498.99,879126.857
000338.SZ,20190227,180.01,183.2,174.57,177.76,180.01,-2.25,-1.25,773413.72,740256.276
000338.SZ,20190228,178.13,179.45,176.63,179.26,177.76,1.5,0.84,484965.8,460824.883
000338.SZ,20190301,180.38,188.45,179.82,188.07,179.26,8.810000000000002,4.91,1033019.22,1020149.967
000338.SZ,20190304,189.01,205.7,186.38,199.7,188.07,11.629999999999995,6.18,1702074.94,1796992.66
000338.SZ,20190305,196.89,208.89,195.39,204.39,199.7,4.689999999999998,2.35,1198444.72,1303406.691
000338.SZ,20190306,203.45,205.51,198.39,201.01,204.39,-3.3799999999999955,-1.65,1023886.86,1094977.168
000338.SZ,20190307,198.57,200.64,193.7,197.64,201.01,-3.3700000000000045,-1.68,999763.04,1049276.494
000338.SZ,20190308,191.64,196.32,190.32,193.14,197.64,-4.5,-2.28,868053.57,894727.051
000338.SZ,20190311,193.32,198.57,192.76,195.76,193.14,2.6200000000000045,1.36,748132.24,780205.899
000338.SZ,20190312,195.95,201.57,194.07,196.89,195.76,1.1299999999999955,0.58,813938.14,856885.447
000338.SZ,20190313,196.7,196.7,191.45,191.82,196.89,-5.069999999999993,-2.58,600259.99,617986.626
000338.SZ,20190314,191.26,196.32,189.76,190.89,191.82,-0.9300000000000068,-0.48,531467.16,546153.906
000338.SZ,20190315,192.2,201.57,191.26,200.07,190.89,9.180000000000007,4.81,970460.84,1026105.841
000338.SZ,20190318,205.89,215.64,203.45,214.51,200.07,14.439999999999998,7.22,1461572.87,1632601.598
000338.SZ,20190319,213.76,214.7,209.07,210.2,214.51,-4.310000000000002,-2.01,879415.87,990133.242
000338.SZ,20190320,211.14,225.76,211.14,220.14,210.2,9.939999999999998,4.73,1279593.51,1498382.43
000338.SZ,20190321,218.64,221.82,215.07,220.51,220.14,0.37000000000000455,0.17,976071.7,1138203.216
000338.SZ,20190322,220.51,220.51,213.76,217.51,220.51,-3.0,-1.36,598428.67,691444.442
000338.SZ,20190325,212.82,214.51,208.32,210.01,217.51,-7.5,-3.45,928106.79,1045312.833
000338.SZ,20190326,212.45,216.39,208.89,210.76,210.01,0.75,0.36,776130.35,877208.521
000338.SZ,20190327,214.7,220.7,213.01,220.7,210.76,9.939999999999998,4.72,1138854.22,1321935.86
000338.SZ,20190328,217.51,219.39,213.95,214.51,220.7,-6.189999999999998,-2.8,615577.7,709635.554
000338.SZ,20190329,214.51,225.76,210.95,222.2,214.51,7.689999999999998,3.58,1218953.59,1430855.673
000338.SZ,20190401,225.57,231.57,224.64,228.39,222.2,6.189999999999998,2.79,986248.39,1198568.108
000338.SZ,20190402,230.64,239.26,226.14,235.51,228.39,7.1200000000000045,3.12,1104286.35,1373685.81
000338.SZ,20190403,232.7,238.51,231.76,236.26,235.51,0.75,0.32,602673.41,756135.236
000338.SZ,20190404,237.39,251.83,237.39,248.64,236.26,12.379999999999995,5.24,1143081.09,1500979.779
000338.SZ,20190408,249.2,273.58,249.2,272.08,248.64,23.439999999999998,9.43,1844143.99,2578512.654
000338.SZ,20190409,269.08,269.08,256.33,259.89,272.08,-12.189999999999998,-4.48,1640841.17,2281866.371
000338.SZ,20190410,256.89,267.2,255.95,259.89,259.89,0.0,0.0,1222228.71,1707056.119
000338.SZ,20190411,258.2,261.39,246.01,247.51,259.89,-12.379999999999995,-4.76,1212576.26,1633476.375
000338.SZ,20190412,248.45,257.83,247.51,251.26,247.51,3.75,1.52,1016330.95,1365564.424
000338.SZ,20190415,257.83,259.51,241.33,242.45,251.26,-8.810000000000002,-3.51,1446813.75,1923072.701
000338.SZ,20190416,242.45,250.33,240.01,250.33,242.45,7.880000000000024,3.25,991673.4,1295127.498
000338.SZ,20190417,249.95,270.01,246.58,261.76,250.33,11.429999999999978,4.57,1702401.75,2344692.307
000338.SZ,20190418,261.58,261.58,251.64,252.95,261.76,-8.810000000000002,-3.37,1110975.36,1510460.796
000338.SZ,20190419,250.89,262.33,250.14,258.39,252.95,5.439999999999998,2.15,1033158.81,1418065.596
000338.SZ,20190422,259.7,260.45,247.7,251.26,258.39,-7.1299999999999955,-2.76,1113009.66,1502583.867
000338.SZ,20190423,249.39,249.95,242.83,245.64,251.26,-5.6200000000000045,-2.24,784766.88,1029916.567
000338.SZ,20190424,247.89,251.83,243.76,249.39,245.64,3.75,1.53,738966.14,977968.363
000338.SZ,20190425,246.01,246.95,228.76,229.7,249.39,-19.689999999999998,-7.9,1544188.89,1957095.563
000338.SZ,20190426,230.26,233.45,225.95,227.07,229.7,-2.6299999999999955,-1.14,1158916.18,1415737.781
000338.SZ,20190429,231.95,235.14,227.82,230.64,227.07,3.569999999999993,1.57,999370.15,1234247.523
000338.SZ,20190430,231.57,234.01,227.82,231.57,230.64,0.9300000000000068,0.4,568240.5,700555.302
000338.SZ,20190506,220.7,222.2,209.07,212.82,231.57,-18.75,-8.1,1378133.38,1584884.913
000338.SZ,20190507,215.26,222.95,213.95,222.95,212.82,10.129999999999995,4.76,1219126.26,1428943.006
000338.SZ,20190508,217.32,225.01,215.82,218.45,222.95,-4.5,-2.02,840855.65,986246.249
000338.SZ,20190509,215.82,220.14,212.82,213.39,218.45,-5.060000000000002,-2.32,673781.76,775197.091
000338.SZ,20190510,217.32,228.01,211.89,227.82,213.39,14.430000000000007,6.76,1139537.27,1348846.334
000338.SZ,20190513,223.7,230.64,221.64,223.7,227.82,-4.1200000000000045,-1.81,826042.99,993731.422
000338.SZ,20190514,221.07,226.14,219.95,221.26,223.7,-2.4399999999999977,-1.09,669369.11,794297.916
000338.SZ,20190515,224.07,228.39,221.82,226.32,221.26,5.060000000000002,2.29,785829.05,943680.194
000338.SZ,20190516,226.51,226.51,222.76,224.82,226.32,-1.5,-0.66,584962.58,700367.951
000338.SZ,20190517,225.2,225.95,210.95,213.76,224.82,-11.060000000000002,-4.92,890452.0,1032445.046
000338.SZ,20190520,210.95,211.89,203.64,209.07,213.76,-4.689999999999998,-2.19,852568.82,941818.056
000338.SZ,20190521,209.26,216.57,209.07,214.51,209.07,5.439999999999998,2.6,660185.66,752476.692
000338.SZ,20190522,214.32,218.45,212.82,214.51,214.51,0.0,0.0,500517.99,575351.461
000338.SZ,20190523,213.57,213.57,207.57,209.64,214.51,-4.8700000000000045,-2.27,544274.08,610545.007
000338.SZ,20190524,210.95,218.64,209.64,215.64,209.64,6.0,2.86,755157.23,863873.89
000338.SZ,20190527,221.64,228.01,220.7,224.82,215.64,9.180000000000007,4.26,1370770.97,1639256.435
000338.SZ,20190528,221.26,226.32,219.76,225.2,224.82,0.37999999999999545,0.17,941505.62,1120730.647
000338.SZ,20190529,222.2,222.76,219.57,220.89,225.2,-4.310000000000002,-1.91,646005.49,761269.042
000338.SZ,20190530,220.89,227.64,216.57,225.95,220.89,5.060000000000002,2.29,925317.16,1096321.716
000338.SZ,20190531,225.95,225.95,218.82,219.39,225.95,-6.560000000000002,-2.9,727911.85,861836.063
000338.SZ,20190603,218.64,220.89,214.89,216.2,219.39,-3.1899999999999977,-1.45,561056.43,651102.575
000338.SZ,20190604,216.76,216.95,211.51,214.7,216.2,-1.5,-0.69,482613.49,548997.272
000338.SZ,20190605,217.51,218.45,211.89,211.89,214.7,-2.8100000000000023,-1.31,452832.53,518222.341
000338.SZ,20190606,211.89,214.14,209.82,213.01,211.89,1.1200000000000045,0.53,434079.57,492172.66
000338.SZ,20190610,214.7,221.07,214.14,220.51,213.01,7.5,3.52,561482.52,654815.649
000338.SZ,20190611,221.64,235.33,221.26,233.64,220.51,13.129999999999995,5.95,1140895.57,1395565.453
000338.SZ,20190612,231.76,236.64,230.82,232.51,233.64,-1.1299999999999955,-0.48,668582.24,833041.655
000338.SZ,20190613,231.01,236.64,228.39,233.45,232.51,0.9399999999999977,0.4,755452.14,939916.653
000338.SZ,20190614,233.26,234.95,227.07,227.64,233.45,-5.810000000000002,-2.49,534601.32,656905.864
000338.SZ,20190617,227.64,232.89,227.26,228.76,227.64,1.1200000000000045,0.49,409746.59,502358.019
000338.SZ,20190618,228.95,231.01,224.82,227.64,228.76,-1.1200000000000045,-0.49,436396.63,529150.668
000338.SZ,20190619,236.08,236.83,228.95,228.95,227.64,1.3100000000000023,0.58,650164.85,805334.277
000338.SZ,20190620,229.51,238.89,228.2,238.51,228.95,9.560000000000002,4.18,1014369.82,1271627.363
000338.SZ,20190621,237.2,240.95,234.58,236.26,238.51,-2.25,-0.94,784527.22,991534.487
000338.SZ,20190624,236.08,236.64,233.45,235.14,236.26,-1.1200000000000045,-0.47,465935.11,583339.076
000338.SZ,20190625,235.33,235.51,226.51,230.26,235.14,-4.8799999999999955,-2.08,756274.81,925661.446
000338.SZ,20190626,228.76,232.14,227.26,229.7,230.26,-0.5600000000000023,-0.24,399324.35,489114.191
000338.SZ,20190627,231.01,235.33,230.07,230.64,229.7,0.9399999999999977,0.41,600062.53,743360.817
000338.SZ,20190628,229.32,233.26,229.32,230.45,230.64,-0.18999999999999773,-0.08,432808.44,532556.294
000338.SZ,20190701,234.39,242.83,232.7,241.7,230.45,11.25,4.88,1017878.78,1291294.804
000338.SZ,20190702,240.76,240.76,234.58,236.83,241.7,-4.869999999999976,-2.01,803138.6,1016900.892
000338.SZ,20190703,236.26,237.01,231.01,232.7,236.83,-4.130000000000024,-1.74,621553.2,773276.805
000338.SZ,20190704,233.45,235.33,231.57,235.14,232.7,2.4399999999999977,1.05,475866.55,591595.277
000338.SZ,20190705,234.95,235.14,232.51,234.01,235.14,-1.1299999999999955,-0.48,309560.53,386130.622
000338.SZ,20190708,233.45,233.45,220.7,221.64,234.01,-12.370000000000005,-5.29,973594.49,1169161.243
000338.SZ,20190709,223.32,225.57,222.01,223.7,221.64,2.0600000000000023,0.93,400927.39,478511.793
000338.SZ,20190710,223.7,225.2,222.01,222.76,223.7,-0.9399999999999977,-0.42,323789.07,386171.69
000338.SZ,20190711,224.64,226.51,219.76,222.01,222.76,-0.75,-0.34,337479.61,401792.588
000338.SZ,20190712,222.57,225.2,220.51,224.26,222.01,2.25,1.01,310918.81,370382.213
000338.SZ,20190715,223.7,229.7,220.14,228.76,224.26,4.5,2.01,487523.84,587697.838
000338.SZ,20190716,228.39,231.76,227.45,229.14,228.76,0.37999999999999545,0.17,332068.87,406474.879
000338.SZ,20190717,229.14,232.14,227.82,231.01,229.14,1.8700000000000045,0.82,322953.59,397506.019
000338.SZ,20190718,229.7,230.45,226.14,226.32,231.01,-4.689999999999998,-2.03,351543.31,426880.123
000338.SZ,20190719,230.26,237.76,230.07,235.14,226.32,8.819999999999993,3.9,946797.95,1187008.393
000338.SZ,20190722,235.89,238.51,232.32,234.2,235.14,-0.9399999999999977,-0.4,626341.39,786201.556
000338.SZ,20190723,234.39,235.33,230.82,233.07,234.2,-1.1299999999999955,-0.48,440655.9,546439.387
000338.SZ,20190724,234.76,237.58,233.26,234.76,233.07,1.6899999999999977,0.73,542068.09,681793.73
000338.SZ,20190725,234.01,236.64,233.45,235.14,234.76,0.37999999999999545,0.16,366311.68,459104.9
000338.SZ,20190726,233.82,235.7,232.51,235.51,235.14,0.37000000000000455,0.16,351851.62,439280.091
000338.SZ,20190729,235.33,235.89,233.45,235.89,235.51,0.37999999999999545,0.16,360367.63,451075.126
000338.SZ,20190730,236.45,238.89,234.95,237.2,235.89,1.3100000000000023,0.56,508566.8,642719.836
000338.SZ,20190731,237.77,237.77,232.59,233.36,237.19,-3.829999999999984,-1.61,448147.03,547134.745
000338.SZ,20190801,232.21,232.4,227.61,227.8,233.36,-5.560000000000002,-2.38,563889.88,674457.788
000338.SZ,20190802,219.94,226.07,218.79,224.92,227.8,-2.880000000000024,-1.26,488804.17,569641.524
000338.SZ,20190805,222.62,224.92,218.21,218.4,224.92,-6.519999999999982,-2.9,425260.5,490440.196
000338.SZ,20190806,211.12,214.38,207.28,212.65,218.4,-5.75,-2.63,639869.78,704450.293
000338.SZ,20190807,214.18,215.72,211.69,211.69,212.65,-0.960000000000008,-0.45,287760.11,320002.531
000338.SZ,20190808,213.03,216.29,212.27,215.34,211.69,3.6500000000000057,1.72,315019.82,352114.124
000338.SZ,20190809,215.91,217.83,212.84,213.03,215.34,-2.3100000000000023,-1.07,272320.57,305453.905
000338.SZ,20190812,212.84,217.83,212.46,217.64,213.03,4.609999999999985,2.16,260324.22,292409.784
000338.SZ,20190813,214.76,215.72,210.35,211.88,217.64,-5.759999999999991,-2.65,370000.45,410034.717
000338.SZ,20190814,214.76,216.1,210.16,210.54,211.88,-1.3400000000000034,-0.63,369441.94,409453.718
000338.SZ,20190815,205.17,208.82,204.21,208.62,210.54,-1.9199999999999875,-0.91,423817.82,456451.987
000338.SZ,20190816,208.24,212.84,207.47,209.97,208.62,1.3499999999999943,0.65,347773.47,382987.902
000338.SZ,20190819,212.84,215.34,210.93,215.14,209.97,5.1699999999999875,2.46,462910.5,515734.39
000338.SZ,20190820,215.34,216.87,214.18,215.72,215.14,0.5800000000000125,0.27,402704.2,453023.875
000338.SZ,20190821,214.76,215.14,211.5,212.65,215.72,-3.069999999999993,-1.42,297763.18,331402.808
000338.SZ,20190822,213.23,213.8,210.54,212.08,212.65,-0.5699999999999932,-0.27,251905.67,278352.832
000338.SZ,20190823,212.65,216.49,211.88,214.38,212.08,2.299999999999983,1.08,458511.91,513076.157
000338.SZ,20190826,209.01,213.23,208.05,211.88,214.38,-2.5,-1.17,408101.75,449324.938
000338.SZ,20190827,213.8,218.21,213.03,214.18,211.88,2.3000000000000114,1.09,596531.47,671752.283
000338.SZ,20190828,215.14,217.25,213.42,214.57,214.18,0.38999999999998636,0.18,374528.51,419390.237
000338.SZ,20190829,214.76,216.29,211.31,216.29,214.57,1.7199999999999989,0.8,460908.06,514869.704
000338.SZ,20190830,219.17,227.8,218.79,222.05,216.29,5.760000000000019,2.66,985581.78,1146668.283
000338.SZ,20190902,221.28,225.31,221.09,223.96,222.05,1.9099999999999966,0.86,558592.83,651150.567
000338.SZ,20190903,224.35,224.92,218.4,220.51,223.96,-3.450000000000017,-1.54,570936.92,656503.837
000338.SZ,20190904,219.55,223.77,218.02,222.81,220.51,2.3000000000000114,1.04,459962.11,531435.608
000338.SZ,20190905,226.65,232.4,225.5,228.95,222.81,6.139999999999986,2.76,912992.38,1095671.932
000338.SZ,20190906,230.87,234.89,230.68,233.94,228.95,4.990000000000009,2.18,633657.17,769817.389
000338.SZ,20190909,236.24,238.15,232.59,235.28,233.94,1.3400000000000034,0.57,535690.99,656051.233
000338.SZ,20190910,234.7,236.62,232.98,233.55,235.28,-1.7299999999999898,-0.74,420569.35,514209.295
000338.SZ,20190911,234.89,237.77,233.74,235.85,233.55,2.299999999999983,0.98,440924.28,541579.177
000338.SZ,20190912,236.24,236.81,231.63,234.51,235.85,-1.3400000000000034,-0.57,310638.63,378613.542
000338.SZ,20190916,234.89,235.28,230.1,231.44,234.51,-3.069999999999993,-1.31,375350.7,453813.054
000338.SZ,20190917,231.83,231.83,223.77,225.88,231.44,-5.560000000000002,-2.4,432388.1,510815.994
000338.SZ,20190918,226.07,227.8,225.11,226.46,225.88,0.5800000000000125,0.26,243389.17,286999.687
000338.SZ,20190919,227.03,227.22,221.09,224.35,226.46,-2.1100000000000136,-0.93,308478.28,359339.079
000338.SZ,20190920,225.31,227.99,223.96,226.65,224.35,2.3000000000000114,1.03,374256.58,440998.89
000338.SZ,20190923,225.5,225.69,221.09,223.2,226.65,-3.450000000000017,-1.52,313876.66,364131.164
000338.SZ,20190924,223.96,226.65,223.39,223.96,223.2,0.7600000000000193,0.34,255142.17,299235.243
000338.SZ,20190925,223.2,223.96,220.13,222.05,223.96,-1.9099999999999966,-0.85,263100.19,304303.381
000338.SZ,20190926,222.43,223.01,215.53,215.53,222.05,-6.52000000000001,-2.94,376955.8,428818.696
000338.SZ,20190927,215.72,217.64,215.34,217.25,215.53,1.7199999999999989,0.8,243428.16,274950.7
000338.SZ,20190930,217.25,217.83,214.95,215.14,217.25,-2.1100000000000136,-0.97,245042.59,276171.769
000338.SZ,20191008,214.95,216.87,212.84,213.03,215.14,-2.109999999999985,-0.98,334680.43,374067.457
000338.SZ,20191009,211.5,215.72,211.5,215.34,213.03,2.3100000000000023,1.08,263657.17,293983.166
000338.SZ,20191010,214.76,221.47,214.76,219.75,215.34,4.409999999999997,2.05,426890.61,488222.646
000338.SZ,20191011,222.43,229.14,222.43,227.8,219.75,8.050000000000011,3.66,749284.48,884207.901
000338.SZ,20191014,229.72,235.47,228.95,234.13,227.8,6.329999999999984,2.78,776543.16,944011.802
000338.SZ,20191015,235.85,236.24,229.52,231.25,234.13,-2.8799999999999955,-1.23,446044.64,538192.696
000338.SZ,20191016,232.59,234.89,230.29,231.83,231.25,0.5800000000000125,0.25,372347.15,451283.279
000338.SZ,20191017,233.94,234.13,230.1,231.63,231.83,-0.20000000000001705,-0.09,261548.42,315852.814
000338.SZ,20191018,232.98,233.36,225.5,227.42,231.63,-4.210000000000008,-1.82,360685.02,429562.361
000338.SZ,20191021,228.18,228.95,224.54,226.46,227.42,-0.9599999999999795,-0.42,272585.26,322018.866
000338.SZ,20191022,227.42,227.61,224.54,226.65,226.46,0.18999999999999773,0.08,239650.98,282410.2
000338.SZ,20191023,226.46,227.8,225.69,226.27,226.65,-0.37999999999999545,-0.17,227082.44,268474.327
000338.SZ,20191024,226.46,227.99,224.92,225.88,226.27,-0.3900000000000148,-0.17,193201.18,228026.652
000338.SZ,20191025,227.24,234.23,226.46,233.65,225.88,7.77000000000001,3.44,429279.12,511593.879
000338.SZ,20191028,234.42,235.59,230.93,233.06,233.65,-0.5900000000000034,-0.25,354974.24,425069.306
000338.SZ,20191029,233.06,233.45,228.4,228.79,233.06,-4.27000000000001,-1.83,285331.32,338184.506
000338.SZ,20191030,228.01,234.62,225.49,234.04,228.79,5.25,2.29,426525.61,506601.288
000338.SZ,20191031,234.04,234.62,223.35,224.52,234.04,-9.519999999999982,-4.07,773293.8,901043.861
000338.SZ,20191101,224.32,246.66,223.74,246.47,224.52,21.94999999999999,9.78,1607327.71,1974124.709
000338.SZ,20191104,248.02,254.82,248.02,252.49,246.47,6.02000000000001,2.44,1336949.35,1735013.052
000338.SZ,20191105,251.51,257.34,249.18,253.65,252.49,1.1599999999999966,0.46,911756.25,1192433.406
000338.SZ,20191106,252.68,254.04,248.02,248.6,253.65,-5.050000000000011,-1.99,583980.91,752991.72
000338.SZ,20191107,250.16,253.07,248.02,249.77,248.6,1.170000000000016,0.47,433448.12,558081.438
000338.SZ,20191108,252.29,255.4,246.27,248.02,249.77,-1.75,-0.7,688671.49,889121.815
000338.SZ,20191111,245.11,250.54,244.52,246.47,248.02,-1.5500000000000114,-0.62,572329.69,729244.48
000338.SZ,20191112,248.21,248.41,241.03,246.85,246.47,0.37999999999999545,0.15,464811.37,584781.85
000338.SZ,20191113,244.72,245.69,241.22,245.11,246.85,-1.7399999999999807,-0.7,324920.16,408267.729
000338.SZ,20191114,245.11,248.21,243.75,244.91,245.11,-0.20000000000001705,-0.08,320808.35,405880.642
000338.SZ,20191115,244.52,247.63,239.86,242.39,244.91,-2.5200000000000102,-1.03,337091.23,422311.668
000338.SZ,20191118,241.42,254.04,241.03,253.85,242.39,11.460000000000008,4.73,768455.46,989164.636
000338.SZ,20191119,252.68,253.46,250.16,253.46,253.85,-0.38999999999998636,-0.15,577568.02,748700.671
000338.SZ,20191120,253.26,253.46,246.66,248.21,253.46,-5.25,-2.07,458153.02,588898.736
000338.SZ,20191121,246.47,247.44,244.72,247.24,248.21,-0.9699999999999989,-0.39,248493.75,314509.37
000338.SZ,20191122,246.27,253.07,245.69,248.41,247.24,1.1699999999999875,0.47,505887.84,649287.986
000338.SZ,20191125,253.26,261.03,252.49,259.87,248.41,11.460000000000008,4.61,1053663.34,1399279.45
000338.SZ,20191126,259.87,261.03,255.4,259.87,259.87,0.0,0.0,628669.99,837693.663
000338.SZ,20191127,259.09,263.36,257.54,259.28,259.87,-0.5900000000000318,-0.23,522220.96,700154.772
000338.SZ,20191128,257.34,257.92,253.85,255.01,259.28,-4.269999999999982,-1.65,394415.77,518519.495
000338.SZ,20191129,254.23,256.56,252.1,256.18,255.01,1.170000000000016,0.46,361318.55,473329.117
000338.SZ,20191202,258.12,263.36,256.56,258.51,256.18,2.329999999999984,0.91,487686.76,650885.505
000338.SZ,20191203,256.37,264.14,255.01,263.56,258.51,5.050000000000011,1.95,485091.68,651434.134
000338.SZ,20191204,263.56,264.72,258.9,261.03,263.56,-2.5300000000000296,-0.96,379934.03,511596.938
000338.SZ,20191205,261.81,272.88,261.61,270.94,261.03,9.910000000000025,3.8,743695.72,1030240.842
000338.SZ,20191206,269.97,272.88,268.99,272.49,270.94,1.5500000000000114,0.57,395740.87,552981.8
000338.SZ,20191209,273.85,275.4,270.16,272.1,272.49,-0.38999999999998636,-0.14,449101.11,630248.519
000338.SZ,20191210,270.74,272.88,269.58,272.1,272.1,0.0,0.0,387665.17,541378.126
000338.SZ,20191211,271.71,277.35,267.83,268.61,272.1,-3.490000000000009,-1.28,499873.36,698309.226
000338.SZ,20191212,269.58,276.76,269.38,275.4,268.61,6.789999999999964,2.53,493235.55,696874.138
000338.SZ,20191213,278.32,280.65,276.18,277.73,275.4,2.330000000000041,0.85,483251.92,691651.533
000338.SZ,20191216,279.68,288.81,278.32,285.5,277.73,7.769999999999982,2.8,622386.73,910530.138
000338.SZ,20191217,285.5,288.03,282.01,286.47,285.5,0.9700000000000273,0.34,425955.5,626041.11
000338.SZ,20191218,285.5,289.78,282.59,284.53,286.47,-1.9400000000000546,-0.68,412437.18,607877.248
000338.SZ,20191219,285.5,285.7,282.01,284.73,284.53,0.20000000000004547,0.07,334962.56,489250.262
000338.SZ,20191220,284.92,286.47,282.59,283.76,284.73,-0.9700000000000273,-0.34,262793.57,384888.48
000338.SZ,20191223,283.56,290.94,281.62,286.86,283.76,3.1000000000000227,1.09,381425.28,564959.871
000338.SZ,20191224,285.7,296.57,285.7,295.02,286.86,8.159999999999968,2.84,569321.63,859648.187
000338.SZ,20191225,294.24,301.43,293.47,296.96,295.02,1.9399999999999977,0.66,532509.53,816211.416
000338.SZ,20191226,295.99,298.32,293.08,296.57,296.96,-0.38999999999998636,-0.13,336562.49,511619.565
000338.SZ,20191227,298.13,302.59,295.6,298.32,296.57,1.75,0.59,456484.71,701808.954
000338.SZ,20191230,297.16,304.54,296.19,303.95,298.32,5.6299999999999955,1.89,458955.68,712860.977
000338.SZ,20191231,303.95,308.62,301.62,308.42,303.95,4.470000000000027,1.47,465309.09,730941.605
000338.SZ,20200102,311.53,322.99,310.95,313.86,308.43,5.430000000000007,1.76,836496.48,1361986.149
000338.SZ,20200103,313.86,319.69,312.31,318.91,313.86,5.050000000000011,1.61,487712.87,792331.305
000338.SZ,20200106,314.64,324.16,288.62,295.02,318.91,-23.890000000000043,-7.49,1851068.07,2904243.55
000338.SZ,20200107,297.36,305.9,294.64,296.97,295.02,1.9500000000000455,0.66,1227518.6,1889526.305
000338.SZ,20200108,296.97,300.07,283.76,286.87,296.97,-10.100000000000023,-3.4,1284485.62,1918128.557
000338.SZ,20200109,291.33,292.89,285.7,290.75,286.87,3.8799999999999955,1.35,710996.28,1059285.719
000338.SZ,20200110,291.72,292.89,286.48,290.17,290.75,-0.5799999999999841,-0.2,597877.76,890636.815
000338.SZ,20200113,289.0,290.56,284.34,289.97,290.17,-0.19999999999998863,-0.07,613411.03,907746.309
000338.SZ,20200114,289.39,290.95,281.04,282.21,289.97,-7.760000000000048,-2.68,996207.74,1461923.519
000338.SZ,20200115,282.21,285.9,279.49,284.93,282.21,2.7200000000000273,0.96,559412.16,815101.633
000338.SZ,20200116,284.54,284.54,275.8,277.54,284.93,-7.389999999999986,-2.59,858103.2,1233686.944
000338.SZ,20200117,279.49,289.78,279.1,285.7,277.54,8.159999999999968,2.94,1056957.67,1552955.756
000338.SZ,20200120,287.45,288.03,279.29,281.82,285.7,-3.8799999999999955,-1.36,831123.99,1204511.831
000338.SZ,20200121,282.01,282.01,272.88,276.77,281.82,-5.050000000000011,-1.79,669332.54,951910.532
000338.SZ,20200122,275.41,280.65,274.63,278.71,276.77,1.9399999999999977,0.7,436155.03,626023.558
000338.SZ,20200123,276.38,276.38,259.29,262.78,278.71,-15.930000000000007,-5.72,1101214.69,1513047.08
000338.SZ,20200203,236.56,242.78,236.56,236.56,262.78,-26.21999999999997,-9.98,1294811.18,1581433.174
000338.SZ,20200204,234.43,249.97,234.23,248.99,236.56,12.430000000000007,5.25,1156226.72,1460971.258
000338.SZ,20200205,252.49,262.01,252.49,257.73,248.99,8.740000000000009,3.51,1018133.53,1351242.415
000338.SZ,20200206,261.81,261.81,253.85,259.48,257.73,1.75,0.68,737784.37,977699.417
000338.SZ,20200207,257.35,259.29,254.43,259.09,259.48,-0.3900000000000432,-0.15,503118.58,664956.782
000338.SZ,20200210,257.93,272.69,253.27,271.52,259.09,12.430000000000007,4.8,1018043.19,1393498.052
000338.SZ,20200211,272.69,282.4,269.97,277.35,271.52,5.830000000000041,2.15,932965.44,1334578.007
000338.SZ,20200212,273.85,281.04,271.52,277.54,277.35,0.18999999999999773,0.07,705169.23,1005189.5
000338.SZ,20200213,277.74,284.34,276.57,280.46,277.54,2.919999999999959,1.05,755911.84,1094431.094
000338.SZ,20200214,279.68,282.59,274.44,277.74,280.46,-2.7199999999999704,-0.97,556302.11,797444.282
000338.SZ,20200217,276.57,287.64,276.38,287.45,277.74,9.70999999999998,3.5,764275.76,1117626.64
000338.SZ,20200218,286.48,286.48,277.35,282.4,287.45,-5.050000000000011,-1.76,851880.45,1234762.868
000338.SZ,20200219,280.46,283.95,278.13,278.32,282.4,-4.079999999999984,-1.44,507251.63,731976.191
000338.SZ,20200220,279.68,288.42,276.96,287.06,278.32,8.740000000000009,3.14,839365.13,1226224.349
000338.SZ,20200221,284.34,294.05,283.76,289.59,287.06,2.5299999999999727,0.88,915074.54,1366600.288
000338.SZ,20200224,287.06,288.23,279.88,283.37,289.59,-6.21999999999997,-2.15,899989.75,1315115.192
000338.SZ,20200225,277.35,278.52,268.03,275.21,283.37,-8.160000000000025,-2.88,1195651.07,1691251.113
000338.SZ,20200226,270.16,278.9,268.61,274.83,275.21,-0.37999999999999545,-0.14,716515.79,1014406.879
000338.SZ,20200227,275.8,298.13,275.8,293.67,274.83,18.840000000000032,6.86,1743548.23,2606787.754
000338.SZ,20200228,285.51,290.56,276.77,278.32,293.67,-15.350000000000023,-5.23,1244691.66,1815724.972
000338.SZ,20200302,280.85,300.07,278.9,297.16,278.32,18.840000000000032,6.77,1282202.97,1943156.844
000338.SZ,20200303,297.74,306.48,288.42,292.5,297.16,-4.660000000000025,-1.57,1178552.64,1791998.312
000338.SZ,20200304,289.0,296.77,288.03,295.61,292.5,3.1100000000000136,1.06,759696.94,1145470.801
000338.SZ,20200305,295.8,299.88,293.28,296.38,295.61,0.7699999999999818,0.26,699601.43,1067562.47
000338.SZ,20200306,291.72,294.05,288.23,288.62,296.38,-7.759999999999991,-2.62,616771.74,920189.531
000338.SZ,20200309,282.59,287.26,275.8,275.99,288.62,-12.629999999999995,-4.38,819726.7,1182958.501
000338.SZ,20200310,271.33,285.12,270.94,281.62,275.99,5.6299999999999955,2.04,628691.39,899424.156
000338.SZ,20200311,282.4,282.98,277.16,277.35,281.62,-4.269999999999982,-1.52,384210.49,553208.084
000338.SZ,20200312,272.69,275.99,268.03,269.39,277.35,-7.960000000000036,-2.87,481887.82,671768.763
000338.SZ,20200313,252.49,271.52,250.55,264.73,269.39,-4.659999999999968,-1.73,729857.32,977526.561
000338.SZ,20200316,264.14,265.89,247.44,248.41,264.73,-16.32000000000002,-6.16,748977.43,984169.542
000338.SZ,20200317,248.61,252.3,235.2,246.66,248.41,-1.75,-0.7,676280.42,850652.818
000338.SZ,20200318,248.41,255.21,241.42,242.2,246.66,-4.460000000000008,-1.81,704815.12,905236.849
000338.SZ,20200319,241.61,243.94,232.1,237.92,242.2,-4.280000000000001,-1.77,685041.13,836576.599
000338.SZ,20200320,240.84,246.27,237.53,244.72,237.92,6.800000000000011,2.86,561460.12,700208.139
000338.SZ,20200323,233.07,238.51,232.29,233.26,244.72,-11.460000000000008,-4.68,537771.46,649509.944
000338.SZ,20200324,238.12,241.81,234.23,241.03,233.26,7.77000000000001,3.33,583132.73,716632.571
000338.SZ,20200325,250.16,253.66,247.83,250.55,241.03,9.52000000000001,3.95,625871.6,807744.435
000338.SZ,20200326,248.22,251.71,247.05,248.99,250.55,-1.5600000000000023,-0.62,294105.97,377991.829
000338.SZ,20200327,244.33,250.55,227.05,245.11,248.99,-3.8799999999999955,-1.56,1624412.27,1981923.4
000338.SZ,20200330,236.95,238.51,232.29,234.04,245.11,-11.070000000000022,-4.52,833958.05,1007821.926
000338.SZ,20200331,236.95,238.51,231.71,232.29,234.04,-1.75,-0.75,508655.24,613991.424
000338.SZ,20200401,236.95,247.63,234.43,240.45,232.29,8.159999999999997,3.51,1101547.61,1369754.051
000338.SZ,20200402,240.06,245.89,237.92,245.69,240.45,5.240000000000009,2.18,448269.67,560556.704
000338.SZ,20200403,245.89,251.91,245.3,247.25,245.69,1.5600000000000023,0.63,536724.82,687243.418
000338.SZ,20200407,250.16,258.9,250.16,255.01,247.25,7.759999999999991,3.14,685553.57,900624.989
000338.SZ,20200408,252.88,256.37,252.88,254.04,255.01,-0.9699999999999989,-0.38,349126.98,457533.54
000338.SZ,20200409,255.79,258.12,254.43,256.96,254.04,2.9199999999999875,1.15,371507.61,490411.731
000338.SZ,20200410,255.99,258.32,250.55,255.99,256.96,-0.9699999999999704,-0.38,454046.11,596703.965
000338.SZ,20200413,253.27,264.92,252.68,261.81,255.99,5.819999999999993,2.27,548159.76,735505.604
000338.SZ,20200414,263.56,264.34,257.93,261.62,261.81,-0.18999999999999773,-0.07,496380.97,666558.266
000338.SZ,20200415,262.4,262.98,256.37,260.45,261.62,-1.170000000000016,-0.45,404426.33,541151.492
000338.SZ,20200416,258.51,261.23,256.57,260.06,260.45,-0.38999999999998636,-0.15,267606.13,356756.95
000338.SZ,20200417,263.17,265.5,259.87,261.23,260.06,1.170000000000016,0.45,490941.38,664417.43
000338.SZ,20200420,264.14,265.11,260.06,261.62,261.23,0.38999999999998636,0.15,334238.85,450608.865
000338.SZ,20200421,260.26,260.45,253.66,257.35,261.62,-4.269999999999982,-1.63,432062.79,570440.214
000338.SZ,20200422,255.6,261.23,254.43,260.65,257.35,3.2999999999999545,1.28,305947.75,407590.588
000338.SZ,20200423,261.62,262.78,255.4,255.6,260.65,-5.049999999999983,-1.94,321306.42,426412.763
000338.SZ,20200424,257.54,262.2,253.46,254.43,255.6,-1.1699999999999875,-0.46,372603.02,493581.449
000338.SZ,20200427,253.66,254.82,247.44,250.74,254.43,-3.6899999999999977,-1.45,386069.84,500292.573
000338.SZ,20200428,252.88,254.24,245.5,248.99,250.74,-1.75,-0.7,419311.54,539542.577
000338.SZ,20200429,249.58,253.27,246.08,252.68,248.99,3.6899999999999977,1.48,394046.8,507070.973
000338.SZ,20200430,255.99,263.95,255.79,260.26,252.68,7.579999999999984,3.0,571986.88,769875.93
000338.SZ,20200506,261.81,279.68,261.81,278.32,260.26,18.060000000000002,6.94,1056254.08,1490225.935
000338.SZ,20200507,278.52,280.46,273.85,277.35,278.32,-0.9699999999999704,-0.35,555547.1,793961.516
000338.SZ,20200508,279.49,280.65,277.35,279.29,277.35,1.9399999999999977,0.7,446658.98,641909.343
000338.SZ,20200511,281.23,284.15,276.38,279.49,279.29,0.19999999999998863,0.07,475047.71,686005.043
000338.SZ,20200512,279.49,279.88,274.83,276.19,279.49,-3.3000000000000114,-1.18,382273.13,544321.107
000338.SZ,20200513,275.99,277.16,273.47,276.19,276.19,0.0,0.0,323022.96,457212.218
000338.SZ,20200514,274.44,275.21,270.55,270.94,276.19,-5.25,-1.9,337936.0,473619.048
000338.SZ,20200515,271.91,273.08,267.06,267.45,270.94,-3.490000000000009,-1.29,371859.66,514467.493
000338.SZ,20200518,269.19,273.08,267.06,267.83,267.45,0.37999999999999545,0.14,447372.35,620839.015
000338.SZ,20200519,272.11,276.77,269.0,271.33,267.83,3.5,1.31,395729.2,555418.777
000338.SZ,20200520,269.97,272.3,268.03,269.97,271.33,-1.3599999999999568,-0.5,282766.13,392676.502
000338.SZ,20200521,270.94,271.33,264.14,265.5,269.97,-4.470000000000027,-1.66,319023.49,437091.494
000338.SZ,20200522,265.5,266.09,255.01,258.12,265.5,-7.3799999999999955,-2.78,415396.26,554442.396
000338.SZ,20200525,258.51,259.68,253.85,254.82,258.12,-3.3000000000000114,-1.28,330862.2,434484.536
000338.SZ,20200526,257.93,258.71,252.68,256.57,254.82,1.75,0.69,486012.6,637950.157
000338.SZ,20200527,255.01,255.79,252.3,252.3,256.57,-4.269999999999982,-1.66,360147.9,470096.076
000338.SZ,20200528,253.07,260.84,251.71,256.76,252.3,4.4599999999999795,1.77,476172.07,628296.082
000338.SZ,20200529,255.21,258.32,251.71,253.27,256.76,-3.4899999999999807,-1.36,402249.15,527161.537
000338.SZ,20200601,255.01,262.4,255.01,262.01,253.27,8.73999999999998,3.45,478727.2,640877.081
000338.SZ,20200602,264.14,266.67,259.09,261.04,262.01,-0.9699999999999704,-0.37,512658.85,692232.631
000338.SZ,20200603,264.34,273.66,263.17,270.36,261.04,9.319999999999993,3.57,728550.49,1010363.281
000338.SZ,20200604,271.91,273.08,266.28,269.58,270.36,-0.7800000000000296,-0.29,367964.98,509638.633
000338.SZ,20200605,269.58,270.55,262.2,266.67,269.58,-2.909999999999968,-1.08,352020.32,480871.212
000338.SZ,20200608,268.8,271.33,265.5,266.67,266.67,0.0,0.0,340089.25,468821.425
000338.SZ,20200609,268.03,275.8,264.92,275.8,266.67,9.129999999999995,3.42,777502.75,1095936.875
000338.SZ,20200610,275.41,275.41,270.16,271.91,275.8,-3.8899999999999864,-1.41,403766.48,564462.159
000338.SZ,20200611,272.69,275.41,264.73,266.28,271.91,-5.630000000000052,-2.07,541473.35,751141.295
000338.SZ,20200612,260.26,265.7,258.9,265.7,266.28,-0.5799999999999841,-0.22,436776.2,590497.57
000338.SZ,20200615,263.37,264.92,258.32,259.48,265.7,-6.21999999999997,-2.34,414886.76,559140.193
000338.SZ,20200616,263.17,263.75,259.68,262.78,259.48,3.2999999999999545,1.27,364541.83,491765.34
000338.SZ,20200617,261.81,261.81,258.32,259.87,262.78,-2.909999999999968,-1.11,389091.0,519994.344
000338.SZ,20200618,259.87,264.14,258.32,263.95,259.87,4.079999999999984,1.57,417097.0,562208.404
000338.SZ,20200619,263.75,266.67,262.59,266.09,263.95,2.1399999999999864,0.81,434069.22,592062.704
000338.SZ,20200622,266.47,267.45,259.29,260.45,266.09,-5.639999999999986,-2.12,598965.07,808748.68
000338.SZ,20200623,261.23,261.42,255.99,257.15,260.45,-3.3000000000000114,-1.27,495708.21,657283.785
000338.SZ,20200624,258.51,263.56,258.12,262.98,257.15,5.830000000000041,2.27,525385.46,707734.26
000338.SZ,20200629,261.42,265.7,258.9,262.4,262.98,-0.5800000000000409,-0.22,488007.38,661608.953
000338.SZ,20200630,265.7,268.8,263.37,266.47,262.4,4.07000000000005,1.55,481251.95,658029.979
000338.SZ,20200701,266.86,271.33,264.73,271.33,266.47,4.859999999999957,1.82,616902.79,855507.071
000338.SZ,20200702,272.88,290.36,272.69,286.09,271.33,14.759999999999991,5.44,1296425.62,1897902.629
000338.SZ,20200703,292.31,297.16,289.2,294.83,286.09,8.740000000000009,3.05,1065706.04,1613985.097
000338.SZ,20200706,297.74,302.02,294.25,301.24,294.83,6.410000000000025,2.17,984980.69,1518185.057
000338.SZ,20200707,304.15,306.68,295.22,298.13,301.24,-3.1100000000000136,-1.03,950714.5,1471147.489
000338.SZ,20200708,296.19,302.6,295.22,301.63,298.13,3.5,1.17,660366.63,1017862.212
000338.SZ,20200709,305.12,308.81,299.3,305.12,301.63,3.490000000000009,1.16,689705.01,1081400.501
000338.SZ,20200710,302.99,308.23,296.19,297.74,305.12,-7.3799999999999955,-2.42,779305.45,1211462.396
000338.SZ,20200713,298.52,310.37,298.52,310.37,297.74,12.629999999999995,4.24,821320.63,1296722.588
000338.SZ,20200714,309.79,316.58,306.48,315.42,310.37,5.050000000000011,1.63,950160.12,1527479.617
000338.SZ,20200715,316.58,321.83,311.92,315.22,315.42,-0.19999999999998863,-0.06,874272.21,1424069.252
000338.SZ,20200716,315.61,326.1,303.38,305.51,315.22,-9.710000000000036,-3.08,1060016.64,1720586.117
000338.SZ,20200717,310.56,314.06,304.54,309.4,305.51,3.8899999999999864,1.27,643451.05,1025523.166
000338.SZ,20200720,312.7,333.68,312.7,333.09,309.4,23.689999999999998,7.66,1049564.18,1768006.021
000338.SZ,20200721,333.68,337.95,328.24,335.03,333.09,1.9399999999999977,0.58,783014.09,1343300.769
000338.SZ,20200722,333.48,336.01,328.24,330.18,335.03,-4.849999999999966,-1.45,532356.47,910048.571
000338.SZ,20200723,326.88,333.09,318.33,327.07,330.18,-3.1100000000000136,-0.94,625027.62,1047246.306
000338.SZ,20200724,324.74,329.4,313.67,313.86,327.07,-13.20999999999998,-4.04,607163.96,999600.379
000338.SZ,20200727,319.5,327.46,312.5,316.39,313.86,2.5299999999999727,0.81,551982.97,907292.489
000338.SZ,20200728,320.47,325.13,312.31,314.84,316.39,-1.5500000000000114,-0.49,433554.72,709064.965
000338.SZ,20200729,316.0,323.38,310.95,322.41,314.84,7.57000000000005,2.4,495008.34,812579.088
000338.SZ,20200730,321.83,323.58,313.28,315.03,322.41,-7.380000000000052,-2.29,512450.41,834585.32
000338.SZ,20200731,315.22,319.11,306.1,314.45,315.03,-0.5799999999999841,-0.18,556162.6,895538.555
000338.SZ,20200803,319.69,333.68,319.69,329.98,314.45,15.53000000000003,4.94,703380.89,1193489.279
000338.SZ,20200804,330.57,332.7,325.52,330.57,329.98,0.589999999999975,0.18,456147.9,774997.532
000338.SZ,20200805,330.57,331.15,321.63,324.35,330.57,-6.21999999999997,-1.88,413166.38,689253.914
000338.SZ,20200806,325.32,325.91,314.84,318.72,324.35,-5.6299999999999955,-1.74,403459.3,663570.827
000338.SZ,20200807,318.72,320.08,310.37,318.72,318.72,0.0,0.0,371299.66,603062.347
000338.SZ,20200810,316.58,319.69,310.37,317.55,318.72,-1.170000000000016,-0.37,371790.07,602847.734
000338.SZ,20200811,318.53,322.02,311.15,311.73,317.55,-5.819999999999993,-1.83,280571.74,457515.715
000338.SZ,20200812,311.92,313.67,296.19,304.93,311.73,-6.800000000000011,-2.18,524429.57,818870.781
000338.SZ,20200813,308.43,313.86,302.21,304.15,304.93,-0.7800000000000296,-0.26,339067.57,535627.217
000338.SZ,20200814,303.96,310.17,302.6,309.2,304.15,5.050000000000011,1.66,326716.65,514476.897
000338.SZ,20200817,310.17,317.75,309.4,315.22,309.2,6.020000000000039,1.95,492252.23,796447.582
000338.SZ,20200818,315.42,317.38,310.91,316.01,315.22,0.7899999999999636,0.25,260580.86,419173.994
000338.SZ,20200819,316.4,317.38,306.8,307.98,316.01,-8.029999999999973,-2.54,331937.86,525526.667
000338.SZ,20200820,306.21,309.93,299.55,303.27,307.98,-4.710000000000036,-1.53,247994.63,386034.001
000338.SZ,20200821,308.17,308.56,298.96,301.51,303.27,-1.759999999999991,-0.58,458073.69,705895.101
000338.SZ,20200824,303.08,312.48,302.1,309.74,301.51,8.230000000000018,2.73,495131.7,781808.796
000338.SZ,20200825,313.26,315.03,305.82,307.98,309.74,-1.759999999999991,-0.57,298742.18,471970.494
000338.SZ,20200826,307.58,309.93,300.14,301.71,307.98,-6.270000000000039,-2.04,308529.94,479365.793
000338.SZ,20200827,303.67,304.64,298.57,303.08,301.71,1.3700000000000045,0.45,259385.83,399514.41
000338.SZ,20200828,296.42,296.42,283.09,291.91,303.08,-11.169999999999959,-3.69,1141704.31,1677359.732
000338.SZ,20200831,290.93,297.4,289.56,290.34,291.91,-1.57000000000005,-0.54,608791.62,912297.665
000338.SZ,20200901,292.11,293.87,287.21,290.93,290.34,0.5900000000000318,0.2,534753.06,791817.529
000338.SZ,20200902,293.28,297.79,289.56,294.46,290.93,3.5299999999999727,1.21,501938.57,752426.334
000338.SZ,20200903,295.04,300.92,294.46,296.81,294.46,2.3500000000000227,0.8,490648.47,744665.652
000338.SZ,20200904,290.93,294.65,289.76,293.87,296.81,-2.9399999999999977,-0.99,312516.12,465545.208
000338.SZ,20200907,291.91,295.24,284.66,285.45,293.87,-8.420000000000016,-2.87,384473.06,567055.078
000338.SZ,20200908,285.45,291.52,283.68,291.13,285.45,5.680000000000007,1.99,406378.32,596859.043
000338.SZ,20200909,287.4,287.99,280.35,280.94,291.13,-10.189999999999998,-3.5,413781.89,597685.248
000338.SZ,20200910,283.29,284.07,277.02,277.41,280.94,-3.5299999999999727,-1.26,339829.66,487179.084
000338.SZ,20200911,278.78,279.57,272.32,277.61,277.41,0.19999999999998863,0.07,314189.84,442984.818
000338.SZ,20200914,278.98,282.7,278.59,281.14,277.61,3.5299999999999727,1.27,245561.66,351490.354
000338.SZ,20200915,281.14,292.89,280.35,291.91,281.14,10.770000000000039,3.83,566932.03,836057.551
000338.SZ,20200916,290.54,300.53,288.97,294.26,291.91,2.349999999999966,0.81,492585.51,740255.198
000338.SZ,20200917,297.59,319.34,297.59,316.99,294.26,22.730000000000018,7.72,1301360.55,2063710.231
000338.SZ,20200918,320.32,326.2,317.97,325.02,316.99,8.029999999999973,2.53,1125800.41,1854240.243
000338.SZ,20200921,325.22,325.61,310.33,313.46,325.02,-11.560000000000002,-3.56,698049.61,1123414.411
000338.SZ,20200922,310.52,314.24,304.45,306.02,313.46,-7.439999999999998,-2.37,503366.97,794256.992
000338.SZ,20200923,307.39,308.56,300.53,303.27,306.02,-2.75,-0.9,460834.22,713547.138
000338.SZ,20200924,300.53,301.12,294.65,295.44,303.27,-7.829999999999984,-2.58,379736.11,575027.108
000338.SZ,20200925,297.79,297.79,290.54,293.28,295.44,-2.160000000000025,-0.73,366176.2,548289.753
000338.SZ,20200928,294.07,297.4,288.38,292.89,293.28,-0.38999999999998636,-0.13,466560.49,699302.683
000338.SZ,20200929,295.04,295.63,290.34,292.11,292.89,-0.7799999999999727,-0.27,410113.71,611686.148
000338.SZ,20200930,293.09,301.12,292.89,295.83,292.11,3.7199999999999704,1.27,408373.37,616838.05
000338.SZ,20201009,306.41,313.26,303.47,309.35,295.83,13.520000000000039,4.57,680143.17,1070859.896
000338.SZ,20201012,313.07,316.2,310.52,313.85,309.35,4.5,1.45,526672.52,842199.823
000338.SZ,20201013,313.46,316.6,309.35,313.66,313.85,-0.18999999999999773,-0.06,343879.07,548309.275
000338.SZ,20201014,316.6,318.95,313.85,317.77,313.66,4.109999999999957,1.31,484019.08,782791.803
000338.SZ,20201015,315.81,320.51,314.83,315.22,317.77,-2.5499999999999545,-0.8,395544.7,640339.279
000338.SZ,20201016,314.43,319.97,314.43,318.19,315.22,2.9699999999999704,0.94,335875.15,538449.578
000338.SZ,20201019,319.18,321.95,310.48,312.65,318.19,-5.5400000000000205,-1.74,324734.61,518287.711
000338.SZ,20201020,313.44,315.42,309.69,315.22,312.65,2.57000000000005,0.82,287346.46,454908.176
000338.SZ,20201021,315.22,315.42,306.52,309.69,315.22,-5.53000000000003,-1.75,275226.24,430370.721
000338.SZ,20201022,307.71,308.5,301.18,304.15,309.69,-5.5400000000000205,-1.79,351652.33,539140.223
000338.SZ,20201023,303.56,306.72,299.01,302.57,304.15,-1.579999999999984,-0.52,307444.9,470888.007
000338.SZ,20201026,300.59,303.56,295.05,302.17,302.57,-0.39999999999997726,-0.13,203054.11,308002.134
000338.SZ,20201027,302.17,303.56,298.02,300.59,302.17,-1.580000000000041,-0.52,248205.34,377269.537
000338.SZ,20201028,299.6,302.37,293.47,300.59,300.59,0.0,0.0,366631.29,553575.99
000338.SZ,20201029,298.42,309.89,295.45,308.3,300.59,7.710000000000036,2.56,448059.01,689037.502
000338.SZ,20201030,312.46,312.46,296.64,299.21,308.3,-9.090000000000032,-2.95,485792.12,738682.687
000338.SZ,20201102,302.37,316.41,302.37,316.02,299.21,16.810000000000002,5.62,848969.3,1337572.59
000338.SZ,20201103,319.58,319.58,302.77,306.33,316.02,-9.689999999999998,-3.07,905378.93,1414449.37
000338.SZ,20201104,306.72,316.41,304.55,313.64,306.33,7.310000000000002,2.39,674042.27,1064242.063
000338.SZ,20201105,316.41,333.62,314.04,330.25,313.64,16.610000000000014,5.3,1039778.27,1715447.562
000338.SZ,20201106,329.86,331.64,324.72,328.87,330.25,-1.3799999999999955,-0.42,614279.62,1017447.889
000338.SZ,20201109,334.6,339.75,327.29,333.02,328.87,4.149999999999977,1.26,711654.51,1198308.03
000338.SZ,20201110,336.38,336.78,322.34,324.12,333.02,-8.899999999999977,-2.67,650251.41,1078788.725
000338.SZ,20201111,325.31,338.76,322.94,330.25,324.12,6.1299999999999955,1.89,695817.72,1167777.384
000338.SZ,20201112,330.65,335.4,327.29,333.81,330.25,3.5600000000000023,1.08,415722.65,698902.403
000338.SZ,20201113,337.18,342.91,327.68,334.6,333.81,0.7900000000000205,0.24,664112.96,1123724.203
000338.SZ,20201116,335.99,336.98,328.47,333.02,334.6,-1.580000000000041,-0.47,583854.92,977778.728
000338.SZ,20201117,330.45,356.36,329.07,350.82,333.02,17.80000000000001,5.35,1289089.9,2265012.697
000338.SZ,20201118,350.82,353.59,347.06,350.03,350.82,-0.7900000000000205,-0.23,657457.63,1164487.976
000338.SZ,20201119,350.23,352.8,346.47,351.41,350.03,1.3800000000000523,0.39,391685.64,693425.003
000338.SZ,20201120,350.03,361.1,347.46,354.38,351.41,2.9699999999999704,0.85,620363.13,1113605.502
000338.SZ,20201123,353.0,357.54,346.07,355.96,354.38,1.579999999999984,0.45,640880.09,1140814.131
000338.SZ,20201124,357.54,362.69,350.03,352.6,355.96,-3.359999999999957,-0.94,501865.72,903054.282
000338.SZ,20201125,355.76,362.29,346.47,346.67,352.6,-5.930000000000007,-1.68,617665.08,1102610.013
000338.SZ,20201126,350.03,351.02,336.58,341.13,346.67,-5.5400000000000205,-1.6,676998.6,1167473.266
000338.SZ,20201127,341.72,347.85,338.76,343.11,341.13,1.9800000000000182,0.58,543115.15,940394.186
000338.SZ,20201130,342.12,344.69,330.06,330.06,343.11,-13.050000000000011,-3.8,741299.14,1262893.057
000338.SZ,20201201,330.65,340.54,329.46,339.15,330.06,9.089999999999975,2.75,488578.51,831954.209
000338.SZ,20201202,339.35,341.92,335.0,339.15,339.15,0.0,0.0,334887.74,573727.555
000338.SZ,20201203,340.34,342.12,329.86,334.6,339.15,-4.5499999999999545,-1.34,538843.28,914598.326
000338.SZ,20201204,333.81,339.75,330.65,336.78,334.6,2.17999999999995,0.65,344017.03,583052.593
000338.SZ,20201207,337.57,338.36,328.28,329.86,336.78,-6.919999999999959,-2.05,348419.24,584327.192
000338.SZ,20201208,330.25,330.25,324.52,327.09,329.86,-2.7700000000000387,-0.84,443074.21,732478.034
000338.SZ,20201209,328.28,329.46,317.99,318.39,327.09,-8.699999999999989,-2.66,449022.95,734449.871
000338.SZ,20201210,318.59,321.55,315.82,318.39,318.39,0.0,0.0,352424.94,568018.269
000338.SZ,20201211,318.39,323.13,310.87,315.22,318.39,-3.169999999999959,-1.0,471649.9,752872.15
000338.SZ,20201214,315.22,317.4,310.87,316.41,315.22,1.1899999999999977,0.38,389059.6,616740.775
000338.SZ,20201215,315.82,319.58,307.12,318.59,316.41,2.17999999999995,0.69,648434.73,1026253.154
000338.SZ,20201216,318.78,320.37,310.87,313.25,318.59,-5.339999999999975,-1.68,506439.1,807542.009
000338.SZ,20201217,314.04,318.98,309.49,317.2,313.25,3.9499999999999886,1.26,530573.34,846527.547
000338.SZ,20201218,317.99,321.75,314.43,317.4,317.2,0.19999999999998863,0.06,455192.83,731883.095
000338.SZ,20201221,317.4,324.52,310.68,323.73,317.4,6.330000000000041,1.99,578674.78,932772.661
000338.SZ,20201222,321.36,322.54,310.08,312.46,323.73,-11.270000000000039,-3.48,754325.81,1200229.318
000338.SZ,20201223,311.47,312.46,302.17,306.72,312.46,-5.739999999999952,-1.84,797463.21,1233678.568
000338.SZ,20201224,306.92,309.49,302.57,304.35,306.72,-2.3700000000000045,-0.77,385074.21,594827.741
000338.SZ,20201225,298.61,302.77,291.89,299.8,304.35,-4.550000000000011,-1.49,725614.4,1090064.948
000338.SZ,20201228,299.21,308.3,297.62,308.11,299.8,8.310000000000002,2.77,642939.36,989352.298
000338.SZ,20201229,308.7,312.85,304.74,307.51,308.11,-0.6000000000000227,-0.19,478026.64,744062.312
000338.SZ,20201230,304.74,310.87,303.16,307.12,307.51,-0.38999999999998636,-0.13,498158.12,772011.572
000338.SZ,20201231,308.7,313.25,306.33,312.26,307.12,5.139999999999986,1.67,586790.32,921264.13
000338.SZ,20210104,313.25,318.39,308.7,316.81,312.26,4.550000000000011,1.46,791296.96,1258856.119
000338.SZ,20210105,318.98,325.71,314.43,325.51,316.81,8.699999999999989,2.75,945325.32,1530626.699
000338.SZ,20210106,326.1,328.28,318.19,321.95,325.51,-3.5600000000000023,-1.09,633021.67,1031216.719
000338.SZ,20210107,324.72,331.64,319.18,329.27,321.95,7.319999999999993,2.27,1015252.64,1672288.088
000338.SZ,20210108,333.82,336.19,322.74,330.26,329.27,0.9900000000000091,0.3,969584.73,1610910.786
000338.SZ,20210111,332.24,345.49,330.46,339.75,330.26,9.490000000000009,2.87,1423481.16,2446519.911
000338.SZ,20210112,338.96,347.46,333.23,347.46,339.75,7.7099999999999795,2.27,1022818.0,1765415.515
000338.SZ,20210113,355.97,382.27,351.02,374.16,347.46,26.700000000000045,7.68,2346978.5,4405965.596
000338.SZ,20210114,375.35,392.75,367.83,373.57,374.16,-0.5900000000000318,-0.16,1959860.95,3759232.46
000338.SZ,20210115,381.68,384.05,361.11,368.62,373.57,-4.949999999999989,-1.33,1250876.01,2343303.312
000338.SZ,20210118,363.68,374.76,360.32,370.6,368.62,1.9800000000000182,0.54,901909.02,1680089.598
000338.SZ,20210119,378.71,388.6,368.82,370.8,370.6,0.19999999999998863,0.05,1215888.77,2323628.531
000338.SZ,20210120,377.33,392.75,376.73,383.26,370.8,12.45999999999998,3.36,1213878.52,2364833.899
000338.SZ,20210121,383.26,384.64,372.78,378.91,383.26,-4.349999999999966,-1.13,950653.62,1817943.145
000338.SZ,20210122,381.68,382.67,365.86,381.48,378.91,2.569999999999993,0.68,1098780.98,2078774.804
000338.SZ,20210125,376.93,379.7,367.83,376.73,381.48,-4.75,-1.25,876916.96,1662485.144
000338.SZ,20210126,373.77,385.24,364.27,367.24,376.73,-9.490000000000009,-2.52,892338.12,1679938.057
000338.SZ,20210127,371.99,399.48,367.24,396.71,367.24,29.46999999999997,8.02,1753923.82,3419925.894
000338.SZ,20210128,387.61,394.73,383.65,386.23,396.71,-10.479999999999961,-2.64,1202743.26,2361851.827
000338.SZ,20210129,389.78,424.79,384.05,418.06,386.23,31.829999999999984,8.24,1952748.3,4079320.797
000338.SZ,20210201,425.18,444.76,413.32,432.7,418.06,14.639999999999986,3.5,1707071.3,3716208.171
000338.SZ,20210202,434.87,476.01,425.58,476.01,432.7,43.31,10.01,1846024.36,4267076.639
000338.SZ,20210203,480.75,494.4,463.75,476.01,476.01,0.0,0.0,1815021.18,4369360.024
000338.SZ,20210204,470.67,492.22,461.57,476.8,476.01,0.7900000000000205,0.17,1460274.01,3508141.391
000338.SZ,20210205,479.77,484.31,440.81,456.83,476.8,-19.970000000000027,-4.19,1890527.46,4390723.05
000338.SZ,20210208,459.2,493.81,450.7,487.08,456.83,30.25,6.62,1343661.43,3220381.155
000338.SZ,20210209,492.62,516.15,482.53,503.69,487.08,16.610000000000014,3.41,1481879.71,3743395.621
000338.SZ,20210210,504.29,510.22,490.44,501.72,503.69,-1.9699999999999704,-0.39,1025426.76,2596752.522
000338.SZ,20210218,515.16,519.32,488.47,495.19,501.72,-6.53000000000003,-1.3,1173448.78,2967803.327
000338.SZ,20210219,487.87,496.77,466.32,489.65,495.19,-5.5400000000000205,-1.12,1087491.71,2648809.724
000338.SZ,20210222,491.83,500.33,471.06,471.66,489.65,-17.989999999999952,-3.67,1117317.99,2731221.25
000338.SZ,20210223,468.69,481.94,459.0,472.25,471.66,0.589999999999975,0.13,801367.05,1918223.894
000338.SZ,20210224,474.62,477.99,448.72,452.87,472.25,-19.379999999999995,-4.1,1143309.46,2651073.965
000338.SZ,20210225,460.58,463.35,445.55,453.27,452.87,0.39999999999997726,0.09,799895.53,1842732.943
000338.SZ,20210226,435.07,448.52,432.7,436.06,453.27,-17.20999999999998,-3.8,848779.71,1888818.608
000338.SZ,20210301,445.95,456.03,435.07,450.7,436.06,14.639999999999986,3.36,788197.01,1780768.886
000338.SZ,20210302,458.21,470.08,450.89,458.8,450.7,8.100000000000023,1.8,1001519.88,2323660.488
000338.SZ,20210303,452.47,464.74,437.25,458.41,458.8,-0.38999999999998636,-0.09,760838.25,1741966.582
000338.SZ,20210304,448.72,451.68,424.99,428.94,458.41,-29.470000000000027,-6.43,1062224.6,2344330.75
000338.SZ,20210305,416.28,427.75,412.92,420.44,428.94,-8.5,-1.98,700210.75,1487941.928
000338.SZ,20210308,425.18,428.15,397.3,400.46,420.44,-19.980000000000018,-4.75,892351.51,1851055.431
000338.SZ,20210309,396.31,405.41,383.06,390.77,400.46,-9.689999999999998,-2.42,788553.4,1572121.432
000338.SZ,20210310,401.65,407.19,393.15,400.27,390.77,9.5,2.43,615612.69,1247048.497
000338.SZ,20210311,403.03,414.11,399.67,406.99,400.27,6.720000000000027,1.68,641547.36,1323435.715
000338.SZ,20210312,406.99,423.01,403.43,410.35,406.99,3.3600000000000136,0.83,677987.43,1415441.97
000338.SZ,20210315,405.8,408.57,396.9,402.84,410.35,-7.510000000000048,-1.83,443542.48,902192.041
000338.SZ,20210316,403.63,408.77,394.33,398.49,402.84,-4.349999999999966,-1.08,493790.54,998374.127
000338.SZ,20210317,399.48,406.2,393.74,401.45,398.49,2.9599999999999795,0.74,382710.43,776072.97
000338.SZ,20210318,403.03,408.37,399.48,404.62,401.45,3.170000000000016,0.79,468872.53,956204.265
000338.SZ,20210319,395.52,399.28,389.19,392.55,404.62,-12.069999999999993,-2.98,562978.83,1121683.549
000338.SZ,20210322,393.15,406.4,390.58,402.24,392.55,9.689999999999998,2.47,430928.08,872490.375
000338.SZ,20210323,402.64,404.22,379.7,387.21,402.24,-15.03000000000003,-3.74,700389.18,1376689.695
000338.SZ,20210324,382.47,387.41,370.01,371.99,387.21,-15.21999999999997,-3.93,636737.5,1208362.13
000338.SZ,20210325,370.21,379.5,367.83,374.76,371.99,2.769999999999982,0.74,381510.73,721775.755
000338.SZ,20210326,379.7,387.21,376.34,384.64,374.76,9.879999999999995,2.64,494251.39,955936.822
000338.SZ,20210329,384.05,388.4,377.92,382.86,384.64,-1.7799999999999727,-0.46,438410.36,850328.27
000338.SZ,20210330,385.63,394.53,382.47,390.38,382.86,7.519999999999982,1.96,504265.93,992680.145
000338.SZ,20210331,378.71,382.27,365.46,380.49,390.38,-9.889999999999986,-2.53,1052067.62,1994107.387
000338.SZ,20210401,380.49,384.05,373.96,378.12,380.49,-2.3700000000000045,-0.62,505359.47,965408.424
000338.SZ,20210402,384.05,390.38,381.28,382.86,378.12,4.740000000000009,1.25,555867.63,1081694.106
000338.SZ,20210406,390.18,404.42,388.01,396.31,382.86,13.449999999999989,3.51,810184.22,1626244.299
000338.SZ,20210407,391.56,395.12,371.99,375.35,396.31,-20.95999999999998,-5.29,1378227.11,2625783.707
000338.SZ,20210408,371.79,377.33,368.23,373.17,375.35,-2.180000000000007,-0.58,648663.06,1224765.789
000338.SZ,20210409,373.17,382.67,369.22,374.76,373.17,1.589999999999975,0.43,715095.64,1356784.855
000338.SZ,20210412,377.72,378.51,359.13,360.32,374.76,-14.439999999999998,-3.85,656387.75,1216106.801
000338.SZ,20210413,360.71,371.39,359.92,369.61,360.32,9.29000000000002,2.58,544394.63,1010539.322
000338.SZ,20210414,370.4,378.12,369.61,374.76,369.61,5.149999999999977,1.39,424041.63,803951.414
000338.SZ,20210415,375.15,377.13,366.84,376.34,374.76,1.579999999999984,0.42,347211.33,652832.765
000338.SZ,20210416,378.71,380.29,371.0,373.37,376.34,-2.9699999999999704,-0.79,385301.74,729815.96
000338.SZ,20210419,380.89,397.1,378.91,396.11,373.37,22.74000000000001,6.09,983134.28,1942074.035
000338.SZ,20210420,391.56,396.11,388.8,390.77,396.11,-5.340000000000032,-1.35,623841.09,1234263.919
000338.SZ,20210421,386.23,386.62,379.7,381.87,390.77,-8.899999999999977,-2.28,579115.4,1119859.21
000338.SZ,20210422,382.07,383.46,373.77,375.94,381.87,-5.930000000000007,-1.55,535255.16,1019278.618
000338.SZ,20210423,376.93,384.64,374.36,382.07,375.94,6.1299999999999955,1.63,544561.06,1047075.609
000338.SZ,20210426,382.07,386.03,370.8,371.39,382.07,-10.680000000000007,-2.8,751814.14,1433968.676
000338.SZ,20210427,371.0,371.0,355.37,360.71,371.39,-10.680000000000007,-2.88,782466.27,1428631.703
000338.SZ,20210428,361.11,362.89,354.19,357.55,360.71,-3.159999999999968,-0.88,636932.3,1149966.431
000338.SZ,20210429,357.95,360.91,353.99,360.52,357.55,2.9699999999999704,0.83,658622.04,1190747.117
000338.SZ,20210430,362.1,364.87,355.97,358.14,360.52,-2.3799999999999955,-0.66,879801.04,1598204.745
000338.SZ,20210506,350.04,353.0,342.32,349.44,358.14,-8.699999999999989,-2.43,824450.97,1450823.876
000338.SZ,20210507,349.44,351.62,339.75,339.95,349.44,-9.490000000000009,-2.72,660975.7,1153732.938
000338.SZ,20210510,339.36,344.5,335.2,341.73,339.95,1.7800000000000296,0.52,540896.73,928548.412
000338.SZ,20210511,337.77,341.33,329.27,340.34,341.73,-1.3900000000000432,-0.41,857257.45,1450519.929
000338.SZ,20210512,342.32,346.87,334.61,340.15,340.34,-0.18999999999999773,-0.06,764248.95,1312231.765
000338.SZ,20210513,335.01,339.75,332.24,333.82,340.15,-6.329999999999984,-1.86,536685.71,909957.36
000338.SZ,20210514,335.8,346.08,332.43,346.08,333.82,12.259999999999991,3.67,817069.67,1410126.034
000338.SZ,20210517,345.68,354.98,343.31,350.83,346.08,4.75,1.37,923658.87,1623308.355
000338.SZ,20210518,349.05,349.05,343.11,345.09,350.83,-5.740000000000009,-1.64,590161.5,1028636.45
000338.SZ,20210519,344.7,350.83,343.51,345.68,345.09,0.5900000000000318,0.17,587993.89,1029533.401
000338.SZ,20210520,344.89,346.87,336.98,337.58,345.68,-8.100000000000023,-2.34,859369.22,1473265.433
000338.SZ,20210521,339.36,340.94,335.2,338.96,337.58,1.3799999999999955,0.41,616391.03,1054047.209
000338.SZ,20210524,338.17,338.17,332.24,337.38,338.96,-1.579999999999984,-0.47,597306.72,1011413.619
000338.SZ,20210525,338.37,345.68,334.02,345.29,337.38,7.910000000000025,2.34,938081.53,1619750.188
000338.SZ,20210526,344.3,353.59,343.31,346.28,345.29,0.9899999999999523,0.29,1112194.32,1962557.896
000338.SZ,20210527,349.24,366.65,346.87,364.08,346.28,17.80000000000001,5.14,1895496.93,3425672.862
000338.SZ,20210528,363.68,366.45,356.36,359.92,364.08,-4.159999999999968,-1.14,1166756.53,2130886.792
000338.SZ,20210531,364.87,365.06,349.05,352.21,359.92,-7.710000000000036,-2.14,1221274.52,2173239.869
000338.SZ,20210601,349.24,361.11,348.26,355.97,352.21,3.7600000000000477,1.07,931815.49,1670401.238
000338.SZ,20210602,357.95,359.53,349.64,350.83,355.97,-5.140000000000043,-1.44,632740.27,1128263.019
000338.SZ,20210603,351.02,353.59,346.08,346.08,350.83,-4.75,-1.35,644200.93,1137977.316
000338.SZ,20210604,343.51,349.44,340.54,347.07,346.08,0.9900000000000091,0.29,512500.44,894293.982
000338.SZ,20210607,346.87,357.35,342.12,355.77,347.07,8.699999999999989,2.51,841719.05,1488560.485
000338.SZ,20210608,355.77,356.17,347.27,349.44,355.77,-6.329999999999984,-1.78,687057.51,1219851.758
000338.SZ,20210609,349.64,349.84,344.3,345.68,349.44,-3.759999999999991,-1.08,451682.86,789821.531
000338.SZ,20210610,344.5,349.24,342.92,344.1,345.68,-1.579999999999984,-0.46,625403.13,1093426.658
000338.SZ,20210611,342.72,343.11,335.6,340.15,344.1,-3.9500000000000455,-1.15,739706.79,1265369.686
000338.SZ,20210615,339.95,340.54,332.43,334.81,340.15,-5.339999999999975,-1.57,547009.13,926610.042
000338.SZ,20210616,334.41,338.17,330.06,330.85,334.81,-3.9599999999999795,-1.18,434878.29,732946.25
000338.SZ,20210617,330.85,335.2,330.06,332.04,330.85,1.1899999999999977,0.36,419990.06,706359.166
000338.SZ,20210618,331.25,339.55,324.33,339.16,332.04,7.1200000000000045,2.14,678734.63,1138852.238
000338.SZ,20210621,336.19,339.16,330.26,331.25,339.16,-7.910000000000025,-2.33,575990.26,971324.366
000338.SZ,20210622,330.85,339.16,328.48,336.19,331.25,4.939999999999998,1.49,571267.33,968451.5
000338.SZ,20210623,336.19,340.94,333.62,339.36,336.19,3.170000000000016,0.94,573118.97,979914.447
000338.SZ,20210624,340.15,340.74,335.4,336.39,339.36,-2.9700000000000273,-0.88,420629.6,717447.718
000338.SZ,20210625,337.18,345.88,336.19,345.68,336.39,9.29000000000002,2.76,795872.08,1377251.37
000338.SZ,20210628,352.8,362.69,349.05,350.04,345.68,4.360000000000014,1.26,1157371.28,2071425.4
000338.SZ,20210629,348.06,358.93,346.48,353.79,350.04,3.75,1.07,1003392.31,1799700.939
000338.SZ,20210630,355.97,356.56,348.45,353.4,353.79,-0.3900000000000432,-0.11,613929.77,1090567.49
000338.SZ,20210701,351.62,354.78,341.14,344.5,353.4,-8.899999999999977,-2.52,650646.8,1139802.086
000338.SZ,20210702,344.5,344.7,335.2,338.96,344.5,-5.5400000000000205,-1.61,671343.33,1151282.768
000338.SZ,20210705,337.18,344.5,335.4,339.95,338.96,0.9900000000000091,0.29,515196.32,883759.32
000338.SZ,20210706,339.95,340.15,332.63,336.39,339.95,-3.5600000000000023,-1.05,537831.47,913614.056
000338.SZ,20210707,335.4,339.36,334.41,336.79,336.39,0.4000000000000341,0.12,382037.66,651526.347
000338.SZ,20210708,337.97,338.37,329.07,330.26,336.79,-6.53000000000003,-1.94,683953.81,1150626.205
000338.SZ,20210709,328.48,335.99,326.5,335.99,330.26,5.730000000000018,1.73,534006.43,895509.459
000338.SZ,20210712,338.17,342.92,334.81,341.33,335.99,5.339999999999975,1.59,690489.02,1182329.694
000338.SZ,20210713,342.52,347.27,338.37,344.89,341.33,3.5600000000000023,1.04,641776.4,1113036.091
000338.SZ,20210714,343.9,343.9,336.39,336.59,344.89,-8.300000000000011,-2.41,518592.72,887917.728
000338.SZ,20210715,336.19,338.37,330.85,335.99,336.59,-0.5999999999999659,-0.18,477906.34,808462.915
000338.SZ,20210716,335.8,336.39,332.43,336.19,335.99,0.19999999999998863,0.06,482402.85,815376.221
000338.SZ,20210719,337.77,342.12,333.82,341.14,336.19,4.949999999999989,1.47,664336.98,1137977.762
000338.SZ,20210720,337.97,349.84,336.19,347.86,341.14,6.720000000000027,1.97,1036739.56,1808522.26
000338.SZ,20210721,347.07,349.44,342.32,343.51,347.86,-4.350000000000023,-1.25,733885.91,1279130.777
000338.SZ,20210722,343.71,367.83,343.51,362.49,343.51,18.980000000000018,5.53,2082926.18,3805581.934
000338.SZ,20210723,363.29,371.39,358.54,364.87,362.49,2.3799999999999955,0.66,1593191.09,2937055.319
000338.SZ,20210726,366.25,371.39,354.19,358.54,364.87,-6.329999999999984,-1.73,1551539.47,2844722.033
000338.SZ,20210727,357.55,366.84,348.65,350.04,358.54,-8.5,-2.37,1262945.88,2293299.113
000338.SZ,20210728,348.06,350.04,334.21,339.36,350.04,-10.680000000000007,-3.05,1044352.73,1805282.309
000338.SZ,20210729,344.5,351.62,342.12,346.48,339.36,7.1200000000000045,2.1,1009340.2,1770116.951
000338.SZ,20210730,343.11,343.11,333.82,338.57,346.48,-7.910000000000025,-2.28,945712.92,1614737.028
000338.SZ,20210802,338.76,372.38,335.4,372.38,338.57,33.81,9.99,2362642.88,4354613.628
000338.SZ,20210803,379.7,385.43,371.99,377.72,372.38,5.340000000000032,1.43,2897534.94,5550190.219
000338.SZ,20210804,378.12,385.04,372.78,379.5,377.72,1.7799999999999727,0.47,1688243.53,3237087.921
000338.SZ,20210805,378.12,398.49,373.96,388.99,379.5,9.490000000000009,2.5,2122528.91,4174540.068
000338.SZ,20210806,391.56,399.48,381.28,388.99,388.99,0.0,0.0,1373962.51,2708518.491
000338.SZ,20210809,395.32,412.73,392.16,409.17,388.99,20.180000000000007,5.19,2027828.12,4162023.725
000338.SZ,20210810,409.36,409.36,397.5,405.41,409.17,-3.759999999999991,-0.92,1438020.77,2928435.056
000338.SZ,20210811,417.67,426.37,402.64,408.57,405.41,3.159999999999968,0.78,1849976.53,3866009.558
000338.SZ,20210812,408.77,408.77,388.8,389.19,408.57,-19.379999999999995,-4.74,1965614.33,3919327.896
000338.SZ,20210813,384.05,398.49,384.05,393.15,389.19,3.9599999999999795,1.02,1424993.62,2822882.819
000338.SZ,20210816,397.5,417.08,393.74,412.53,393.15,19.379999999999995,4.93,2184643.6,4528130.666
000338.SZ,20210817,419.84,422.42,389.78,392.75,412.53,-19.779999999999973,-4.79,1948280.82,3973370.326
000338.SZ,20210818,391.17,403.63,388.4,398.49,392.75,5.740000000000009,1.46,1208575.55,2425522.606
000338.SZ,20210819,394.14,394.14,383.26,388.99,398.49,-9.5,-2.38,1029582.5,2022899.372
000338.SZ,20210820,383.65,386.82,371.79,382.67,388.99,-6.319999999999993,-1.62,1228832.13,2350796.946
000338.SZ,20210823,379.7,385.63,378.12,385.63,382.67,2.9599999999999795,0.77,949916.21,1837214.07
000338.SZ,20210824,390.18,393.15,385.04,387.61,385.63,1.9800000000000182,0.51,964632.65,1896852.36
000338.SZ,20210825,391.17,391.17,379.5,380.89,387.61,-6.720000000000027,-1.73,774909.29,1497092.28
000338.SZ,20210826,380.69,388.8,374.36,383.26,380.89,2.3700000000000045,0.62,833968.18,1612909.006
000338.SZ,20210827,388.05,406.26,385.25,406.26,383.25,23.00999999999999,6.0,1688496.75,3370240.919
000338.SZ,20210830,406.26,406.46,395.86,402.06,406.26,-4.199999999999989,-1.03,1187600.83,2377957.159
000338.SZ,20210831,404.26,412.87,394.26,401.66,402.06,-0.39999999999997726,-0.1,1143985.21,2295195.024
000338.SZ,20210901,399.86,399.86,383.25,393.86,401.66,-7.800000000000011,-1.94,1218696.7,2383840.736
000338.SZ,20210902,394.46,399.66,385.05,397.26,393.86,3.3999999999999773,0.86,1023545.3,2012006.336
000338.SZ,20210903,392.66,394.86,386.05,386.25,397.26,-11.009999999999991,-2.77,953845.83,1858992.862
000338.SZ,20210906,384.45,404.66,383.05,398.26,386.25,12.009999999999991,3.11,1126750.57,2227300.044
000338.SZ,20210907,398.66,399.66,394.46,397.86,398.26,-0.39999999999997726,-0.1,742020.95,1470770.931
000338.SZ,20210908,397.86,399.26,390.25,392.86,397.86,-5.0,-1.26,771254.9,1516132.569
000338.SZ,20210909,390.65,397.86,387.85,389.85,392.86,-3.009999999999991,-0.77,705118.25,1379485.625
000338.SZ,20210910,388.85,388.85,381.25,381.65,389.85,-8.200000000000045,-2.1,1021413.05,1955949.721
000338.SZ,20210913,380.25,380.25,370.24,373.44,381.65,-8.20999999999998,-2.15,1005447.57,1878423.151
000338.SZ,20210914,373.84,380.05,364.84,367.24,373.44,-6.199999999999989,-1.66,880905.1,1638150.986
000338.SZ,20210915,364.44,366.64,360.43,362.64,367.24,-4.600000000000023,-1.25,819254.5,1485159.159
000338.SZ,20210916,362.84,368.64,357.43,358.23,362.64,-4.409999999999968,-1.22,726543.85,1314567.687
000338.SZ,20210917,359.63,365.64,358.23,365.24,358.23,7.009999999999991,1.96,600179.91,1086519.196
000338.SZ,20210922,358.23,362.84,357.83,360.63,365.24,-4.610000000000014,-1.26,372061.57,669100.265
000338.SZ,20210923,362.24,370.04,362.24,369.04,360.63,8.410000000000025,2.33,660423.49,1209458.847
000338.SZ,20210924,367.04,369.04,360.83,362.04,369.04,-7.0,-1.9,432411.74,787237.609
000338.SZ,20210927,363.24,369.04,352.03,354.43,362.04,-7.610000000000014,-2.1,589911.85,1059349.539
000338.SZ,20210928,350.63,354.83,342.42,354.43,354.43,0.0,0.0,655564.78,1141013.467
000338.SZ,20210929,348.23,350.03,344.62,346.63,354.43,-7.800000000000011,-2.2,452649.82,784498.777
000338.SZ,20210930,346.63,351.03,342.42,343.42,346.63,-3.2099999999999795,-0.93,553099.11,957049.253
000338.SZ,20211008,342.62,347.03,342.62,344.22,343.42,0.8000000000000114,0.23,494507.7,850740.529
000338.SZ,20211011,344.42,346.63,343.82,345.02,344.22,0.7999999999999545,0.23,339527.16,585267.59
000338.SZ,20211012,345.02,345.02,328.21,332.42,345.02,-12.599999999999966,-3.65,866104.39,1443360.603
000338.SZ,20211013,332.42,337.02,328.61,336.02,332.42,3.599999999999966,1.08,370341.23,616026.374
000338.SZ,20211014,337.62,339.22,334.82,336.62,336.02,0.6000000000000227,0.18,283246.78,476795.445
000338.SZ,20211015,336.62,339.22,330.61,335.62,336.62,-1.0,-0.3,512946.61,858656.543
000338.SZ,20211018,335.22,335.22,328.21,334.82,335.62,-0.8000000000000114,-0.24,467903.93,775424.787
000338.SZ,20211019,335.02,341.02,332.82,338.82,334.82,4.0,1.19,448062.54,757371.923
000338.SZ,20211020,341.22,341.82,333.82,334.82,338.82,-4.0,-1.18,486768.61,816342.606
000338.SZ,20211021,334.82,335.22,330.61,334.62,334.82,-0.19999999999998863,-0.06,358977.3,597175.831
000338.SZ,20211022,335.63,342.51,334.42,340.08,334.62,5.4599999999999795,1.63,468127.65,783399.335
000338.SZ,20211025,339.68,346.35,333.81,344.74,340.08,4.660000000000025,1.37,642166.97,1084347.172
000338.SZ,20211026,345.14,347.77,340.08,342.31,344.74,-2.430000000000007,-0.7,452384.11,767298.673
000338.SZ,20211027,342.31,342.31,330.17,331.79,342.31,-10.519999999999982,-3.07,610753.21,1011441.05
000338.SZ,20211028,330.17,330.57,303.47,304.68,331.79,-27.110000000000014,-8.17,1333190.64,2057168.809
000338.SZ,20211029,304.68,307.71,299.62,305.49,304.68,0.8100000000000023,0.27,653006.49,982349.95
000338.SZ,20211101,305.08,310.75,296.38,304.88,305.49,-0.6100000000000136,-0.2,665627.74,1000821.604
000338.SZ,20211102,304.88,306.9,294.77,298.41,304.88,-6.46999999999997,-2.12,621608.17,923507.36
000338.SZ,20211103,294.36,304.48,293.75,300.23,298.41,1.8199999999999932,0.61,391990.99,580561.392
000338.SZ,20211104,301.64,308.32,299.82,307.31,300.23,7.079999999999984,2.36,502177.91,757644.015
000338.SZ,20211105,307.51,308.73,303.06,304.07,307.31,-3.240000000000009,-1.05,399031.81,602557.394
000338.SZ,20211108,315.4,334.22,315.2,321.47,304.07,17.400000000000034,5.72,1187150.12,1904747.627
000338.SZ,20211109,319.65,321.47,315.0,317.22,321.47,-4.25,-1.32,594966.26,933311.794
000338.SZ,20211110,315.0,315.4,309.33,313.78,317.22,-3.4400000000000546,-1.08,425654.52,655696.667
000338.SZ,20211111,312.57,314.19,309.74,313.58,313.78,-0.19999999999998863,-0.06,481304.62,741754.796
000338.SZ,20211112,313.78,313.99,304.68,306.1,313.58,-7.479999999999961,-2.39,655174.4,995398.368
000338.SZ,20211115,305.49,308.73,304.07,308.52,306.1,2.419999999999959,0.79,492718.11,746087.416
000338.SZ,20211116,309.33,309.33,304.68,305.08,308.52,-3.4399999999999977,-1.12,403043.55,611290.35
000338.SZ,20211117,305.69,307.11,304.27,306.3,305.08,1.2200000000000273,0.4,284325.37,429606.228
000338.SZ,20211118,310.75,320.46,310.55,311.15,306.3,4.849999999999966,1.58,903268.05,1404749.381
000338.SZ,20211119,309.13,329.77,307.51,325.72,311.15,14.57000000000005,4.68,1439304.06,2292797.013
000338.SZ,20211122,332.4,336.44,325.72,328.96,325.72,3.2399999999999523,0.99,1371268.45,2234620.124
000338.SZ,20211123,326.33,333.2,323.9,331.18,328.96,2.2200000000000273,0.67,895824.57,1460083.234
000338.SZ,20211124,329.77,329.97,325.92,326.73,331.18,-4.449999999999989,-1.34,570707.28,923080.975
000338.SZ,20211125,325.52,325.72,318.44,318.64,326.73,-8.090000000000032,-2.48,763624.14,1210779.081
000338.SZ,20211126,316.62,321.07,315.6,316.82,318.64,-1.8199999999999932,-0.57,428318.49,674128.569
000338.SZ,20211129,311.56,313.18,307.51,310.95,316.82,-5.8700000000000045,-1.85,536403.31,823806.928
000338.SZ,20211130,318.23,318.23,307.92,312.16,310.95,1.2100000000000364,0.39,646058.77,1000344.391
000338.SZ,20211201,309.53,337.05,307.51,331.18,312.16,19.019999999999982,6.09,2514129.76,4057086.277
000338.SZ,20211202,335.83,357.08,331.79,357.08,331.18,25.899999999999977,7.82,3549544.73,6097281.897
000338.SZ,20211203,357.08,357.28,347.97,355.05,357.08,-2.0299999999999727,-0.57,2025794.64,3539284.289
000338.SZ,20211206,360.11,374.88,356.07,362.54,355.05,7.490000000000009,2.11,2627594.02,4732888.311
000338.SZ,20211207,362.74,373.06,353.64,365.78,362.54,3.2399999999999523,0.89,2672333.75,4813032.087
000338.SZ,20211208,361.12,370.23,356.27,364.36,365.78,-1.419999999999959,-0.39,1651961.76,2969085.133
000338.SZ,20211209,362.13,377.31,359.3,368.81,364.36,4.449999999999989,1.22,1849323.07,3381329.795
000338.SZ,20211210,364.16,365.17,353.64,354.04,368.81,-14.769999999999982,-4.0,1959594.57,3469806.251
000338.SZ,20211213,356.07,366.38,356.07,361.53,354.04,7.489999999999952,2.12,1557772.76,2789999.288
000338.SZ,20211214,359.1,359.3,350.4,354.65,361.53,-6.8799999999999955,-1.9,1220227.89,2134531.546
000338.SZ,20211215,352.02,358.09,351.01,352.22,354.65,-2.42999999999995,-0.69,858176.97,1503123.77
000338.SZ,20211216,352.63,383.98,350.0,380.75,352.22,28.529999999999973,8.1,2818013.4,5117651.473
000338.SZ,20211217,374.27,378.52,368.2,369.42,380.75,-11.329999999999984,-2.98,1946321.24,3587824.593
000338.SZ,20211220,369.42,385.4,367.19,371.24,369.42,1.8199999999999932,0.49,2290209.16,4253974.053
000338.SZ,20211221,367.8,375.08,366.18,370.63,371.24,-0.6100000000000136,-0.16,1099173.29,2010760.894
000338.SZ,20211222,370.83,378.93,360.52,369.22,370.63,-1.4099999999999682,-0.38,1634815.96,2984818.477
000338.SZ,20211223,365.98,380.14,364.76,375.08,369.22,5.859999999999957,1.59,1846776.69,3427621.733
000338.SZ,20211224,375.08,382.37,368.2,369.42,375.08,-5.659999999999968,-1.51,1468005.81,2718688.635
000338.SZ,20211227,371.44,386.21,371.44,385.2,369.42,15.779999999999973,4.27,2266074.96,4280213.736
000338.SZ,20211228,384.19,384.19,371.85,374.68,385.2,-10.519999999999982,-2.73,1668083.46,3096842.433
000338.SZ,20211229,371.85,377.51,366.99,374.88,374.68,0.19999999999998863,0.05,1081655.99,1994662.268
000338.SZ,20211230,371.64,375.49,368.2,369.62,374.88,-5.259999999999991,-1.4,1128041.14,2068169.71
000338.SZ,20211231,367.8,371.24,359.5,361.93,369.62,-7.689999999999998,-2.08,1362045.88,2452083.039
000338.SZ,20220104,362.74,364.16,354.45,357.89,361.93,-4.0400000000000205,-1.12,1214435.55,2147727.735
000338.SZ,20220105,357.89,362.74,354.04,361.33,357.89,3.4399999999999977,0.96,1123589.52,1994235.462
000338.SZ,20220106,356.27,367.39,354.45,362.54,361.33,1.2100000000000364,0.33,1043824.06,1868875.541
000338.SZ,20220107,362.54,369.22,357.28,359.3,362.54,-3.240000000000009,-0.89,1136753.91,2049182.032
000338.SZ,20220110,365.37,373.26,363.15,365.37,359.3,6.069999999999993,1.69,956270.95,1735152.718
000338.SZ,20220111,363.15,365.17,355.26,355.66,365.37,-9.70999999999998,-2.66,812187.22,1444639.854
000338.SZ,20220112,355.66,359.1,350.2,354.04,355.66,-1.6200000000000045,-0.46,882165.06,1542044.302
000338.SZ,20220113,353.84,354.65,341.9,342.11,354.04,-11.930000000000007,-3.37,1070866.53,1831800.19
000338.SZ,20220114,340.29,344.74,337.86,342.31,342.11,0.19999999999998863,0.06,611531.52,1034001.584
000338.SZ,20220117,341.5,344.74,337.86,343.32,342.31,1.009999999999991,0.3,504866.4,854692.151
000338.SZ,20220118,343.93,350.0,341.3,347.57,343.32,4.25,1.24,622455.25,1064734.822
000338.SZ,20220119,345.95,352.02,344.53,345.75,347.57,-1.8199999999999932,-0.52,610095.76,1049194.626
000338.SZ,20220120,343.93,345.34,333.41,339.68,345.75,-6.069999999999993,-1.76,812948.59,1361763.761
000338.SZ,20220121,336.85,337.66,326.12,329.36,339.68,-10.319999999999993,-3.04,754156.49,1234360.133
000338.SZ,20220124,327.74,332.6,325.11,330.37,329.36,1.009999999999991,0.31,371716.24,606019.387
000338.SZ,20220125,327.74,329.97,316.82,316.82,330.37,-13.550000000000011,-4.1,660959.63,1051992.561
000338.SZ,20220126,320.66,327.74,319.45,324.3,316.82,7.480000000000018,2.36,559120.92,895739.48
000338.SZ,20220127,323.29,324.91,315.2,315.6,324.3,-8.699999999999989,-2.68,542124.41,854491.684
000338.SZ,20220128,317.63,319.25,310.75,313.58,315.6,-2.0200000000000387,-0.64,493766.85,769499.427
000338.SZ,20220207,318.64,321.27,316.82,319.45,313.58,5.8700000000000045,1.87,472980.59,746438.604
000338.SZ,20220208,319.65,324.71,317.42,324.1,319.45,4.650000000000034,1.46,554813.31,881376.913
000338.SZ,20220209,324.3,326.53,322.28,325.11,324.1,1.009999999999991,0.31,525977.71,843577.333
000338.SZ,20220210,325.11,327.14,322.89,325.31,325.11,0.19999999999998863,0.06,457520.78,734652.604
000338.SZ,20220211,325.11,325.11,317.63,318.44,325.31,-6.8700000000000045,-2.11,581949.86,923162.35
000338.SZ,20220214,314.39,314.79,306.7,308.52,318.44,-9.920000000000016,-3.12,756980.48,1162590.212
000338.SZ,20220215,309.13,312.16,306.7,310.75,308.52,2.230000000000018,0.72,466119.24,713208.763
000338.SZ,20220216,312.37,316.82,311.56,314.79,310.75,4.0400000000000205,1.3,518826.92,807440.814
000338.SZ,20220217,313.58,315.6,311.56,314.19,314.79,-0.6000000000000227,-0.19,380438.7,590336.773
000338.SZ,20220218,311.56,316.41,309.74,316.41,314.19,2.2200000000000273,0.71,381238.81,590931.737
000338.SZ,20220221,315.6,315.6,311.76,315.2,316.41,-1.2100000000000364,-0.38,355385.39,550965.952
000338.SZ,20220222,312.16,312.97,307.51,309.13,315.2,-6.069999999999993,-1.93,497134.43,760726.623
000338.SZ,20220223,311.56,316.82,311.36,316.62,309.13,7.490000000000009,2.42,587869.43,913301.069
000338.SZ,20220224,313.58,322.28,305.89,309.94,316.62,-6.680000000000007,-2.11,931763.46,1445021.385
000338.SZ,20220225,311.96,315.6,310.14,311.36,309.94,1.420000000000016,0.46,465942.56,720102.778
000338.SZ,20220228,309.53,309.53,303.67,306.7,311.36,-4.660000000000025,-1.5,599887.23,905730.326
000338.SZ,20220301,307.71,312.16,307.71,311.36,306.7,4.660000000000025,1.52,459402.15,704312.26
000338.SZ,20220302,308.52,308.73,305.49,306.9,311.36,-4.460000000000036,-1.43,497688.36,754699.952
000338.SZ,20220303,306.9,312.77,300.83,311.36,306.9,4.460000000000036,1.45,1234938.59,1869081.579
000338.SZ,20220304,306.9,308.32,304.27,304.88,311.36,-6.480000000000018,-2.08,515877.76,779637.802
000338.SZ,20220307,302.45,302.45,293.35,294.16,304.88,-10.71999999999997,-3.52,666646.67,979602.128
000338.SZ,20220308,294.16,295.37,277.57,280.4,294.16,-13.760000000000048,-4.68,793845.32,1118502.585
000338.SZ,20220309,281.62,284.25,259.97,272.31,280.4,-8.089999999999975,-2.89,792382.42,1066504.492
000338.SZ,20220310,278.38,281.01,276.56,277.77,272.31,5.4599999999999795,2.01,541969.82,746949.774
000338.SZ,20220311,273.73,280.6,270.69,279.79,277.77,2.0200000000000387,0.73,473936.48,646822.524
000338.SZ,20220314,276.76,282.63,272.31,272.31,279.79,-7.480000000000018,-2.67,399329.41,547880.583
000338.SZ,20220315,271.9,271.9,254.71,255.72,272.31,-16.590000000000003,-6.09,815708.46,1061425.469
000338.SZ,20220316,260.58,264.82,249.04,263.41,255.72,7.690000000000026,3.01,697713.08,889809.928
000338.SZ,20220317,271.1,275.75,266.64,271.3,263.41,7.889999999999986,3.0,781864.87,1047939.253
000338.SZ,20220318,269.07,274.13,268.06,273.12,271.3,1.8199999999999932,0.67,526569.27,707601.493
000338.SZ,20220321,274.74,278.18,270.49,273.73,273.12,0.6100000000000136,0.22,490871.1,666289.177
000338.SZ,20220322,272.51,280.81,271.1,278.18,273.73,4.449999999999989,1.63,592783.08,814858.516
000338.SZ,20220323,289.3,294.77,284.65,286.47,278.18,8.29000000000002,2.98,1071886.87,1530231.191
000338.SZ,20220324,285.26,294.16,282.02,283.44,286.47,-3.0300000000000296,-1.06,786802.98,1120174.958
000338.SZ,20220325,281.62,282.63,274.74,274.94,283.44,-8.5,-3.0,648903.93,892887.413
000338.SZ,20220328,272.51,275.75,267.45,273.32,274.94,-1.6200000000000045,-0.59,400044.79,537263.103
000338.SZ,20220329,274.13,275.14,269.48,269.68,273.32,-3.6399999999999864,-1.33,297556.96,399236.472
000338.SZ,20220330,272.92,276.76,271.5,276.76,269.68,7.079999999999984,2.63,398176.41,540765.26
000338.SZ,20220331,273.32,273.93,269.88,270.08,276.76,-6.680000000000007,-2.41,457223.23,613544.136
000338.SZ,20220401,266.64,272.51,264.82,272.11,270.08,2.0300000000000296,0.75,373313.74,497879.932
000338.SZ,20220406,272.11,273.52,267.86,270.89,272.11,-1.2200000000000273,-0.45,446498.92,596232.877
000338.SZ,20220407,269.48,271.7,262.19,262.4,270.89,-8.490000000000009,-3.13,576385.54,758560.412
000338.SZ,20220408,264.62,271.5,257.95,268.87,262.4,6.470000000000027,2.47,713929.65,935694.88
000338.SZ,20220411,267.05,268.87,253.7,254.91,268.87,-13.960000000000008,-5.19,709691.32,909230.255
000338.SZ,20220412,254.71,259.16,249.45,258.55,254.91,3.640000000000015,1.43,527848.8,664015.297
000338.SZ,20220413,256.33,258.96,252.08,254.71,258.55,-3.8400000000000034,-1.49,323108.8,408344.908
000338.SZ,20220414,256.53,259.77,254.71,257.34,254.71,2.629999999999967,1.03,374002.15,476158.993
000338.SZ,20220415,254.91,258.75,253.7,255.92,257.34,-1.4199999999999875,-0.55,325187.92,411059.893
000338.SZ,20220418,254.51,254.51,248.23,249.25,255.92,-6.6699999999999875,-2.61,546799.26,676426.028
000338.SZ,20220419,249.85,260.37,249.25,251.27,249.25,2.0200000000000102,0.81,649141.28,813828.575
000338.SZ,20220420,252.48,252.69,247.22,248.84,251.27,-2.430000000000007,-0.97,463822.33,572277.825
000338.SZ,20220421,247.63,247.63,238.12,238.93,248.84,-9.909999999999997,-3.98,603265.75,721581.265
000338.SZ,20220422,236.7,240.75,230.43,237.92,238.93,-1.0100000000000193,-0.42,497510.32,579537.489
000338.SZ,20220425,232.45,232.45,216.67,217.28,237.92,-20.639999999999986,-8.68,798397.65,890200.168
000338.SZ,20220426,217.89,223.55,214.04,214.65,217.28,-2.6299999999999955,-1.21,734484.7,795333.301
000338.SZ,20220427,212.43,220.11,209.19,219.91,214.65,5.259999999999991,2.45,715047.53,760883.346
000338.SZ,20220428,217.69,223.75,216.07,219.51,219.91,-0.4000000000000057,-0.18,613308.1,666038.709
000338.SZ,20220429,222.54,228.21,219.91,226.38,219.51,6.8700000000000045,3.13,719071.46,797338.971
000338.SZ,20220505,222.74,226.99,220.72,224.16,226.38,-2.219999999999999,-0.98,633420.81,700534.91
000338.SZ,20220506,218.49,219.1,215.86,216.88,224.16,-7.280000000000001,-3.25,482145.4,518127.28
000338.SZ,20220509,216.67,219.3,214.25,215.06,216.88,-1.8199999999999932,-0.84,315936.42,337743.531
000338.SZ,20220510,211.21,216.88,206.56,216.07,215.06,1.009999999999991,0.47,543229.94,570343.231
000338.SZ,20220511,215.66,223.75,215.06,218.49,216.07,2.420000000000016,1.12,643241.1,698769.032
000338.SZ,20220512,216.67,218.29,213.84,216.47,218.49,-2.0200000000000102,-0.92,408371.6,436350.512
000338.SZ,20220513,217.08,222.54,216.27,220.72,216.47,4.25,1.96,599549.54,650617.451
000338.SZ,20220516,221.93,223.35,217.89,218.7,220.72,-2.0200000000000102,-0.92,393389.72,427242.469
000338.SZ,20220517,218.7,232.66,216.47,228.61,218.7,9.910000000000025,4.53,1197682.21,1338923.479
000338.SZ,20220518,226.59,234.48,225.78,231.44,228.61,2.829999999999984,1.24,989595.68,1130502.083
000338.SZ,20220519,227.19,232.25,226.38,231.85,231.44,0.4099999999999966,0.18,624863.42,708915.863
000338.SZ,20220520,240.55,241.96,233.06,237.51,231.85,5.659999999999997,2.44,859830.3,1007839.566
000338.SZ,20220523,237.11,239.33,233.67,236.7,237.51,-0.8100000000000023,-0.34,560664.17,654547.324
000338.SZ,20220524,237.31,244.39,233.67,234.07,236.7,-2.6299999999999955,-1.11,1089643.45,1288806.093
000338.SZ,20220525,233.87,236.7,232.25,236.3,234.07,2.230000000000018,0.95,477057.67,552767.623
000338.SZ,20220526,236.3,241.96,232.86,238.73,236.3,2.4299999999999784,1.03,596507.82,701491.709
000338.SZ,20220527,239.33,241.96,235.49,237.11,238.73,-1.6199999999999761,-0.68,504597.58,595278.577
000338.SZ,20220530,238.52,241.36,236.3,239.33,237.11,2.219999999999999,0.94,494098.54,584197.371
000338.SZ,20220531,240.34,246.21,238.32,245.0,239.33,5.6699999999999875,2.37,833015.2,1003682.909
000338.SZ,20220601,244.39,247.43,241.76,243.58,245.0,-1.4199999999999875,-0.58,543289.77,655365.526
000338.SZ,20220602,242.97,247.83,241.76,247.02,243.58,3.4399999999999977,1.41,546711.89,663574.855
000338.SZ,20220606,247.02,248.23,244.8,247.43,247.02,0.4099999999999966,0.17,537651.0,655280.155
000338.SZ,20220607,247.43,247.63,240.95,242.97,247.43,-4.460000000000008,-1.8,666006.94,800516.484
000338.SZ,20220608,242.77,244.59,237.92,244.19,242.97,1.2199999999999989,0.5,586835.47,701962.919
000338.SZ,20220609,246.21,246.82,239.13,239.94,244.19,-4.25,-1.74,523688.33,628285.427
000338.SZ,20220610,238.32,246.62,237.92,245.81,239.94,5.8700000000000045,2.45,599227.3,722243.064
000338.SZ,20220613,244.59,263.0,243.78,255.92,245.81,10.109999999999985,4.11,1486571.97,1893838.424
000338.SZ,20220614,253.49,259.97,248.23,259.77,255.92,3.8499999999999943,1.5,916207.36,1150444.529
000338.SZ,20220615,259.97,264.22,256.93,257.95,259.77,-1.8199999999999932,-0.7,1010879.73,1301022.803
000338.SZ,20220616,258.55,261.18,252.28,253.49,257.95,-4.4599999999999795,-1.73,671198.7,847896.142
000338.SZ,20220617,251.07,257.14,250.26,255.72,253.49,2.2299999999999898,0.88,465269.85,585869.159
000338.SZ,20220620,256.93,258.35,253.9,254.51,255.72,-1.210000000000008,-0.47,472138.39,596205.695
000338.SZ,20220621,254.91,255.32,249.45,253.29,254.51,-1.2199999999999989,-0.48,483285.49,603668.058
000338.SZ,20220622,253.29,254.91,244.8,245.81,253.29,-7.47999999999999,-2.95,631390.16,779267.669
000338.SZ,20220623,245.6,256.53,245.6,255.11,245.81,9.300000000000011,3.78,848779.76,1059816.241
000338.SZ,20220624,254.91,255.92,251.88,254.71,255.11,-0.4000000000000057,-0.16,545234.62,683941.796
000338.SZ,20220627,255.92,258.35,253.7,256.12,254.71,1.4099999999999966,0.55,642636.15,811971.721
000338.SZ,20220628,256.12,262.8,254.91,261.18,256.12,5.060000000000002,1.98,801984.31,1029804.88
000338.SZ,20220629,260.78,260.98,252.48,253.09,261.18,-8.090000000000003,-3.1,684235.09,867451.075
000338.SZ,20220630,252.89,254.51,250.86,252.28,253.09,-0.8100000000000023,-0.32,496960.12,620374.044
000338.SZ,20220701,252.69,262.6,250.86,260.17,252.28,7.890000000000015,3.13,912073.16,1165602.978
000338.SZ,20220704,257.14,258.55,255.32,256.73,260.17,-3.4399999999999977,-1.32,555011.47,703702.903
000338.SZ,20220705,257.95,258.35,248.03,251.47,256.73,-5.260000000000019,-2.05,716285.76,892156.988
000338.SZ,20220706,251.27,251.27,243.58,245.6,251.47,-5.8700000000000045,-2.33,513593.5,626017.837
000338.SZ,20220707,246.41,258.96,244.8,255.11,245.6,9.51000000000002,3.87,816242.35,1021561.163
000338.SZ,20220708,255.32,268.67,255.32,261.38,255.11,6.269999999999982,2.46,1461875.71,1905903.506
000338.SZ,20220711,262.19,262.19,249.85,251.88,261.38,-9.5,-3.63,835154.39,1045403.547
000338.SZ,20220712,251.67,252.89,247.02,247.02,251.88,-4.859999999999985,-1.93,419103.79,516362.024
000338.SZ,20220713,247.22,249.04,245.4,247.63,247.02,0.6099999999999852,0.25,383963.28,469617.381
000338.SZ,20220714,247.83,252.89,244.8,250.06,247.63,2.430000000000007,0.98,525559.17,647591.266
000338.SZ,20220715,243.99,245.4,239.94,239.94,250.06,-10.120000000000005,-4.05,808755.63,969879.744
000338.SZ,20220718,239.13,247.02,238.93,246.62,239.94,6.680000000000007,2.78,429273.73,517527.892
000338.SZ,20220719,246.62,254.51,246.01,249.25,246.62,2.6299999999999955,1.07,475148.22,587949.183
000338.SZ,20220720,250.66,252.08,247.22,248.64,249.25,-0.6100000000000136,-0.24,295049.74,362255.004
000338.SZ,20220721,248.03,249.85,245.81,246.82,248.64,-1.8199999999999932,-0.73,323393.3,396126.239
000338.SZ,20220722,248.23,251.27,243.78,246.21,246.82,-0.6099999999999852,-0.25,348919.97,426286.28
000338.SZ,20220725,246.21,246.21,241.76,242.77,246.21,-3.4399999999999977,-1.4,374840.46,450926.326
000338.SZ,20220726,242.77,243.99,240.14,243.38,242.77,0.6099999999999852,0.25,265775.3,318154.928
000338.SZ,20220727,243.58,244.39,241.76,242.17,243.38,-1.210000000000008,-0.5,241411.63,289831.026
000338.SZ,20220728,243.38,247.02,243.18,244.8,242.17,2.630000000000024,1.09,329394.31,399257.372
000338.SZ,20220729,245.81,248.03,241.96,242.17,244.8,-2.630000000000024,-1.07,339126.32,409168.483
000338.SZ,20220801,240.95,247.43,238.73,245.4,242.17,3.230000000000018,1.33,436272.41,523694.16
000338.SZ,20220802,242.77,242.77,231.85,234.07,245.4,-11.330000000000013,-4.62,608111.99,709101.944
000338.SZ,20220803,233.06,240.95,232.25,232.86,234.07,-1.2099999999999795,-0.52,464568.43,544472.918
000338.SZ,20220804,234.88,236.5,231.64,234.48,232.86,1.6199999999999761,0.7,296809.59,343094.631
000338.SZ,20220805,234.48,239.94,234.27,238.93,234.48,4.450000000000017,1.9,366360.85,430125.141
000338.SZ,20220808,238.73,241.15,237.31,240.55,238.93,1.6200000000000045,0.68,236471.95,280499.268
000338.SZ,20220809,240.75,244.59,240.55,240.75,240.55,0.19999999999998863,0.08,280888.56,336249.726
000338.SZ,20220810,239.54,241.56,237.31,238.12,240.75,-2.6299999999999955,-1.09,282868.8,334095.991
000338.SZ,20220811,239.74,243.18,238.12,242.77,238.12,4.650000000000006,1.95,379638.89,452478.904
000338.SZ,20220812,242.37,243.78,241.56,241.96,242.77,-0.8100000000000023,-0.33,220170.36,263814.001
000338.SZ,20220815,241.96,243.58,240.14,241.76,241.96,-0.20000000000001705,-0.08,269438.88,321950.173
000338.SZ,20220816,240.75,242.17,239.54,240.14,241.76,-1.6200000000000045,-0.67,276166.55,328559.36
000338.SZ,20220817,239.54,242.57,236.91,242.57,240.14,2.430000000000007,1.01,391716.03,465000.141
000338.SZ,20220818,241.56,241.76,237.31,238.12,242.57,-4.449999999999989,-1.83,328841.32,388209.647
000338.SZ,20220819,238.52,238.52,235.29,235.49,238.12,-2.6299999999999955,-1.1,289185.84,338255.764
000338.SZ,20220822,235.29,237.11,232.66,236.7,235.49,1.2099999999999795,0.51,269071.88,312704.972
000338.SZ,20220823,235.29,235.89,234.27,234.48,236.7,-2.219999999999999,-0.94,229540.85,266410.628
000338.SZ,20220824,234.48,235.49,228.61,229.42,234.48,-5.060000000000002,-2.16,406220.65,463997.673
000338.SZ,20220825,229.42,231.44,226.59,230.23,229.42,0.8100000000000023,0.35,235154.29,266405.438
000338.SZ,20220826,231.87,239.48,231.26,234.75,230.23,4.52000000000001,1.96,441903.52,505918.347
000338.SZ,20220829,232.7,240.71,232.08,238.86,234.75,4.110000000000014,1.75,460741.25,532970.603
000338.SZ,20220830,236.81,238.45,235.37,235.78,238.86,-3.0800000000000125,-1.29,253006.05,290710.524
000338.SZ,20220831,235.16,241.53,231.26,239.07,235.78,3.289999999999992,1.4,461456.45,531350.781
000338.SZ,20220901,239.07,240.51,236.19,236.4,239.07,-2.6699999999999875,-1.12,263764.34,305950.294
000338.SZ,20220902,237.01,239.07,234.13,235.78,236.4,-0.6200000000000045,-0.26,215957.2,247661.934
000338.SZ,20220905,235.57,237.83,234.13,236.6,235.78,0.8199999999999932,0.35,204304.6,234728.506
000338.SZ,20220906,238.04,239.27,237.22,238.45,236.6,1.8499999999999943,0.78,226770.03,262600.392
000338.SZ,20220907,238.45,238.45,235.78,236.19,238.45,-2.259999999999991,-0.95,210148.11,242171.319
000338.SZ,20220908,236.19,240.92,235.78,236.6,236.19,0.4099999999999966,0.17,292241.83,338448.156
000338.SZ,20220909,237.83,238.04,234.75,237.63,236.6,1.0300000000000011,0.44,245444.28,282576.161
000338.SZ,20220913,237.63,239.48,237.22,238.04,237.63,0.4099999999999966,0.17,206639.15,239554.127
000338.SZ,20220914,235.37,235.57,232.28,232.28,238.04,-5.759999999999991,-2.42,305757.21,347543.271
000338.SZ,20220915,234.13,234.13,227.76,230.02,232.28,-2.259999999999991,-0.97,360241.68,403248.451
000338.SZ,20220916,227.14,229.2,220.57,220.57,230.02,-9.450000000000017,-4.11,404643.49,441768.277
000338.SZ,20220919,220.57,222.21,216.04,217.89,220.57,-2.680000000000007,-1.22,216549.84,231057.974
000338.SZ,20220920,219.74,220.36,217.69,218.1,217.89,0.21000000000000796,0.1,132784.52,141460.302
000338.SZ,20220921,217.48,220.98,213.99,219.33,218.1,1.2300000000000182,0.56,197586.34,209465.404
000338.SZ,20220922,218.1,219.13,215.63,215.84,219.33,-3.490000000000009,-1.59,181451.66,191658.658
000338.SZ,20220923,216.04,217.07,210.7,212.55,215.84,-3.289999999999992,-1.52,230809.82,239670.552
000338.SZ,20220926,210.7,212.34,207.0,207.41,212.55,-5.140000000000015,-2.42,243141.48,248358.113
000338.SZ,20220927,206.79,209.67,205.15,209.26,207.41,1.8499999999999943,0.89,283482.14,285848.166
000338.SZ,20220928,208.64,208.64,200.63,200.63,209.26,-8.629999999999995,-4.12,472162.6,469389.283
000338.SZ,20220929,202.27,203.3,197.13,197.34,200.63,-3.289999999999992,-1.64,430318.47,417180.378
000338.SZ,20220930,197.13,200.01,196.93,197.75,197.34,0.4099999999999966,0.21,281457.79,272061.16
000338.SZ,20221010,197.34,198.78,190.35,191.17,197.75,-6.5800000000000125,-3.33,336393.79,318446.101
000338.SZ,20221011,191.17,193.23,190.76,191.17,191.17,0.0,0.0,240662.01,224454.655
000338.SZ,20221012,191.38,195.9,187.06,195.9,191.17,4.730000000000018,2.47,431890.77,401717.797
000338.SZ,20221013,195.08,195.08,191.79,192.2,195.9,-3.700000000000017,-1.89,471587.09,442639.38
000338.SZ,20221014,193.64,199.6,193.43,198.16,192.2,5.960000000000008,3.1,542126.78,519778.298
000338.SZ,20221017,197.34,201.86,196.72,201.04,198.16,2.8799999999999955,1.45,326445.08,316942.853
000338.SZ,20221018,201.66,203.3,200.22,200.63,201.04,-0.4099999999999966,-0.2,316357.28,310132.106
000338.SZ,20221019,200.83,203.51,199.39,199.39,200.63,-1.240000000000009,-0.62,285258.56,279243.728
000338.SZ,20221020,198.57,200.83,196.31,198.16,199.39,-1.2299999999999898,-0.62,305622.83,294821.302
000338.SZ,20221021,199.2,200.03,196.5,197.33,198.16,-0.8299999999999841,-0.42,220552.49,210799.857
000338.SZ,20221024,197.75,199.61,190.9,191.52,197.33,-5.810000000000002,-2.94,372989.47,349784.133
000338.SZ,20221025,191.52,195.88,189.24,194.63,191.52,3.109999999999985,1.62,322081.48,299549.222
000338.SZ,20221026,194.84,197.95,194.63,196.09,194.63,1.460000000000008,0.75,302154.76,285728.803
000338.SZ,20221027,197.12,201.27,196.09,198.99,196.09,2.9000000000000057,1.48,380053.39,365054.467
000338.SZ,20221028,199.2,199.2,190.48,190.9,198.99,-8.090000000000003,-4.07,402334.25,375321.017
000338.SZ,20221031,189.03,192.77,186.96,188.41,190.9,-2.490000000000009,-1.3,354197.76,322736.656
000338.SZ,20221101,189.03,201.07,188.82,200.86,188.41,12.450000000000017,6.61,616794.38,583089.194
000338.SZ,20221102,200.65,204.39,199.82,202.31,200.86,1.4499999999999886,0.72,431235.78,419723.908
000338.SZ,20221103,200.86,205.22,199.82,203.14,202.31,0.8299999999999841,0.41,356587.05,348420.516
000338.SZ,20221104,204.59,212.27,203.76,208.74,203.14,5.600000000000023,2.76,631859.13,636303.659
000338.SZ,20221107,208.12,209.37,206.25,207.71,208.74,-1.0300000000000011,-0.49,319346.93,319964.978
000338.SZ,20221108,208.54,208.54,204.18,206.46,207.71,-1.25,-0.6,261265.23,259263.602
000338.SZ,20221109,206.67,207.91,205.84,206.25,206.46,-0.21000000000000796,-0.1,186449.19,185790.412
000338.SZ,20221110,204.39,206.67,203.35,205.84,206.25,-0.4099999999999966,-0.2,182483.18,180344.803
000338.SZ,20221111,210.61,212.89,207.71,211.86,205.84,6.02000000000001,2.92,557583.19,566130.35
000338.SZ,20221114,212.06,219.95,212.06,217.46,211.86,5.599999999999994,2.64,641814.85,671549.517
000338.SZ,20221115,217.46,219.12,215.38,217.87,217.46,0.4099999999999966,0.19,328628.76,344280.739
000338.SZ,20221116,218.5,219.12,215.38,216.21,217.87,-1.6599999999999966,-0.76,235589.39,246467.797
000338.SZ,20221117,215.18,217.25,212.69,214.97,216.21,-1.240000000000009,-0.57,295225.63,305152.234
000338.SZ,20221118,215.18,217.87,213.93,214.55,214.97,-0.4199999999999875,-0.2,219110.54,227670.885
000338.SZ,20221121,213.72,214.97,210.61,213.93,214.55,-0.6200000000000045,-0.29,224184.96,229913.037
000338.SZ,20221122,216.63,218.5,213.52,215.59,213.93,1.6599999999999966,0.78,341672.79,355725.26
000338.SZ,20221123,215.8,217.87,214.76,214.97,215.59,-0.6200000000000045,-0.29,264053.06,274939.309
000338.SZ,20221124,216.84,218.08,214.97,215.59,214.97,0.6200000000000045,0.29,174538.31,181758.491
000338.SZ,20221125,214.55,220.99,214.14,219.95,215.59,4.359999999999985,2.02,457887.13,483228.277
000338.SZ,20221128,216.63,217.67,213.1,215.18,219.95,-4.769999999999982,-2.17,323395.54,334775.083
000338.SZ,20221129,215.38,220.16,215.38,220.16,215.18,4.97999999999999,2.31,385170.28,405854.294
000338.SZ,20221130,220.16,224.51,219.33,222.65,220.16,2.490000000000009,1.13,459686.52,492980.993
000338.SZ,20221201,225.55,229.49,223.27,223.68,222.65,1.0300000000000011,0.46,487603.18,530773.711
000338.SZ,20221202,222.44,224.72,218.08,219.12,223.68,-4.560000000000002,-2.04,452889.26,480529.052
000338.SZ,20221205,219.95,226.8,219.95,225.55,219.12,6.430000000000007,2.93,435951.48,470490.301
000338.SZ,20221206,226.38,228.87,225.14,227.21,225.55,1.6599999999999966,0.74,369803.1,405178.359
000338.SZ,20221207,226.17,227.63,222.85,224.51,227.21,-2.700000000000017,-1.19,297402.29,322755.513
000338.SZ,20221208,224.72,226.59,223.27,224.93,224.51,0.4200000000000159,0.19,223804.2,242996.939
000338.SZ,20221209,224.93,226.8,223.48,226.38,224.93,1.4499999999999886,0.64,262546.5,285208.31
000338.SZ,20221212,226.38,226.38,222.65,223.27,226.38,-3.109999999999985,-1.37,302627.46,326578.666
000338.SZ,20221213,223.89,225.97,223.48,224.93,223.27,1.6599999999999966,0.74,231046.83,250276.708
000338.SZ,20221214,224.72,230.74,224.1,226.8,224.93,1.8700000000000045,0.83,332735.26,365409.311
000338.SZ,20221215,226.17,227.42,223.06,224.51,226.8,-2.2900000000000205,-1.01,261366.74,283009.033
000338.SZ,20221216,222.23,226.17,222.23,224.51,224.51,0.0,0.0,202488.29,218624.014
000338.SZ,20221219,225.34,227.21,219.12,219.95,224.51,-4.560000000000002,-2.03,301803.1,323185.009
000338.SZ,20221220,219.95,220.78,217.04,218.29,219.95,-1.6599999999999966,-0.75,226241.94,238214.422
000338.SZ,20221221,218.08,219.12,215.8,216.84,218.29,-1.4499999999999886,-0.66,178375.27,186825.892
000338.SZ,20221222,218.29,220.57,216.42,217.25,216.84,0.4099999999999966,0.19,190690.39,200847.729
000338.SZ,20221223,215.8,217.25,212.89,213.93,217.25,-3.319999999999993,-1.53,185354.06,191965.606
000338.SZ,20221226,214.35,215.8,212.48,213.52,213.93,-0.4099999999999966,-0.19,160518.64,165587.927
000338.SZ,20221227,213.52,216.01,212.69,215.18,213.52,1.6599999999999966,0.78,170219.11,176192.358
000338.SZ,20221228,215.18,215.18,210.4,210.61,215.18,-4.569999999999993,-2.12,256267.22,261461.044
000338.SZ,20221229,209.78,211.23,208.12,210.2,210.61,-0.410000000000025,-0.19,188346.34,190451.746
000338.SZ,20221230,211.65,213.93,210.4,211.23,210.2,1.0300000000000011,0.49,176516.97,180548.245
000338.SZ,20230103,211.23,213.31,208.74,213.1,211.23,1.8700000000000045,0.89,270792.2,275388.859
000338.SZ,20230104,213.31,216.63,212.69,215.59,213.1,2.490000000000009,1.17,251435.6,259982.027
000338.SZ,20230105,216.42,222.44,216.01,222.02,215.59,6.430000000000007,2.98,505577.34,536804.389
000338.SZ,20230106,221.61,223.06,219.53,220.99,222.02,-1.0300000000000011,-0.46,228530.94,243298.079
000338.SZ,20230109,223.48,226.17,222.23,225.55,220.99,4.560000000000002,2.06,335809.63,364382.107
000338.SZ,20230110,225.14,225.55,222.02,222.65,225.55,-2.9000000000000057,-1.29,263889.83,284127.742
000338.SZ,20230111,222.65,224.31,220.99,221.61,222.65,-1.039999999999992,-0.47,177531.0,190461.043
000338.SZ,20230112,222.02,224.1,221.4,223.06,221.61,1.4499999999999886,0.65,183899.17,197514.305
000338.SZ,20230113,223.48,226.8,222.85,226.8,223.06,3.740000000000009,1.68,320798.24,348471.158
000338.SZ,20230116,227.83,230.74,226.17,227.63,226.8,0.8299999999999841,0.37,369004.36,406851.509
000338.SZ,20230117,227.83,228.87,225.76,227.0,227.63,-0.6299999999999955,-0.28,214994.47,235210.45
000338.SZ,20230118,227.63,229.7,226.17,227.21,227.0,0.21000000000000796,0.09,192193.05,210905.899
000338.SZ,20230119,227.42,229.49,225.34,229.29,227.21,2.079999999999984,0.92,256756.03,281735.978
000338.SZ,20230120,229.7,230.32,228.25,229.7,229.29,0.4099999999999966,0.18,222858.35,246273.344
000338.SZ,20230130,233.44,235.1,231.15,233.23,229.7,3.530000000000001,1.54,472016.14,530325.552
000338.SZ,20230131,233.23,235.51,231.98,232.61,233.23,-0.6199999999999761,-0.27,334279.48,375868.84
000338.SZ,20230201,233.44,238.62,233.23,238.62,232.61,6.009999999999991,2.58,434181.71,493852.095
000338.SZ,20230202,240.08,241.74,237.17,237.59,238.62,-1.0300000000000011,-0.43,408626.8,471775.453
000338.SZ,20230203,236.55,242.15,232.61,240.28,237.59,2.6899999999999977,1.13,578333.69,661951.146
000338.SZ,20230206,241.11,248.38,236.96,242.36,240.28,2.0800000000000125,0.87,879509.33,1034913.144
000338.SZ,20230207,242.36,246.72,242.36,245.47,242.36,3.109999999999985,1.28,412901.83,487008.879
000338.SZ,20230208,246.3,250.04,243.4,247.34,245.47,1.8700000000000045,0.76,503465.88,599616.609
000338.SZ,20230209,246.92,247.13,242.77,244.02,247.34,-3.319999999999993,-1.34,607682.74,715547.907
000338.SZ,20230210,242.77,245.06,241.53,243.81,244.02,-0.21000000000000796,-0.09,274711.16,322655.554
000338.SZ,20230213,244.43,261.86,244.02,256.68,243.81,12.870000000000005,5.28,1478415.16,1822089.531
000338.SZ,20230214,257.09,259.79,254.81,257.51,256.68,0.8299999999999841,0.32,512968.04,635140.803
000338.SZ,20230215,257.51,262.48,257.3,258.13,257.51,0.6200000000000045,0.24,499894.5,626584.413
000338.SZ,20230216,258.13,258.75,249.21,251.49,258.13,-6.639999999999986,-2.57,474524.63,581420.245
000338.SZ,20230217,252.32,258.54,252.11,253.98,251.49,2.4899999999999807,0.99,500032.4,615538.758
000338.SZ,20230220,263.52,272.03,259.99,267.88,253.98,13.900000000000006,5.47,1782487.54,2299563.575
000338.SZ,20230221,267.67,273.48,266.22,269.33,267.88,1.4499999999999886,0.54,762240.36,992269.827
000338.SZ,20230222,267.26,268.09,263.11,266.22,269.33,-3.109999999999957,-1.15,565015.02,723656.652
000338.SZ,20230223,266.01,268.09,263.31,263.31,266.22,-2.910000000000025,-1.09,434201.7,555229.813
000338.SZ,20230224,263.52,264.56,258.96,259.99,263.31,-3.319999999999993,-1.26,407662.5,511992.429
000338.SZ,20230227,259.17,259.79,255.43,256.47,259.99,-3.519999999999982,-1.35,406269.72,503781.145
000338.SZ,20230228,256.88,258.54,254.6,258.13,256.47,1.6599999999999682,0.65,289522.19,357933.738
000338.SZ,20230301,258.54,260.82,255.85,258.75,258.13,0.6200000000000045,0.24,396356.24,494143.48
000338.SZ,20230302,258.34,265.6,258.13,261.03,258.75,2.2799999999999727,0.88,448604.5,568183.203
000338.SZ,20230303,261.24,262.48,257.3,259.37,261.03,-1.6599999999999682,-0.64,290778.83,363345.746
000338.SZ,20230306,260.2,260.2,249.62,252.73,259.37,-6.640000000000015,-2.56,692417.32,843709.939
000338.SZ,20230307,251.9,255.85,249.62,249.83,252.73,-2.8999999999999773,-1.15,470321.96,572197.165
000338.SZ,20230308,249.21,249.62,246.3,248.38,249.83,-1.450000000000017,-0.58,372645.1,445028.788
000338.SZ,20230309,249.41,250.87,245.47,246.92,248.38,-1.460000000000008,-0.59,270678.32,323278.266
000338.SZ,20230310,245.47,245.47,239.87,240.7,246.92,-6.219999999999999,-2.52,504585.84,587917.819
000338.SZ,20230313,240.28,243.19,238.62,241.53,240.7,0.8300000000000125,0.34,293239.37,339955.239
000338.SZ,20230314,241.32,244.64,239.04,241.94,241.53,0.4099999999999966,0.17,391892.99,456967.527
000338.SZ,20230315,243.6,248.38,242.77,245.89,241.94,3.9499999999999886,1.63,350940.74,415464.529
000338.SZ,20230316,244.23,245.47,240.28,241.53,245.89,-4.359999999999985,-1.77,275600.54,322343.09
000338.SZ,20230317,245.89,246.72,240.28,241.94,241.53,0.4099999999999966,0.17,358415.43,420977.781
000338.SZ,20230320,241.94,245.47,239.66,239.87,241.94,-2.069999999999993,-0.86,380389.85,444445.394
000338.SZ,20230321,240.7,241.94,238.62,240.91,239.87,1.039999999999992,0.43,245510.19,284161.375
000338.SZ,20230322,242.36,247.55,240.91,245.89,240.91,4.97999999999999,2.07,441359.71,521987.581
000338.SZ,20230323,244.64,245.89,243.4,244.85,245.89,-1.039999999999992,-0.42,267532.82,315173.385
000338.SZ,20230324,245.47,245.89,235.72,239.66,244.85,-5.189999999999998,-2.12,812216.86,937159.159
000338.SZ,20230327,239.87,247.55,237.59,246.92,239.66,7.259999999999991,3.03,660632.47,779166.66
000338.SZ,20230328,246.92,255.22,246.92,253.36,246.92,6.440000000000026,2.61,651173.81,792494.734
000338.SZ,20230329,253.15,256.88,252.53,256.26,253.36,2.8999999999999773,1.14,514174.11,632313.651
000338.SZ,20230330,256.47,256.47,250.04,254.6,256.26,-1.6599999999999966,-0.65,460186.06,560152.507
000338.SZ,20230331,256.68,262.69,256.05,261.65,254.6,7.049999999999983,2.77,626124.2,787353.682
000338.SZ,20230403,262.48,266.22,261.45,263.52,261.65,1.8700000000000045,0.71,511598.37,649551.449
000338.SZ,20230404,265.18,265.6,261.65,263.73,263.52,0.21000000000003638,0.08,409347.92,520096.45
000338.SZ,20230406,262.48,264.35,257.3,259.79,263.73,-3.9399999999999977,-1.49,444376.0,557531.768
000338.SZ,20230407,259.99,261.65,257.3,257.51,259.79,-2.2800000000000296,-0.88,274838.18,343088.77
000338.SZ,20230410,257.71,258.96,253.15,253.98,257.51,-3.530000000000001,-1.37,324715.92,399108.897
000338.SZ,20230411,254.19,255.85,253.15,255.64,253.98,1.6599999999999966,0.65,315587.73,387119.946
000338.SZ,20230412,255.64,255.64,251.7,251.9,255.64,-3.7399999999999807,-1.46,378586.61,462061.649
000338.SZ,20230413,251.7,252.32,243.4,244.85,251.9,-7.050000000000011,-2.8,564548.39,672179.117
000338.SZ,20230414,246.09,247.55,244.23,245.89,244.85,1.039999999999992,0.42,313922.08,371887.712
000338.SZ,20230417,246.09,249.0,244.85,247.96,245.89,2.0700000000000216,0.84,323822.3,385724.512
000338.SZ,20230418,247.75,249.62,246.72,249.0,247.96,1.039999999999992,0.42,257630.42,308288.752
000338.SZ,20230419,248.58,248.58,241.11,241.94,249.0,-7.060000000000002,-2.84,457997.66,537562.533
000338.SZ,20230420,243.6,245.26,241.74,244.64,241.94,2.6999999999999886,1.12,295992.72,347518.597
000338.SZ,20230421,244.23,245.47,235.93,237.38,244.64,-7.259999999999991,-2.97,480979.66,555335.588
000338.SZ,20230424,237.38,238.62,233.23,234.47,237.38,-2.9099999999999966,-1.23,325739.01,369183.635
000338.SZ,20230425,234.89,235.93,231.36,232.81,234.47,-1.6599999999999966,-0.71,266947.46,300153.204
000338.SZ,20230426,232.19,237.59,231.78,235.3,232.81,2.490000000000009,1.07,228317.73,258964.555
000338.SZ,20230427,234.89,235.51,231.57,233.02,235.3,-2.280000000000001,-0.97,270196.49,303242.638
000338.SZ,20230428,235.1,239.25,234.47,239.04,233.02,6.019999999999982,2.58,268480.23,307653.052
000338.SZ,20230504,247.34,262.9,247.34,262.9,239.04,23.859999999999985,9.98,1551776.81,1936770.631
000338.SZ,20230505,268.09,271.2,262.9,265.6,262.9,2.7000000000000455,1.03,1447000.73,1858542.367
000338.SZ,20230508,265.18,270.78,264.56,269.95,265.6,4.349999999999966,1.64,977471.78,1269137.957
000338.SZ,20230509,269.54,269.54,261.65,261.86,269.95,-8.089999999999975,-3.0,797014.75,1020505.092
000338.SZ,20230510,263.52,266.22,258.13,263.52,261.86,1.6599999999999682,0.63,761762.54,963181.663
000338.SZ,20230511,264.35,264.56,259.99,260.2,263.52,-3.319999999999993,-1.26,346772.04,437777.832
000338.SZ,20230512,259.37,260.62,252.73,252.73,260.2,-7.469999999999999,-2.87,500537.31,616054.058
000338.SZ,20230515,258.96,262.48,253.15,259.99,252.73,7.260000000000019,2.87,533600.59,660347.591
000338.SZ,20230516,258.54,260.62,255.64,257.3,259.99,-2.6899999999999977,-1.03,333479.21,414426.888
000338.SZ,20230517,257.3,259.17,253.98,255.85,257.3,-1.450000000000017,-0.56,328944.88,405547.036
000338.SZ,20230518,255.85,256.68,253.15,254.39,255.85,-1.460000000000008,-0.57,314149.26,385075.588
000338.SZ,20230519,255.22,255.22,250.66,250.66,254.39,-3.7299999999999898,-1.47,318569.92,387338.531
000338.SZ,20230522,251.7,251.9,247.96,249.83,250.66,-0.8299999999999841,-0.33,295583.82,355861.849
000338.SZ,20230523,249.83,251.07,247.55,247.55,249.83,-2.280000000000001,-0.91,252525.2,303445.267
000338.SZ,20230524,246.92,249.21,241.94,244.02,247.55,-3.530000000000001,-1.43,349719.33,414627.028
000338.SZ,20230525,242.98,245.26,239.66,242.15,244.02,-1.8700000000000045,-0.77,305288.67,356304.039
000338.SZ,20230526,242.36,244.64,240.08,244.23,242.15,2.079999999999984,0.86,231144.14,270049.045
000338.SZ,20230529,244.23,244.64,239.04,239.87,244.23,-4.359999999999985,-1.79,317612.76,368474.402
000338.SZ,20230530,239.04,241.94,234.89,241.11,239.87,1.240000000000009,0.52,272302.84,314250.303
000338.SZ,20230531,240.08,243.19,238.21,239.87,241.11,-1.240000000000009,-0.51,385056.38,446354.082
000338.SZ,20230601,239.87,247.55,239.45,244.23,239.87,4.359999999999985,1.82,432480.64,509416.148
000338.SZ,20230602,244.85,247.96,244.85,246.51,244.23,2.280000000000001,0.93,277233.9,329616.898
000338.SZ,20230605,248.79,251.07,245.06,245.89,246.51,-0.6200000000000045,-0.25,302630.28,360921.548
000338.SZ,20230606,245.27,248.17,241.32,242.15,245.89,-3.7399999999999807,-1.52,287727.79,339112.913
000338.SZ,20230607,242.15,243.19,239.25,239.45,242.15,-2.700000000000017,-1.12,191344.61,221711.271
000338.SZ,20230608,239.45,243.4,238.62,241.94,239.45,2.490000000000009,1.04,210254.82,244025.438
000338.SZ,20230609,241.74,245.27,240.91,245.27,241.94,3.3300000000000125,1.38,273930.28,320989.71
000338.SZ,20230612,244.02,248.38,241.74,247.75,245.27,2.4799999999999898,1.01,384830.2,456128.964
000338.SZ,20230613,247.13,249.83,246.09,249.83,247.75,2.0800000000000125,0.84,297289.26,355668.216
000338.SZ,20230614,250.66,252.53,249.0,250.25,249.83,0.4199999999999875,0.17,313860.09,379614.202
000338.SZ,20230615,250.66,254.81,250.04,253.98,250.25,3.7299999999999898,1.49,287237.94,350539.317
000338.SZ,20230616,253.98,256.68,253.36,256.06,253.98,2.0800000000000125,0.82,302215.64,371754.676
000338.SZ,20230619,255.64,256.68,253.15,253.77,256.06,-2.289999999999992,-0.89,325118.33,398302.84
000338.SZ,20230620,254.19,254.81,251.28,251.49,253.77,-2.280000000000001,-0.9,276406.91,336753.416
000338.SZ,20230621,251.28,255.85,250.25,252.53,251.49,1.039999999999992,0.41,327648.71,399677.14
000338.SZ,20230626,247.55,251.07,246.09,247.13,252.53,-5.400000000000006,-2.14,376659.15,450901.971
000338.SZ,20230627,247.34,257.51,246.93,255.23,247.13,8.099999999999994,3.28,482494.41,590509.588
000338.SZ,20230628,254.81,258.75,253.36,256.68,255.23,1.450000000000017,0.57,398248.21,491962.912
000338.SZ,20230629,256.06,258.96,254.6,258.55,256.68,1.8700000000000045,0.73,354004.57,439541.499
000338.SZ,20230630,257.3,260.83,256.26,258.55,258.55,0.0,0.0,336910.64,420397.02
000338.SZ,20230703,269.34,269.75,264.77,267.47,258.55,8.920000000000016,3.45,962099.23,1239168.734
000338.SZ,20230704,267.47,269.34,264.56,266.01,267.47,-1.4600000000000364,-0.55,519510.16,667025.883
000338.SZ,20230705,265.81,267.05,263.52,264.15,266.01,-1.8600000000000136,-0.7,390343.81,497984.598
000338.SZ,20230706,263.94,267.47,261.45,263.73,264.15,-0.4199999999999591,-0.16,437546.69,556371.503
000338.SZ,20230707,262.49,263.73,260.62,262.49,263.73,-1.240000000000009,-0.47,264196.63,334000.523
000338.SZ,20230710,262.9,267.68,262.28,264.15,262.49,1.6599999999999682,0.63,372108.19,474082.978
000338.SZ,20230711,263.94,267.26,263.32,266.84,264.15,2.6899999999999977,1.02,369617.77,473480.319
000338.SZ,20230712,267.26,270.58,261.87,262.69,266.84,-4.149999999999977,-1.56,481576.11,617355.423
000338.SZ,20230713,262.07,264.56,261.87,262.69,262.69,0.0,0.0,338057.91,428193.155
000338.SZ,20230714,262.07,263.52,260.0,261.87,262.69,-0.8199999999999932,-0.31,333177.26,420087.853
000338.SZ,20230717,261.87,263.52,260.2,262.69,261.87,0.8199999999999932,0.31,250968.67,317171.341
000338.SZ,20230718,262.69,265.19,261.87,263.94,262.69,1.25,0.48,320034.75,406926.154
000338.SZ,20230719,263.11,264.98,262.49,264.56,263.94,0.6200000000000045,0.23,221589.31,281744.805
000338.SZ,20230720,264.56,267.26,260.83,261.45,264.56,-3.1100000000000136,-1.18,266253.45,338645.71
000338.SZ,20230721,261.04,263.11,258.96,260.41,261.45,-1.0399999999999636,-0.4,225632.77,283496.392
000338.SZ,20230724,260.41,262.07,259.17,260.83,260.41,0.4199999999999591,0.16,187608.55,235851.158
000338.SZ,20230725,263.32,268.09,263.32,265.81,260.83,4.980000000000018,1.91,415689.12,533174.732
000338.SZ,20230726,265.19,266.43,260.2,260.62,265.81,-5.189999999999998,-1.95,348292.22,440779.073
000338.SZ,20230727,261.45,263.94,259.79,259.79,260.62,-0.8299999999999841,-0.32,204075.88,257497.596
000338.SZ,20230728,259.17,269.54,257.51,268.3,259.79,8.509999999999991,3.28,609490.12,782127.081
000338.SZ,20230731,269.34,274.73,269.34,273.9,268.3,5.599999999999966,2.09,735009.95,968842.619
000338.SZ,20230801,272.45,273.9,269.75,269.75,273.9,-4.149999999999977,-1.52,396662.21,518678.085
000338.SZ,20230802,269.34,272.24,268.3,269.75,269.75,0.0,0.0,255154.21,332105.126
000338.SZ,20230803,268.3,269.75,266.22,268.92,269.75,-0.8299999999999841,-0.31,237245.87,306486.577
000338.SZ,20230804,269.96,272.86,269.54,269.75,268.92,0.8299999999999841,0.31,284801.34,371513.363
000338.SZ,20230807,269.34,270.58,267.68,269.54,269.75,-0.20999999999997954,-0.08,210302.93,272898.568
000338.SZ,20230808,269.54,270.16,264.98,266.22,269.54,-3.319999999999993,-1.23,220525.76,283785.472
000338.SZ,20230809,266.22,267.68,264.56,265.19,266.22,-1.0300000000000296,-0.39,218696.36,279913.729
000338.SZ,20230810,265.19,267.26,262.69,265.39,265.19,0.19999999999998863,0.08,264462.61,337658.733
000338.SZ,20230811,265.39,265.39,254.39,255.23,265.39,-10.159999999999997,-3.83,567719.74,704736.867
000338.SZ,20230814,252.53,255.23,248.59,253.98,255.23,-1.25,-0.49,319527.43,388273.245
000338.SZ,20230815,253.98,256.06,250.87,252.73,253.98,-1.25,-0.49,222728.2,272062.454
000338.SZ,20230816,252.11,253.57,249.21,251.28,252.73,-1.4499999999999886,-0.57,201923.04,244623.384
000338.SZ,20230817,250.45,254.6,248.59,254.39,251.28,3.109999999999985,1.24,211542.8,257234.78
000338.SZ,20230818,253.98,256.26,251.07,251.07,254.39,-3.319999999999993,-1.31,171727.12,209823.935
000338.SZ,20230821,250.87,253.57,247.34,247.34,251.07,-3.7299999999999898,-1.49,222219.18,268026.177
000338.SZ,20230822,248.59,251.07,245.27,248.17,247.34,0.8299999999999841,0.34,258673.78,309144.77
000338.SZ,20230823,248.38,249.41,245.06,245.06,248.17,-3.109999999999985,-1.25,169809.49,202040.993
000338.SZ,20230824,245.47,247.55,244.23,245.06,245.06,0.0,0.0,193427.23,229169.853
000338.SZ,20230825,245.69,247.16,243.59,244.22,245.06,-0.8400000000000034,-0.34,220250.84,256515.47
000338.SZ,20230828,257.68,258.52,249.48,250.32,244.22,6.099999999999994,2.5,494242.31,595818.26
000338.SZ,20230829,250.95,252.63,248.84,249.48,250.32,-0.8400000000000034,-0.34,477539.98,568237.507
000338.SZ,20230830,249.69,250.74,247.37,248.0,249.48,-1.4799999999999898,-0.59,290801.97,343822.173
000338.SZ,20230831,250.95,254.1,248.21,248.21,248.0,0.21000000000000796,0.08,378631.74,451185.964
000338.SZ,20230901,249.9,254.52,249.9,254.31,248.21,6.099999999999994,2.46,437872.73,525953.616
000338.SZ,20230904,256.42,265.46,255.79,265.04,254.31,10.730000000000018,4.22,720291.87,900096.216
000338.SZ,20230905,263.36,265.67,263.15,263.99,265.04,-1.0500000000000114,-0.4,339305.4,425896.887
000338.SZ,20230906,262.94,263.99,259.78,260.62,263.99,-3.3700000000000045,-1.28,248809.02,308627.837
000338.SZ,20230907,260.83,261.25,257.68,258.1,260.62,-2.519999999999982,-0.97,241704.46,297730.441
000338.SZ,20230908,257.05,258.94,252.84,253.05,258.1,-5.050000000000011,-1.96,300887.37,364132.476
000338.SZ,20230911,254.73,260.2,254.73,258.73,253.05,5.680000000000007,2.24,293602.2,359957.686
000338.SZ,20230912,259.57,259.99,257.68,258.73,258.73,0.0,0.0,213203.84,262372.596
000338.SZ,20230913,258.73,259.57,254.52,255.79,258.73,-2.940000000000026,-1.14,196719.61,239737.318
000338.SZ,20230914,255.79,256.63,253.26,254.94,255.79,-0.8499999999999943,-0.33,192679.4,233340.065
000338.SZ,20230915,256.21,257.89,253.68,254.73,254.94,-0.21000000000000796,-0.08,256792.43,312002.784
000338.SZ,20230918,254.52,257.26,253.05,256.63,254.73,1.9000000000000057,0.75,194619.77,236803.389
000338.SZ,20230919,257.05,258.1,253.89,257.47,256.63,0.8400000000000318,0.33,205987.04,251073.47
000338.SZ,20230920,256.84,258.1,255.15,257.26,257.47,-0.21000000000003638,-0.08,167954.22,205289.369
000338.SZ,20230921,255.79,257.68,253.68,254.1,257.26,-3.1599999999999966,-1.23,229610.17,278296.663
000338.SZ,20230922,257.26,262.52,255.58,259.78,254.1,5.679999999999978,2.24,449312.39,552664.06
000338.SZ,20230925,259.78,266.3,258.94,263.78,259.78,4.0,1.54,584625.8,732152.645
000338.SZ,20230926,263.15,269.88,262.73,267.78,263.78,4.0,1.52,625605.21,797467.362
000338.SZ,20230927,267.78,267.99,264.41,265.25,267.78,-2.5299999999999727,-0.94,324891.85,410495.492
000338.SZ,20230928,265.46,267.14,263.36,263.57,265.25,-1.6800000000000068,-0.63,261808.05,329530.315
000338.SZ,20231009,263.57,268.83,261.68,266.3,263.57,2.730000000000018,1.04,419610.01,529483.812
000338.SZ,20231010,266.3,267.57,263.15,263.99,266.3,-2.3100000000000023,-0.87,267191.42,336300.539
000338.SZ,20231011,266.09,268.62,265.04,266.72,263.99,2.730000000000018,1.03,295000.0,374669.692
000338.SZ,20231012,266.93,270.09,266.3,269.46,266.72,2.7399999999999523,1.03,328531.91,420169.713
000338.SZ,20231013,268.83,270.3,267.78,269.67,269.46,0.21000000000003638,0.08,283701.17,363487.117
000338.SZ,20231016,273.45,285.02,273.45,282.08,269.67,12.409999999999968,4.6,1535296.04,2046310.285
000338.SZ,20231017,281.66,285.44,278.92,281.03,282.08,-1.0500000000000114,-0.37,724733.03,970569.425
000338.SZ,20231018,280.61,285.02,279.77,280.61,281.03,-0.4199999999999591,-0.15,708173.03,951769.387
000338.SZ,20231019,278.71,281.45,276.61,277.24,280.61,-3.3700000000000045,-1.2,648841.11,859847.941
000338.SZ,20231020,277.24,279.34,273.67,275.35,277.24,-1.8899999999999864,-0.68,487446.26,638559.527
000338.SZ,20231023,273.67,278.71,270.93,273.45,275.35,-1.900000000000034,-0.69,455022.0,594427.591
000338.SZ,20231024,274.09,275.56,270.51,273.24,273.45,-0.20999999999997954,-0.08,646672.39,838317.66
000338.SZ,20231025,290.28,300.59,287.97,297.43,273.24,24.189999999999998,8.85,2178893.09,3088142.664
000338.SZ,20231026,292.81,298.07,287.34,296.38,297.43,-1.0500000000000114,-0.35,1006686.45,1402060.402
000338.SZ,20231027,300.23,303.43,294.89,297.02,296.38,0.6399999999999864,0.22,848722.47,1186019.322
000338.SZ,20231030,295.1,297.88,293.18,294.89,297.02,-2.1299999999999955,-0.72,568503.49,786030.324
000338.SZ,20231031,296.81,300.66,293.39,296.6,294.89,1.7100000000000364,0.58,618889.57,857668.884
000338.SZ,20231101,295.31,301.72,293.82,300.44,296.6,3.839999999999975,1.29,800206.69,1119734.935
000338.SZ,20231102,300.23,308.78,299.8,302.58,300.44,2.1399999999999864,0.71,837901.68,1196381.739
000338.SZ,20231103,302.58,304.5,300.66,301.3,302.58,-1.2799999999999727,-0.42,433285.88,611991.028
000338.SZ,20231106,301.94,303.65,298.52,301.72,301.3,0.4200000000000159,0.14,549171.12,772550.855
000338.SZ,20231107,301.94,305.78,299.37,303.22,301.72,1.5,0.5,560923.4,798368.01
000338.SZ,20231108,301.94,302.37,298.52,301.94,303.22,-1.2800000000000296,-0.42,392974.35,553166.271
000338.SZ,20231109,301.94,304.93,299.8,302.15,301.94,0.20999999999997954,0.07,305798.44,432982.663
000338.SZ,20231110,301.08,304.08,298.52,303.01,302.15,0.8600000000000136,0.28,372397.72,525273.28
000338.SZ,20231113,304.08,304.08,298.09,299.37,303.01,-3.6399999999999864,-1.2,471200.6,660553.372
000338.SZ,20231114,299.16,301.3,298.09,299.59,299.37,0.21999999999997044,0.07,261889.15,367457.191
000338.SZ,20231115,302.37,308.35,301.51,308.35,299.59,8.760000000000048,2.92,564572.88,807242.843
000338.SZ,20231116,308.35,310.06,305.36,307.07,308.35,-1.2800000000000296,-0.42,364035.12,524468.251
000338.SZ,20231117,307.07,312.62,306.0,311.55,307.07,4.480000000000018,1.46,472824.51,686347.811
000338.SZ,20231120,312.84,317.32,310.7,315.83,311.55,4.279999999999973,1.37,595162.47,877026.892
000338.SZ,20231121,315.83,323.73,314.76,316.47,315.83,0.6400000000000432,0.2,755197.22,1129387.95
000338.SZ,20231122,315.4,317.75,309.84,310.7,316.47,-5.770000000000039,-1.82,480780.07,705348.992
000338.SZ,20231123,310.7,319.25,310.7,318.82,310.7,8.120000000000005,2.61,436619.81,645309.035
000338.SZ,20231124,318.39,320.32,315.83,317.96,318.82,-0.8600000000000136,-0.27,369425.47,550352.131
000338.SZ,20231127,319.03,321.6,317.54,320.32,317.96,2.3600000000000136,0.74,400983.7,599527.613
000338.SZ,20231128,320.74,326.51,319.67,326.3,320.32,5.980000000000018,1.87,546178.91,828362.678
000338.SZ,20231129,325.66,326.08,320.74,322.45,326.3,-3.8500000000000227,-1.18,401897.65,607294.727
000338.SZ,20231130,320.53,323.31,317.54,318.39,322.45,-4.060000000000002,-1.26,525752.94,786077.45
000338.SZ,20231201,318.39,319.03,296.17,297.02,318.39,-21.370000000000005,-6.71,1564980.38,2226538.405
000338.SZ,20231204,297.02,302.79,295.96,300.87,297.02,3.8500000000000227,1.3,737218.1,1038213.81
000338.SZ,20231205,300.66,303.65,298.09,299.59,300.87,-1.2800000000000296,-0.43,438016.33,616557.831
000338.SZ,20231206,299.16,304.5,296.6,301.3,299.59,1.7100000000000364,0.57,391690.85,553767.749
000338.SZ,20231207,301.3,303.86,297.02,298.95,301.3,-2.3500000000000227,-0.78,319342.96,446978.33
000338.SZ,20231208,299.16,300.66,297.02,297.45,298.95,-1.5,-0.5,373499.09,522088.219
000338.SZ,20231211,296.81,299.59,292.75,298.52,297.45,1.0699999999999932,0.36,369705.71,513385.868
000338.SZ,20231212,298.95,301.3,296.38,300.44,298.52,1.920000000000016,0.64,284289.05,398143.063
000338.SZ,20231213,301.3,301.94,298.09,298.95,300.44,-1.490000000000009,-0.5,280410.47,393711.74
000338.SZ,20231214,299.16,300.87,292.96,293.18,298.95,-5.769999999999982,-1.93,392403.65,543707.398
000338.SZ,20231215,293.6,294.67,290.83,291.9,293.18,-1.2800000000000296,-0.44,315195.58,431545.694
000338.SZ,20231218,290.83,291.9,287.62,289.54,291.9,-2.359999999999957,-0.81,350075.14,474925.012
000338.SZ,20231219,289.97,289.97,283.13,289.76,289.54,0.21999999999997044,0.08,332076.49,446197.504
000338.SZ,20231220,290.19,291.9,285.48,286.34,289.76,-3.420000000000016,-1.18,233772.12,315442.365
000338.SZ,20231221,284.84,289.54,283.99,287.62,286.34,1.2800000000000296,0.45,318462.18,427701.843
000338.SZ,20231222,288.05,291.04,286.55,287.84,287.62,0.21999999999997044,0.08,291607.82,393871.47
000338.SZ,20231225,287.19,293.82,286.77,293.39,287.84,5.550000000000011,1.93,259733.18,354259.178
000338.SZ,20231226,292.54,294.46,290.19,292.11,293.39,-1.2799999999999727,-0.44,217875.0,297775.466
000338.SZ,20231227,292.54,294.03,289.54,291.9,292.11,-0.21000000000003638,-0.07,240519.15,327931.401
000338.SZ,20231228,291.9,292.75,286.98,288.9,291.9,-3.0,-1.03,410913.61,556294.376
000338.SZ,20231229,288.9,296.17,288.48,291.68,288.9,2.7800000000000296,0.96,391515.98,535339.558
000338.SZ,20240102,292.11,300.23,290.83,296.6,291.68,4.920000000000016,1.69,497134.4,690350.895
000338.SZ,20240103,295.31,302.58,294.03,299.37,296.6,2.769999999999982,0.93,599444.91,839756.135
000338.SZ,20240104,299.37,303.43,297.88,301.72,299.37,2.3500000000000227,0.78,428345.04,602671.048
000338.SZ,20240105,302.37,308.78,300.66,302.37,301.72,0.6499999999999773,0.22,515047.83,735846.448
000338.SZ,20240108,304.29,306.64,297.66,298.73,302.37,-3.6399999999999864,-1.2,412529.14,580715.059
000338.SZ,20240109,298.73,302.79,297.88,301.3,298.73,2.569999999999993,0.86,323609.38,455705.066
000338.SZ,20240110,299.59,303.65,296.38,299.8,301.3,-1.5,-0.5,312661.32,438715.472
000338.SZ,20240111,299.8,305.14,296.81,301.3,299.8,1.5,0.5,412432.68,583670.764
000338.SZ,20240112,302.37,311.55,301.94,308.56,301.3,7.259999999999991,2.41,558060.0,806078.046
000338.SZ,20240115,307.07,313.9,304.93,311.34,308.56,2.7799999999999727,0.9,471922.86,684590.945
000338.SZ,20240116,309.84,323.31,309.84,319.67,311.34,8.330000000000041,2.68,791000.06,1180082.455
000338.SZ,20240117,318.82,321.17,314.55,314.55,319.67,-5.1200000000000045,-1.6,416548.53,618930.123
000338.SZ,20240118,311.98,313.69,302.37,311.98,314.55,-2.569999999999993,-0.82,676312.22,973429.268
000338.SZ,20240119,309.84,310.06,304.29,305.57,311.98,-6.410000000000025,-2.05,459580.2,660184.663
000338.SZ,20240122,305.57,307.71,298.52,299.8,305.57,-5.769999999999982,-1.89,596877.31,850428.022
000338.SZ,20240123,299.16,303.22,294.25,301.08,299.8,1.2799999999999727,0.43,457184.03,639971.824
000338.SZ,20240124,306.85,315.4,305.78,314.12,301.08,13.04000000000002,4.33,755256.58,1097480.194
000338.SZ,20240125,313.26,323.73,313.05,322.45,314.12,8.329999999999984,2.65,645288.35,968752.11
000338.SZ,20240126,322.88,326.08,319.89,323.95,322.45,1.5,0.47,479782.54,726243.533
000338.SZ,20240129,323.95,327.37,320.74,320.96,323.95,-2.990000000000009,-0.92,472634.84,716258.728
000338.SZ,20240130,319.89,324.16,318.39,319.03,320.96,-1.9300000000000068,-0.6,507749.19,764450.598
000338.SZ,20240131,318.61,323.31,315.19,315.61,319.03,-3.419999999999959,-1.07,436951.66,650650.874
000338.SZ,20240201,315.61,326.08,314.12,321.17,315.61,5.560000000000002,1.76,542327.95,815949.97
000338.SZ,20240202,321.6,325.02,311.55,319.67,321.17,-1.5,-0.47,529951.0,793937.852
000338.SZ,20240205,316.26,325.44,315.19,322.67,319.67,3.0,0.94,873517.49,1312878.915
000338.SZ,20240206,320.53,330.14,319.67,329.08,322.67,6.409999999999968,1.99,793398.78,1214780.314
000338.SZ,20240207,327.37,335.06,326.08,330.57,329.08,1.490000000000009,0.45,967234.63,1494763.778
000338.SZ,20240208,331.43,336.98,330.57,335.91,330.57,5.340000000000032,1.62,609841.51,956603.968
000338.SZ,20240219,332.28,337.62,331.43,337.2,335.91,1.2899999999999636,0.38,530868.84,833065.001
000338.SZ,20240220,336.13,348.95,335.49,347.88,337.2,10.680000000000007,3.17,797456.5,1287705.849
000338.SZ,20240221,348.74,353.01,345.32,345.74,347.88,-2.1399999999999864,-0.62,637709.39,1041098.351
000338.SZ,20240222,344.03,352.37,342.75,351.3,345.74,5.560000000000002,1.61,507200.41,829086.786
000338.SZ,20240223,353.44,354.72,347.45,347.88,351.3,-3.420000000000016,-0.97,338656.08,553565.765
000338.SZ,20240226,351.94,363.69,351.73,357.92,347.88,10.04000000000002,2.89,784845.6,1318478.176
000338.SZ,20240227,357.71,358.78,352.58,356.43,357.92,-1.490000000000009,-0.42,477161.31,793896.984
000338.SZ,20240228,356.43,356.43,339.76,341.26,356.43,-15.170000000000016,-4.26,904954.02,1454325.948
000338.SZ,20240229,340.4,361.77,339.55,360.7,341.26,19.439999999999998,5.7,818099.63,1353398.577
000338.SZ,20240301,363.27,364.12,347.03,348.95,360.7,-11.75,-3.26,824645.78,1355640.983
000338.SZ,20240304,348.52,353.22,343.82,346.6,348.95,-2.349999999999966,-0.67,695054.81,1130372.765
000338.SZ,20240305,347.24,352.15,343.18,350.02,346.6,3.419999999999959,0.99,596057.77,970683.416
000338.SZ,20240306,349.8,356.0,348.95,351.09,350.02,1.0699999999999932,0.31,484914.01,799137.143
000338.SZ,20240307,350.45,356.86,350.23,353.65,351.09,2.5600000000000023,0.73,454137.48,752522.637
000338.SZ,20240308,353.65,358.57,352.8,354.72,353.65,1.07000000000005,0.3,369290.26,613788.563
000338.SZ,20240311,354.93,357.92,344.03,348.95,354.72,-5.770000000000039,-1.63,507706.51,829063.578
000338.SZ,20240312,348.74,349.8,335.49,339.55,348.95,-9.399999999999977,-2.69,886078.28,1405957.135
000338.SZ,20240313,341.68,342.75,337.41,340.83,339.55,1.2799999999999727,0.38,494849.94,788647.024
000338.SZ,20240314,340.83,354.29,339.76,350.66,340.83,9.830000000000041,2.88,731093.64,1201748.844
000338.SZ,20240315,350.87,352.15,346.17,350.87,350.66,0.20999999999997954,0.06,318206.94,520550.607
000338.SZ,20240318,351.09,356.43,350.87,353.65,350.87,2.7799999999999727,0.79,344200.38,568904.36
000338.SZ,20240319,352.15,352.58,342.75,346.81,353.65,-6.839999999999975,-1.93,550870.96,891874.51
000338.SZ,20240320,346.17,350.02,343.18,344.89,346.81,-1.920000000000016,-0.55,372689.5,603592.179
000338.SZ,20240321,344.89,346.39,340.62,342.32,344.89,-2.569999999999993,-0.75,338314.89,543758.762
000338.SZ,20240322,342.75,344.25,339.12,342.97,342.32,0.6500000000000341,0.19,346580.54,553629.256
000338.SZ,20240325,342.32,352.37,341.47,347.67,342.97,4.699999999999989,1.37,508329.05,829216.644
000338.SZ,20240326,348.52,354.29,345.32,352.8,347.67,5.1299999999999955,1.48,525137.67,862863.145
000338.SZ,20240327,353.86,354.29,343.61,343.61,352.8,-9.189999999999998,-2.6,395371.31,643065.057
000338.SZ,20240328,341.04,352.58,340.83,348.52,343.61,4.909999999999968,1.43,457770.05,747138.349
000338.SZ,20240329,346.81,358.35,346.81,356.64,348.52,8.120000000000005,2.33,439685.97,731124.435
000338.SZ,20240401,360.27,367.75,359.85,366.9,356.64,10.259999999999991,2.88,714979.98,1220459.059
000338.SZ,20240402,367.54,380.79,367.54,379.93,366.9,13.03000000000003,3.55,828661.33,1462811.782
000338.SZ,20240403,379.93,381.22,376.51,379.72,379.93,-0.20999999999997954,-0.06,430102.76,762402.736
000338.SZ,20240408,377.16,385.28,376.3,379.29,379.72,-0.4300000000000068,-0.11,420221.04,750027.523
000338.SZ,20240409,380.36,381.43,369.68,374.38,379.29,-4.910000000000025,-1.29,489332.5,854402.334
000338.SZ,20240410,372.88,378.65,371.6,375.02,374.38,0.6399999999999864,0.17,250423.9,439805.144
000338.SZ,20240411,373.95,387.41,372.03,382.5,375.02,7.480000000000018,1.99,522633.04,935204.488
000338.SZ,20240412,380.57,385.28,379.93,382.5,382.5,0.0,0.0,334410.02,599489.767
000338.SZ,20240415,381.86,395.32,380.36,392.97,382.5,10.470000000000027,2.74,718397.51,1309752.16
000338.SZ,20240416,392.11,395.75,386.99,388.05,392.97,-4.920000000000016,-1.25,576121.29,1054661.44
000338.SZ,20240417,389.98,395.11,383.57,395.11,388.05,7.060000000000002,1.82,497048.78,909448.683
000338.SZ,20240418,394.04,400.66,391.26,392.97,395.11,-2.1399999999999864,-0.54,472465.73,873651.37
000338.SZ,20240419,391.05,396.6,390.62,395.11,392.97,2.1399999999999864,0.54,329921.21,609030.326
000338.SZ,20240422,397.24,406.43,387.41,388.05,395.11,-7.060000000000002,-1.79,735318.0,1361628.606
000338.SZ,20240423,386.34,387.84,372.45,374.59,388.05,-13.460000000000036,-3.47,750606.83,1327980.61
000338.SZ,20240424,369.04,380.79,369.04,380.15,374.59,5.560000000000002,1.48,439778.73,776734.156
000338.SZ,20240425,379.51,382.28,372.88,374.81,380.15,-5.339999999999975,-1.4,280322.04,492567.155
000338.SZ,20240426,376.51,379.51,371.6,377.37,374.81,2.5600000000000023,0.68,453568.19,795592.566
000338.SZ,20240429,378.01,381.0,371.39,379.08,377.37,1.7099999999999795,0.45,539998.38,955027.636
000338.SZ,20240430,380.79,382.5,369.04,371.6,379.08,-7.479999999999961,-1.97,678588.7,1190299.071
000338.SZ,20240506,371.81,377.58,359.42,369.89,371.6,-1.7100000000000364,-0.46,1263107.7,2161950.695
000338.SZ,20240507,368.61,376.94,367.75,372.03,369.89,2.1399999999999864,0.58,453638.3,791805.223
000338.SZ,20240508,374.81,375.45,367.11,368.18,372.03,-3.849999999999966,-1.03,278052.72,481860.307
000338.SZ,20240509,366.9,385.28,365.83,383.78,368.18,15.599999999999966,4.24,735195.62,1302081.778
000338.SZ,20240510,381.64,388.27,376.73,380.15,383.78,-3.6299999999999955,-0.95,564295.53,1008678.033
000338.SZ,20240513,378.87,381.43,375.45,380.36,380.15,0.21000000000003638,0.06,422003.55,748616.836
000338.SZ,20240514,380.15,387.84,375.45,377.37,380.36,-2.990000000000009,-0.79,564281.2,1003555.495
000338.SZ,20240515,377.16,391.26,375.87,384.21,377.37,6.839999999999975,1.81,652845.58,1179363.213
000338.SZ,20240516,384.21,385.28,372.88,372.88,384.21,-11.329999999999984,-2.95,693036.76,1219505.46
000338.SZ,20240517,372.45,377.8,363.27,367.33,372.88,-5.550000000000011,-1.49,519357.25,893949.087
000338.SZ,20240520,365.4,367.11,342.75,354.29,367.33,-13.039999999999964,-3.55,1688861.14,2769355.533
000338.SZ,20240521,352.58,360.27,351.51,358.99,354.29,4.699999999999989,1.33,755653.0,1264534.977
000338.SZ,20240522,356.21,359.63,351.3,353.44,358.99,-5.550000000000011,-1.55,501685.83,831712.211
000338.SZ,20240523,352.15,353.86,345.53,347.03,353.44,-6.410000000000025,-1.81,706810.25,1153363.959
000338.SZ,20240524,345.32,349.59,342.11,346.6,347.03,-0.42999999999995,-0.12,510445.9,829763.016
000338.SZ,20240527,347.03,356.0,344.89,354.51,346.6,7.909999999999968,2.28,803126.82,1319558.373
000338.SZ,20240528,354.51,355.57,345.96,346.17,354.51,-8.339999999999975,-2.35,491141.42,801852.57
000338.SZ,20240529,345.96,346.17,337.2,344.03,346.17,-2.140000000000043,-0.62,581194.16,930939.563
000338.SZ,20240530,343.82,349.38,342.75,346.39,344.03,2.3600000000000136,0.69,372096.84,603824.568
000338.SZ,20240531,345.32,347.88,339.55,339.97,346.39,-6.419999999999959,-1.85,608188.0,974547.564
000338.SZ,20240603,337.84,342.97,329.5,332.71,339.97,-7.260000000000048,-2.14,919515.47,1438810.873
000338.SZ,20240604,331.43,342.32,326.94,339.76,332.71,7.050000000000011,2.12,726581.42,1142795.031
000338.SZ,20240605,339.76,341.26,335.91,336.34,339.76,-3.420000000000016,-1.01,353747.17,560181.878
000338.SZ,20240606,336.34,345.32,335.91,341.9,336.34,5.560000000000002,1.65,482463.56,773241.976
000338.SZ,20240607,341.47,344.89,337.84,343.39,341.9,1.490000000000009,0.44,504411.33,806148.882
000338.SZ,20240611,342.32,342.75,331.64,335.27,343.39,-8.120000000000005,-2.36,559908.83,879986.929
000338.SZ,20240612,333.35,338.69,332.07,337.41,335.27,2.140000000000043,0.64,320975.09,505132.345
000338.SZ,20240613,337.62,338.91,329.29,331.64,337.41,-5.770000000000039,-1.71,382585.05,594552.252
000338.SZ,20240614,331.21,345.32,330.14,341.04,331.64,9.400000000000034,2.83,820384.64,1308513.555
000338.SZ,20240617,338.69,344.68,335.06,336.34,341.04,-4.7000000000000455,-1.38,492079.37,780482.248
000338.SZ,20240618,336.34,338.05,324.38,337.41,336.34,1.07000000000005,0.32,682987.43,1057641.297
000338.SZ,20240619,336.34,339.12,331.43,332.28,337.41,-5.130000000000052,-1.52,456832.42,716164.07
000338.SZ,20240620,331.85,334.42,325.23,327.15,332.28,-5.1299999999999955,-1.54,383768.52,590206.444
000338.SZ,20240621,328.01,330.36,323.09,328.86,327.15,1.7100000000000364,0.52,442479.31,678005.129
000338.SZ,20240624,327.58,332.07,321.6,325.87,328.86,-2.990000000000009,-0.91,471565.36,717700.62
000338.SZ,20240625,324.59,343.18,324.59,339.76,325.87,13.889999999999986,4.26,969158.71,1534691.044
000338.SZ,20240626,338.68,344.67,334.62,344.45,339.75,4.699999999999989,1.38,588016.28,938431.525
000338.SZ,20240627,343.17,350.44,341.46,345.09,344.45,0.6399999999999864,0.19,775459.24,1256741.589
000338.SZ,20240628,345.53,355.54,344.44,353.36,345.09,8.270000000000039,2.4,719752.74,1168152.055
000338.SZ,20240701,352.06,352.27,336.39,341.83,353.36,-11.53000000000003,-3.26,959247.22,1506390.576
000338.SZ,20240702,339.87,340.96,314.2,319.85,341.83,-21.97999999999996,-6.43,1615805.2,2388235.245
000338.SZ,20240703,317.68,320.29,307.89,309.41,319.85,-10.439999999999998,-3.26,935479.21,1342199.645
000338.SZ,20240704,310.71,317.46,308.54,309.84,309.41,0.42999999999995,0.14,708762.16,1017807.171
000338.SZ,20240705,308.76,310.28,302.01,306.8,309.84,-3.0399999999999636,-0.98,567519.68,797107.316
000338.SZ,20240708,304.84,305.06,293.52,295.7,306.8,-11.100000000000023,-3.62,897711.74,1228388.958
000338.SZ,20240709,298.09,308.97,297.22,308.97,295.7,13.270000000000039,4.49,867128.78,1215505.6
000338.SZ,20240710,308.32,309.63,302.66,306.8,308.97,-2.170000000000016,-0.7,530688.1,746964.635
000338.SZ,20240711,310.5,313.33,306.58,310.71,306.8,3.909999999999968,1.27,580684.59,827937.128
000338.SZ,20240712,308.1,311.58,305.06,310.5,310.71,-0.20999999999997954,-0.07,364860.97,518957.141
000338.SZ,20240715,319.85,325.51,317.68,319.2,310.5,8.699999999999989,2.8,729861.1,1075501.201
000338.SZ,20240716,318.98,322.9,303.1,303.97,319.2,-15.229999999999961,-4.77,1118862.3,1576614.828
000338.SZ,20240717,302.45,303.1,297.88,300.49,303.97,-3.480000000000018,-1.14,663214.43,915790.633
000338.SZ,20240718,299.18,303.53,297.01,301.14,300.49,0.6499999999999773,0.22,533631.52,737324.588
000338.SZ,20240719,299.62,306.14,298.96,302.45,301.14,1.3100000000000023,0.44,550180.54,766329.691
000338.SZ,20240722,300.27,301.36,291.13,293.52,302.45,-8.930000000000007,-2.95,757014.47,1023378.766
000338.SZ,20240723,294.61,297.66,286.56,286.78,293.52,-6.740000000000009,-2.3,568439.39,759862.61
000338.SZ,20240724,285.26,288.3,279.16,283.08,286.78,-3.6999999999999886,-1.29,675770.65,878195.485
000338.SZ,20240725,283.95,283.95,277.42,279.6,283.08,-3.4799999999999613,-1.23,441318.86,566958.418
000338.SZ,20240726,293.74,307.67,291.57,307.67,279.6,28.069999999999993,10.04,1493376.35,2077771.176
000338.SZ,20240729,313.33,315.28,294.83,301.79,307.67,-5.8799999999999955,-1.91,1504142.15,2086082.903
000338.SZ,20240730,300.05,302.45,288.52,290.48,301.79,-11.310000000000002,-3.75,946199.79,1274750.536
000338.SZ,20240731,289.61,302.01,288.3,300.27,290.48,9.789999999999964,3.37,998382.36,1365768.563
000338.SZ,20240801,295.92,300.92,291.78,293.52,300.27,-6.75,-2.25,803184.17,1088524.099
000338.SZ,20240802,290.7,292.87,283.52,285.04,293.52,-8.479999999999961,-2.89,846321.27,1115759.65
000338.SZ,20240805,280.69,287.21,279.82,280.03,285.04,-5.010000000000048,-1.76,670256.03,872842.091
000338.SZ,20240806,282.86,284.82,278.51,281.99,280.03,1.9600000000000364,0.7,585701.24,758073.937
000338.SZ,20240807,280.69,284.82,279.16,279.16,281.99,-2.829999999999984,-1.0,525233.78,679508.598
000338.SZ,20240808,277.64,279.82,272.64,278.29,279.16,-0.8700000000000045,-0.31,618353.68,785683.854
000338.SZ,20240809,279.6,284.39,275.25,275.47,278.29,-2.819999999999993,-1.01,515503.5,661362.519
000338.SZ,20240812,274.16,276.99,272.64,275.03,275.47,-0.44000000000005457,-0.16,360761.57,455580.694
000338.SZ,20240813,274.38,284.6,274.38,281.78,275.03,6.75,2.45,740170.07,956421.1
000338.SZ,20240814,281.34,283.73,278.73,278.95,281.78,-2.829999999999984,-1.0,349751.7,450419.082
000338.SZ,20240815,278.51,285.69,276.99,283.08,278.95,4.1299999999999955,1.48,529879.67,688656.073
000338.SZ,20240816,283.3,284.17,276.99,277.42,283.08,-5.659999999999968,-2.0,537262.95,689941.675
000338.SZ,20240819,278.29,283.3,277.21,282.86,277.42,5.439999999999998,1.96,593480.4,770024.629
000338.SZ,20240820,282.86,283.52,277.64,280.9,282.86,-1.9600000000000364,-0.69,437015.9,561918.336
000338.SZ,20240821,280.03,285.91,279.38,283.52,280.9,2.6200000000000045,0.93,551490.33,718868.733
000338.SZ,20240822,283.52,284.17,279.6,282.65,283.52,-0.8700000000000045,-0.31,452503.01,586639.462
000338.SZ,20240823,284.82,292.0,282.43,290.26,282.65,7.610000000000014,2.69,849016.48,1125073.271
000338.SZ,20240826,291.13,292.87,282.21,284.17,290.26,-6.089999999999975,-2.1,762080.12,997624.702
000338.SZ,20240827,283.3,283.52,278.51,279.6,284.17,-4.569999999999993,-1.61,466502.28,600617.503
000338.SZ,20240828,278.51,280.47,276.55,278.73,279.6,-0.8700000000000045,-0.31,433049.24,554138.303
000338.SZ,20240829,277.64,278.95,275.25,276.12,278.73,-2.6100000000000136,-0.94,611754.78,778652.642
000338.SZ,20240830,275.47,286.78,270.24,281.99,276.12,5.8700000000000045,2.13,1083173.19,1397072.681
000338.SZ,20240902,280.69,280.69,273.94,276.12,281.99,-5.8700000000000045,-2.08,709757.97,902662.114
000338.SZ,20240903,275.03,276.55,272.85,275.25,276.12,-0.8700000000000045,-0.32,531036.77,671326.423
000338.SZ,20240904,273.94,277.42,269.37,274.16,275.25,-1.089999999999975,-0.4,563882.1,708817.317
000338.SZ,20240905,274.81,279.16,274.38,277.64,274.16,3.4799999999999613,1.27,471122.6,600362.891
000338.SZ,20240906,277.21,278.73,271.77,271.98,277.64,-5.659999999999968,-2.04,459335.19,579730.381
000338.SZ,20240909,269.81,271.11,263.28,265.02,271.98,-6.960000000000036,-2.56,639106.39,780564.91
000338.SZ,20240910,264.15,265.46,260.02,263.93,265.02,-1.089999999999975,-0.41,512112.97,617268.57
000338.SZ,20240911,262.63,263.06,257.41,259.36,263.93,-4.569999999999993,-1.73,581694.4,693476.288
000338.SZ,20240912,259.36,264.15,255.45,256.1,259.36,-3.259999999999991,-1.26,495021.32,588979.431
000338.SZ,20240913,256.32,258.71,253.27,255.01,256.1,-1.0900000000000318,-0.43,379064.01,446498.89
000338.SZ,20240918,255.01,263.06,253.92,261.76,255.01,6.75,2.65,496409.63,591622.639
000338.SZ,20240919,262.19,276.99,258.93,274.81,261.76,13.050000000000011,4.99,958697.13,1196795.863
000338.SZ,20240920,274.16,274.81,268.5,271.55,274.81,-3.259999999999991,-1.19,666814.27,833138.426
000338.SZ,20240923,271.77,276.34,270.68,274.38,271.55,2.829999999999984,1.04,393999.87,497487.817
000338.SZ,20240924,276.55,282.86,272.2,282.65,274.38,8.269999999999982,3.01,830477.26,1064497.272
000338.SZ,20240925,287.65,294.83,285.04,285.69,282.65,3.0400000000000205,1.08,964209.23,1284869.037
000338.SZ,20240926,285.04,300.27,284.6,300.27,285.69,14.579999999999984,5.1,906366.78,1221427.057
000338.SZ,20240927,309.41,320.94,305.93,316.81,300.27,16.54000000000002,5.51,1356056.98,1951706.629
000338.SZ,20240930,330.3,347.7,322.68,345.31,316.81,28.5,9.0,1913366.84,2961878.396
000338.SZ,20241008,379.47,379.47,337.91,347.05,345.31,1.740000000000009,0.5,2493706.52,4083079.718
000338.SZ,20241009,339.44,339.44,313.11,315.07,347.05,-31.980000000000018,-9.21,1984429.94,2964034.53
000338.SZ,20241010,315.5,330.08,315.28,323.12,315.07,8.050000000000011,2.55,1230973.82,1832039.421
000338.SZ,20241011,323.12,325.29,308.1,311.37,323.12,-11.75,-3.64,944462.44,1365821.077
000338.SZ,20241014,311.8,317.46,309.19,315.94,311.37,4.569999999999993,1.47,764255.84,1102436.585
000338.SZ,20241015,315.07,315.28,300.49,301.14,315.94,-14.800000000000011,-4.68,1230057.58,1730843.371
000338.SZ,20241016,298.96,301.14,295.7,298.75,301.14,-2.3899999999999864,-0.79,893891.54,1224506.106
000338.SZ,20241017,299.83,303.97,295.05,295.05,298.75,-3.6999999999999886,-1.24,649328.31,892041.547
000338.SZ,20241018,295.5,306.46,291.25,301.09,295.05,6.039999999999964,2.05,1172812.74,1563309.659
000338.SZ,20241021,301.31,306.01,295.94,302.65,301.09,1.5600000000000023,0.52,992387.13,1333190.285
000338.SZ,20241022,301.98,304.67,299.97,302.88,302.65,0.2300000000000182,0.08,1008441.89,1361907.496
000338.SZ,20241023,303.77,307.35,299.97,305.34,302.88,2.4599999999999795,0.81,1246610.29,1691533.024
000338.SZ,20241024,305.34,305.34,298.18,298.18,305.34,-7.159999999999968,-2.34,854854.27,1147313.743
000338.SZ,20241025,297.96,304.44,297.06,302.21,298.18,4.029999999999973,1.35,878844.77,1183295.727
000338.SZ,20241028,301.76,307.58,300.42,307.58,302.21,5.3700000000000045,1.78,1013931.11,1384545.454
000338.SZ,20241029,308.25,309.59,299.75,300.19,307.58,-7.389999999999986,-2.4,968256.57,1314111.304
000338.SZ,20241030,298.85,302.88,297.96,301.76,300.19,1.5699999999999932,0.52,699051.73,940388.936
000338.SZ,20241031,302.21,302.88,296.84,298.63,301.76,-3.1299999999999955,-1.04,1122056.15,1502645.355
000338.SZ,20241101,298.85,304.67,297.51,301.09,298.63,2.4599999999999795,0.82,1095036.55,1480072.844
000338.SZ,20241104,301.09,304.89,298.63,301.76,301.09,0.6700000000000159,0.22,973253.72,1308466.971
000338.SZ,20241105,301.09,310.71,298.18,308.47,301.76,6.710000000000036,2.22,1564982.36,2134415.873
000338.SZ,20241106,308.69,312.05,306.01,308.25,308.47,-0.22000000000002728,-0.07,1354543.65,1870899.666
000338.SZ,20241107,306.46,319.65,304.44,319.65,308.25,11.399999999999977,3.7,1735247.8,2441510.155
000338.SZ,20241108,322.34,324.35,314.29,316.3,319.65,-3.349999999999966,-1.05,1420163.69,2020790.872
000338.SZ,20241111,314.29,317.86,310.04,317.64,316.3,1.339999999999975,0.42,1216224.95,1709531.11
000338.SZ,20241112,317.42,324.13,312.05,313.61,317.64,-4.029999999999973,-1.27,1366420.45,1942487.853
000338.SZ,20241113,310.71,313.61,307.35,310.93,313.61,-2.680000000000007,-0.85,1072986.97,1488263.326
000338.SZ,20241114,310.04,312.5,302.88,302.88,310.93,-8.050000000000011,-2.59,931857.57,1279529.437
000338.SZ,20241115,302.43,314.29,301.98,311.15,302.88,8.269999999999982,2.73,1418671.95,1967258.817
000338.SZ,20241118,312.72,315.18,304.44,306.9,311.15,-4.25,-1.37,1060788.83,1470514.026
000338.SZ,20241119,306.9,310.26,303.77,310.26,306.9,3.3600000000000136,1.09,911364.84,1251841.497
000338.SZ,20241120,308.92,311.6,307.35,311.15,310.26,0.8899999999999864,0.29,791983.87,1095857.226
000338.SZ,20241121,309.36,318.09,308.92,315.18,311.15,4.03000000000003,1.3,1311097.52,1848999.99
000338.SZ,20241122,315.18,315.18,301.98,302.21,315.18,-12.970000000000027,-4.12,1101619.51,1517713.753
000338.SZ,20241125,302.21,304.67,297.73,299.52,302.21,-2.6899999999999977,-0.89,891332.9,1195993.174
000338.SZ,20241126,298.63,298.85,292.81,293.04,299.52,-6.479999999999961,-2.16,833556.86,1099445.657
000338.SZ,20241127,291.92,297.06,290.13,297.06,293.04,4.019999999999982,1.37,570924.08,749796.221
000338.SZ,20241128,297.51,298.4,294.15,295.05,297.06,-2.009999999999991,-0.68,441793.4,583497.002
000338.SZ,20241129,294.6,301.76,294.15,300.19,295.05,5.139999999999986,1.74,908286.84,1212261.09
000338.SZ,20241202,299.3,305.56,298.4,304.89,300.19,4.699999999999989,1.57,672791.56,909746.384
000338.SZ,20241203,304.22,304.89,300.86,302.88,304.89,-2.009999999999991,-0.66,553504.34,748162.032
000338.SZ,20241204,301.98,306.9,300.86,303.77,302.88,0.8899999999999864,0.29,719260.95,979285.444
000338.SZ,20241205,302.43,304.0,299.97,301.76,303.77,-2.009999999999991,-0.66,446149.4,601658.602
000338.SZ,20241206,301.31,306.23,301.09,304.22,301.76,2.4600000000000364,0.82,584895.01,795283.889
000338.SZ,20241209,304.44,306.9,302.21,303.55,304.22,-0.6700000000000159,-0.22,460389.38,626673.437
000338.SZ,20241210,310.48,312.05,303.1,303.77,303.55,0.21999999999997044,0.07,894403.74,1228750.295
000338.SZ,20241211,303.77,306.23,302.88,305.56,303.77,1.7900000000000205,0.59,456796.32,623235.303
000338.SZ,20241212,305.56,308.69,304.67,308.47,305.56,2.910000000000025,0.95,597737.56,820226.95
000338.SZ,20241213,307.13,307.35,300.19,300.19,308.47,-8.28000000000003,-2.68,838724.06,1133545.111
000338.SZ,20241216,300.19,301.54,293.48,294.6,300.19,-5.589999999999975,-1.86,688046.55,912741.137
000338.SZ,20241217,294.6,300.42,294.38,296.17,294.6,1.5699999999999932,0.53,672373.12,894171.094
000338.SZ,20241218,297.73,300.19,295.72,296.61,296.17,0.4399999999999977,0.15,452904.41,602301.306
000338.SZ,20241219,294.6,297.29,293.48,296.39,296.61,-0.22000000000002728,-0.07,424636.68,561922.04
000338.SZ,20241220,296.39,297.06,292.36,296.39,296.39,0.0,0.0,446842.22,589561.238
000338.SZ,20241223,297.73,314.96,297.73,308.25,296.39,11.860000000000014,4.0,2126045.72,2935190.549
000338.SZ,20241224,306.01,313.61,304.67,308.02,308.25,-0.2300000000000182,-0.07,1232314.12,1695942.85
000338.SZ,20241225,308.02,315.4,308.02,313.17,308.02,5.150000000000034,1.67,1521600.26,2128127.361
000338.SZ,20241226,312.27,312.94,308.92,311.15,313.17,-2.0200000000000387,-0.65,774226.1,1076985.729
000338.SZ,20241227,316.52,316.52,306.46,310.48,311.15,-0.6699999999999591,-0.22,992775.55,1374578.819
000338.SZ,20241230,309.14,314.29,308.69,310.93,310.48,0.44999999999998863,0.14,733647.05,1023581.744
000338.SZ,20241231,311.38,314.29,306.01,306.46,310.93,-4.470000000000027,-1.44,873592.22,1210662.648
000338.SZ,20250102,306.9,309.36,300.86,302.43,306.46,-4.029999999999973,-1.32,1008267.24,1375335.223
000338.SZ,20250103,302.88,312.5,301.98,302.21,302.43,-0.22000000000002728,-0.07,1203463.2,1651963.129
000338.SZ,20250106,303.32,309.59,302.65,306.46,302.21,4.25,1.41,825414.29,1129357.276
000338.SZ,20250107,305.11,309.59,301.09,307.35,306.46,0.8900000000000432,0.29,775276.49,1059341.947
000338.SZ,20250108,304.67,335.09,304.44,329.05,307.35,21.69999999999999,7.06,3345383.3,4789896.054
000338.SZ,20250109,328.15,330.17,322.12,327.48,329.05,-1.5699999999999932,-0.48,1675942.1,2446962.193
000338.SZ,20250110,326.59,328.15,314.96,315.4,327.48,-12.080000000000041,-3.69,1542165.28,2195929.548
000338.SZ,20250113,310.93,318.31,308.69,310.93,315.4,-4.46999999999997,-1.42,1000210.54,1398922.918
000338.SZ,20250114,313.17,327.26,313.17,325.92,310.93,14.990000000000009,4.82,1386014.13,1997621.638
000338.SZ,20250115,324.35,329.94,323.46,325.02,325.92,-0.9000000000000341,-0.28,824967.82,1203609.524
000338.SZ,20250116,327.26,330.62,325.02,325.69,325.02,0.6700000000000159,0.21,842026.73,1231718.064
000338.SZ,20250117,324.35,326.59,322.12,324.8,325.69,-0.8899999999999864,-0.27,579279.6,840108.405
000338.SZ,20250120,327.04,329.94,323.68,325.25,324.8,0.44999999999998863,0.14,865677.24,1261291.062
000338.SZ,20250121,326.81,329.05,323.23,325.25,325.25,0.0,0.0,745524.6,1085638.986
000338.SZ,20250122,322.12,326.14,319.43,321.89,325.25,-3.3600000000000136,-1.03,573281.55,824752.81
000338.SZ,20250123,324.35,325.47,316.97,317.42,321.89,-4.46999999999997,-1.39,764569.08,1096462.155
000338.SZ,20250124,316.75,322.34,314.29,320.55,317.42,3.1299999999999955,0.99,711232.97,1016736.909
000338.SZ,20250127,321.0,325.92,318.76,322.12,320.55,1.5699999999999932,0.49,764131.96,1102833.014
000338.SZ,20250205,323.68,324.35,312.27,312.5,322.12,-9.620000000000005,-2.99,847092.73,1192605.443
000338.SZ,20250206,312.72,313.84,306.9,313.61,312.5,1.1100000000000136,0.36,868851.58,1206403.274
000338.SZ,20250207,312.5,316.3,308.92,315.63,313.61,2.019999999999982,0.64,1012707.19,1419090.257
000338.SZ,20250210,315.85,318.98,313.17,315.18,315.63,-0.44999999999998863,-0.14,809030.85,1141855.5
000338.SZ,20250211,315.85,330.62,313.61,322.12,315.18,6.939999999999998,2.2,1490064.54,2150438.566
000338.SZ,20250212,320.33,330.62,318.31,330.62,322.12,8.5,2.64,1465690.71,2142791.218
000338.SZ,20250213,330.17,333.75,325.69,327.26,330.62,-3.3600000000000136,-1.02,953040.89,1401235.069
000338.SZ,20250214,327.26,332.85,325.47,329.94,327.26,2.680000000000007,0.82,864709.68,1273246.162
000338.SZ,20250217,331.73,332.18,324.8,329.27,329.94,-0.6700000000000159,-0.2,760552.91,1115032.621
000338.SZ,20250218,329.27,336.65,324.58,326.14,329.27,-3.1299999999999955,-0.95,1128466.83,1672253.955
000338.SZ,20250219,325.02,330.84,324.35,330.17,326.14,4.03000000000003,1.24,832470.66,1221609.183
000338.SZ,20250220,330.17,332.18,325.47,330.39,330.17,0.21999999999997044,0.07,744726.64,1094915.38
000338.SZ,20250221,335.54,355.22,335.54,351.87,330.39,21.480000000000018,6.5,2620655.54,4077780.419
000338.SZ,20250224,350.75,350.97,342.02,344.26,351.87,-7.610000000000014,-2.16,1234066.33,1903829.469
000338.SZ,20250225,341.8,356.56,340.01,348.96,344.26,4.699999999999989,1.37,1386408.05,2168069.363
000338.SZ,20250226,349.63,355.89,349.18,352.98,348.96,4.020000000000039,1.15,1023599.72,1613976.858
000338.SZ,20250227,352.31,359.7,350.75,358.8,352.98,5.819999999999993,1.65,1185327.48,1892718.002
000338.SZ,20250228,357.91,359.7,350.75,350.97,358.8,-7.829999999999984,-2.18,930639.48,1473820.363
000338.SZ,20250303,352.54,364.84,351.42,353.88,350.97,2.909999999999968,0.83,1036197.36,1662388.65
000338.SZ,20250304,349.63,357.91,347.84,356.12,353.88,2.240000000000009,0.63,637886.55,1011572.487
000338.SZ,20250305,361.26,367.75,357.23,359.7,356.12,3.579999999999984,1.01,722342.85,1166919.051
000338.SZ,20250306,365.96,372.22,362.16,366.63,359.7,6.930000000000007,1.93,961816.41,1573252.217
000338.SZ,20250307,365.73,375.13,362.83,371.1,366.63,4.470000000000027,1.22,863093.32,1431064.601
000338.SZ,20250310,371.1,373.79,363.05,365.96,371.1,-5.140000000000043,-1.39,758055.73,1246397.544
000338.SZ,20250311,360.37,372.0,360.37,368.87,365.96,2.910000000000025,0.8,774368.0,1270993.845
000338.SZ,20250312,370.66,371.77,365.06,365.96,368.87,-2.910000000000025,-0.79,484777.52,795120.197
000338.SZ,20250313,365.29,366.63,353.66,356.34,365.96,-9.620000000000005,-2.63,1027125.89,1644050.306
000338.SZ,20250314,356.34,359.92,353.88,358.13,356.34,1.7900000000000205,0.5,722006.95,1154996.661
000338.SZ,20250317,360.37,367.3,357.01,366.18,358.13,8.050000000000011,2.25,740718.65,1202696.502
000338.SZ,20250318,366.18,367.52,362.38,366.63,366.18,0.44999999999998863,0.12,499832.7,815422.224
000338.SZ,20250319,391.46,396.16,368.64,375.58,366.63,8.949999999999989,2.44,1679752.3,2836644.033
000338.SZ,20250320,372.0,374.68,368.2,371.33,375.58,-4.25,-1.13,630559.09,1047663.379
000338.SZ,20250321,372.67,372.89,361.48,363.72,371.33,-7.609999999999957,-2.05,583766.91,954804.251
000338.SZ,20250324,363.72,368.64,360.59,363.5,363.72,-0.22000000000002728,-0.06,508640.41,827574.294
000338.SZ,20250325,363.72,364.17,356.12,356.79,363.5,-6.7099999999999795,-1.85,527353.76,844999.961
000338.SZ,20250326,356.34,357.46,352.98,353.43,356.79,-3.3600000000000136,-0.94,468218.75,742181.041
000338.SZ,20250327,353.43,354.55,351.19,352.54,353.43,-0.8899999999999864,-0.25,335592.57,529770.028
000338.SZ,20250328,357.01,366.41,357.01,364.62,352.54,12.079999999999984,3.43,917794.78,1486492.126
000338.SZ,20250331,364.17,371.1,361.48,367.08,364.62,2.4599999999999795,0.67,739936.89,1213848.183
000338.SZ,20250401,365.29,366.85,356.79,357.01,367.08,-10.069999999999993,-2.74,620735.7,997300.892
000338.SZ,20250402,357.23,359.92,353.66,357.46,357.01,0.44999999999998863,0.13,391398.48,625576.491
000338.SZ,20250403,353.43,356.79,348.29,349.85,357.46,-7.609999999999957,-2.13,432902.46,680772.001
000338.SZ,20250407,327.48,329.94,314.96,323.23,349.85,-26.620000000000005,-7.61,1311923.14,1887529.739
000338.SZ,20250408,322.12,329.5,320.55,328.83,323.23,5.599999999999966,1.73,878759.78,1278301.312
000338.SZ,20250409,325.69,335.09,319.88,333.08,328.83,4.25,1.29,738164.11,1083905.439
000338.SZ,20250410,340.01,347.39,337.33,341.8,333.08,8.720000000000027,2.62,654644.5,1003442.027
000338.SZ,20250411,340.23,350.3,338.89,348.96,341.8,7.159999999999968,2.09,542086.85,839036.635
000338.SZ,20250414,351.87,352.54,342.92,344.93,348.96,-4.029999999999973,-1.15,557491.39,860440.112
000338.SZ,20250415,345.16,345.38,340.01,344.26,344.93,-0.6700000000000159,-0.19,388460.3,595149.148
000338.SZ,20250416,342.25,344.04,338.44,343.37,344.26,-0.8899999999999864,-0.26,457402.92,696558.821
000338.SZ,20250417,342.02,342.02,337.55,338.67,343.37,-4.699999999999989,-1.37,311788.0,472838.436
000338.SZ,20250418,338.22,343.37,335.98,342.25,338.67,3.579999999999984,1.06,236760.29,360276.044
000338.SZ,20250421,341.13,345.83,340.68,344.04,342.25,1.7900000000000205,0.52,252843.7,387762.693
000338.SZ,20250422,343.14,347.84,340.68,340.68,344.04,-3.3600000000000136,-0.98,279705.25,429014.762
000338.SZ,20250423,342.69,346.27,340.23,342.02,340.68,1.339999999999975,0.39,307288.93,471542.954
000338.SZ,20250424,343.37,344.93,340.23,342.69,342.02,0.6700000000000159,0.2,218140.89,333842.089
000338.SZ,20250425,342.69,343.59,339.56,339.79,342.69,-2.8999999999999773,-0.85,260290.83,396853.77
000338.SZ,20250428,339.12,342.47,338.22,338.89,339.79,-0.9000000000000341,-0.26,278300.41,423348.242
000338.SZ,20250429,340.23,343.81,338.67,342.47,338.89,3.580000000000041,1.06,275997.23,422297.338
000338.SZ,20250430,343.14,344.71,332.63,340.01,342.47,-2.4600000000000364,-0.72,500124.14,755575.199
000338.SZ,20250506,342.25,346.94,341.13,346.94,340.01,6.930000000000007,2.04,466266.05,719118.59
000338.SZ,20250507,348.96,350.08,335.31,335.31,346.94,-11.629999999999995,-3.35,789550.77,1201210.867
000338.SZ,20250508,335.54,337.33,333.97,335.54,335.31,0.2300000000000182,0.07,371762.13,557678.768
000338.SZ,20250509,335.31,338.22,333.97,335.54,335.54,0.0,0.0,376169.7,564051.764
000338.SZ,20250512,336.65,348.51,336.65,342.02,335.54,6.479999999999961,1.93,852704.03,1307852.254
000338.SZ,20250513,345.83,346.27,340.68,341.35,342.02,-0.6699999999999591,-0.2,467488.99,717172.598
000338.SZ,20250514,341.58,342.92,339.12,342.02,341.35,0.6699999999999591,0.2,286564.72,436728.634
000338.SZ,20250515,341.35,341.8,333.75,333.97,342.02,-8.049999999999955,-2.35,440375.11,662250.047
000338.SZ,20250516,333.97,336.88,332.4,332.85,333.97,-1.1200000000000045,-0.34,378738.7,565812.713
000338.SZ,20250519,333.08,334.42,330.17,333.08,332.85,0.22999999999996135,0.07,318999.3,474071.426
000338.SZ,20250520,333.97,334.87,331.29,333.52,333.08,0.4399999999999977,0.13,297899.1,443888.861
000338.SZ,20250521,333.97,343.81,333.75,341.58,333.52,8.060000000000002,2.42,664484.25,1010883.43
000338.SZ,20250522,340.23,343.37,340.01,341.58,341.58,0.0,0.0,349762.36,534383.977
000338.SZ,20250523,341.8,344.48,340.01,340.23,341.58,-1.349999999999966,-0.4,451249.71,690764.725
000338.SZ,20250526,340.01,341.35,332.85,335.31,340.23,-4.920000000000016,-1.45,502328.6,752255.665
000338.SZ,20250527,335.31,336.65,328.15,329.72,335.31,-5.589999999999975,-1.67,461813.64,685100.152
000338.SZ,20250528,331.06,338.67,330.62,335.76,329.72,6.039999999999964,1.83,475675.9,713291.559
000338.SZ,20250529,335.31,340.68,333.97,340.01,335.76,4.25,1.27,444871.58,672936.437
000338.SZ,20250530,340.01,342.02,335.54,336.43,340.01,-3.579999999999984,-1.05,334494.45,504834.328
000338.SZ,20250603,337.33,338.67,333.52,338.0,336.43,1.5699999999999932,0.47,411150.68,617687.174
000338.SZ,20250604,338.67,340.91,333.97,338.0,338.0,0.0,0.0,449673.56,678024.923
000338.SZ,20250605,338.0,338.0,331.29,335.54,338.0,-2.4599999999999795,-0.73,548699.58,819126.873
000338.SZ,20250606,335.09,341.8,334.64,340.23,335.54,4.689999999999998,1.4,523972.02,794089.674
000338.SZ,20250609,341.13,347.62,340.23,344.48,340.23,4.25,1.25,434227.7,670165.563
000338.SZ,20250610,344.48,346.05,339.56,341.13,344.48,-3.3500000000000227,-0.97,349728.83,535230.864
000338.SZ,20250611,341.35,344.93,341.35,342.25,341.13,1.1200000000000045,0.33,289537.79,444421.87
000338.SZ,20250612,341.8,348.73,340.01,347.39,342.25,5.139999999999986,1.5,491703.15,761313.606
000338.SZ,20250613,347.17,347.39,344.04,346.27,347.39,-1.1200000000000045,-0.32,369121.43,570293.35
000338.SZ,20250616,344.48,345.6,340.23,342.92,346.27,-3.349999999999966,-0.97,420939.81,643661.157
000338.SZ,20250617,344.26,349.85,342.92,344.48,342.92,1.5600000000000023,0.45,453717.36,702261.647
000338.SZ,20250618,345.6,347.17,341.35,346.72,344.48,2.240000000000009,0.65,325569.59,502990.486
000338.SZ,20250619,345.6,346.05,340.01,340.91,346.72,-5.810000000000002,-1.68,381783.49,583648.692
000338.SZ,20250620,339.79,342.69,339.79,341.58,340.91,0.6699999999999591,0.2,308209.82,470134.245
000338.SZ,20250623,339.56,343.14,336.43,342.02,341.58,0.4399999999999977,0.13,371402.31,564052.835
000338.SZ,20250624,342.92,349.85,342.69,348.96,342.02,6.939999999999998,2.03,496568.74,770818.279
000338.SZ,20250625,350.08,354.33,348.51,352.98,348.96,4.020000000000039,1.15,422854.58,666233.805
000338.SZ,20250626,352.98,355.22,348.06,348.51,352.98,-4.470000000000027,-1.27,415172.24,649853.061
000338.SZ,20250627,348.73,350.08,343.37,344.48,348.51,-4.029999999999973,-1.16,460476.19,713336.634
000338.SZ,20250630,343.81,347.84,343.37,344.04,344.48,-0.4399999999999977,-0.13,454745.32,699965.002
000338.SZ,20250701,344.26,346.05,343.59,344.71,344.04,0.6699999999999591,0.19,333665.2,514394.775
000338.SZ,20250702,344.71,346.27,342.47,343.14,344.71,-1.5699999999999932,-0.46,356686.68,548672.31
000338.SZ,20250703,342.92,344.04,341.13,343.59,343.14,0.44999999999998863,0.13,349433.26,535446.257
000338.SZ,20250704,343.59,343.81,340.68,341.8,343.59,-1.7899999999999636,-0.52,327598.97,500559.566
000338.SZ,20250707,341.8,342.02,337.1,337.33,341.8,-4.470000000000027,-1.31,433956.18,656501.457
000338.SZ,20250708,337.33,342.47,336.88,342.47,337.33,5.140000000000043,1.52,394174.92,600785.121
000338.SZ,20250709,342.25,342.69,338.67,339.12,342.47,-3.3500000000000227,-0.98,462782.25,703028.779
000338.SZ,20250710,338.22,340.68,338.0,339.79,339.12,0.6700000000000159,0.2,293773.1,445951.665
000338.SZ,20250711,340.01,345.38,340.01,342.69,339.79,2.8999999999999773,0.85,470652.3,721851.009
000338.SZ,20250714,342.47,345.38,341.58,343.14,342.69,0.44999999999998863,0.13,390669.06,600165.349
000338.SZ,20250715,344.48,344.48,339.56,341.58,343.14,-1.5600000000000023,-0.45,314936.93,481014.036
000338.SZ,20250716,342.47,346.27,342.02,345.38,341.58,3.8000000000000114,1.11,476238.12,734001.564
000338.SZ,20250717,345.38,347.62,343.81,347.62,345.38,2.240000000000009,0.65,460566.15,712525.953
000338.SZ,20250718,347.62,349.41,345.83,348.96,347.62,1.339999999999975,0.39,410579.76,638811.765
000338.SZ,20250721,350.08,356.12,349.85,355.44,348.96,6.480000000000018,1.86,542597.75,859601.88
000338.SZ,20250722,355.22,365.96,353.88,365.29,355.44,9.850000000000023,2.77,736867.2,1190024.917
000338.SZ,20250723,364.62,365.96,358.58,360.14,365.29,-5.150000000000034,-1.41,486752.56,786421.598
000338.SZ,20250724,360.37,361.26,357.46,359.7,360.14,-0.4399999999999977,-0.12,434362.94,696571.603
000338.SZ,20250725,361.3,361.75,356.72,357.18,359.69,-2.509999999999991,-0.7,449235.67,705384.431
000338.SZ,20250728,357.18,359.01,353.98,357.64,357.18,0.45999999999997954,0.13,467066.8,727934.736
000338.SZ,20250729,356.26,356.26,346.66,350.55,357.64,-7.089999999999975,-1.98,660213.72,1010388.467
000338.SZ,20250730,350.78,355.58,350.09,352.38,350.55,1.829999999999984,0.52,461640.88,713163.853
000338.SZ,20250731,352.15,352.15,345.52,345.97,352.38,-6.409999999999968,-1.82,521859.16,793217.239
000338.SZ,20250801,347.8,349.18,344.83,346.2,345.97,0.22999999999996135,0.07,294984.79,447825.827
000338.SZ,20250804,346.2,347.12,345.06,346.66,346.2,0.4600000000000364,0.13,325723.09,492675.697
000338.SZ,20250805,348.03,349.86,347.58,348.95,346.66,2.2899999999999636,0.66,284311.43,433804.92
000338.SZ,20250806,348.95,349.18,345.29,348.49,348.95,-0.45999999999997954,-0.13,373855.99,568255.952
000338.SZ,20250807,348.95,349.86,345.75,346.66,348.49,-1.829999999999984,-0.53,360134.97,546948.989
000338.SZ,20250808,346.89,351.01,346.43,349.63,346.66,2.9699999999999704,0.86,420681.07,642139.345
000338.SZ,20250811,349.63,350.09,346.66,348.26,349.63,-1.3700000000000045,-0.39,424528.32,646315.444
000338.SZ,20250812,348.03,348.49,346.43,347.8,348.26,-0.45999999999997954,-0.13,391018.56,593643.526
000338.SZ,20250813,348.26,348.72,345.75,346.89,347.8,-0.910000000000025,-0.26,562632.75,854038.024
000338.SZ,20250814,354.21,365.41,354.21,355.81,346.89,8.920000000000016,2.57,2076517.06,3271055.829
000338.SZ,20250815,353.75,356.72,352.83,353.98,355.81,-1.829999999999984,-0.51,799950.93,1240417.941
000338.SZ,20250818,355.58,356.26,351.01,351.92,353.98,-2.0600000000000023,-0.58,913054.18,1408839.381
000338.SZ,20250819,352.15,353.75,348.03,348.95,351.92,-2.9700000000000273,-0.84,730066.39,1117721.094
000338.SZ,20250820,348.49,352.61,347.12,352.61,348.95,3.660000000000025,1.05,609316.7,932920.752
000338.SZ,20250821,352.61,356.95,351.69,355.35,352.61,2.740000000000009,0.78,776413.01,1204602.34
000338.SZ,20250822,355.35,357.41,352.83,356.49,355.35,1.1399999999999864,0.32,622215.69,965186.492
000338.SZ,20250825,355.81,360.61,355.58,360.61,356.49,4.1200000000000045,1.16,834913.65,1307654.555
000338.SZ,20250826,359.47,360.84,356.95,358.78,360.61,-1.830000000000041,-0.51,682768.16,1071164.197
000338.SZ,20250827,359.01,359.92,348.26,348.49,358.78,-10.289999999999964,-2.87,943598.89,1460875.894
000338.SZ,20250828,348.72,350.78,341.4,347.12,348.49,-1.3700000000000045,-0.39,839549.67,1272887.213
000338.SZ,20250829,347.35,352.38,345.75,346.2,347.12,-0.9200000000000159,-0.27,1359945.13,2078629.985
000338.SZ,20250901,344.37,346.89,336.37,338.66,346.2,-7.539999999999964,-2.18,1604909.91,2391939.79
000338.SZ,20250902,340.26,343.69,337.51,340.72,338.66,2.0600000000000023,0.61,822651.67,1224478.009
000338.SZ,20250903,340.72,349.63,339.57,339.8,340.72,-0.9200000000000159,-0.27,1067622.92,1608740.72
000338.SZ,20250904,340.03,340.72,332.71,336.14,339.8,-3.660000000000025,-1.08,892493.4,1311501.831
000338.SZ,20250905,336.14,341.17,334.08,340.49,336.14,4.350000000000023,1.29,865054.68,1284465.368
000338.SZ,20250908,340.49,341.17,334.77,335.23,340.49,-5.259999999999991,-1.54,1015446.42,1494329.051
000338.SZ,20250909,335.23,339.11,332.94,334.77,335.23,-0.4600000000000364,-0.14,866452.34,1273092.746
000338.SZ,20250910,337.29,337.29,331.8,332.71,334.77,-2.0600000000000023,-0.62,570456.42,832673.408
000338.SZ,20250911,332.03,334.77,331.11,334.31,332.71,1.6000000000000227,0.48,680906.89,990442.626
000338.SZ,20250912,334.31,336.6,327.45,328.14,334.31,-6.170000000000016,-1.85,1294996.3,1871954.069
000338.SZ,20250915,328.6,329.97,324.48,325.62,328.14,-2.519999999999982,-0.77,1025122.72,1465650.616
000338.SZ,20250916,324.94,326.31,320.59,323.34,325.62,-2.2800000000000296,-0.7,1128236.58,1590813.868
000338.SZ,20250917,323.34,331.8,323.34,326.54,323.34,3.2000000000000455,0.99,1315019.32,1876387.831
000338.SZ,20250918,326.54,328.37,322.19,324.02,326.54,-2.5200000000000387,-0.77,957241.94,1363723.041
000338.SZ,20250919,322.65,327.45,322.19,324.71,324.02,0.6899999999999977,0.21,611347.3,869287.557
000338.SZ,20250922,324.71,325.85,320.59,321.74,324.71,-2.9699999999999704,-0.91,576950.56,812534.511
000338.SZ,20250923,322.19,326.31,320.36,323.34,321.74,1.599999999999966,0.5,734907.46,1037030.843
000338.SZ,20250924,323.11,324.02,320.36,323.79,323.34,0.4500000000000455,0.14,672298.39,946463.883
000338.SZ,20250925,322.42,323.57,315.79,316.02,323.79,-7.770000000000039,-2.4,1154807.8,1608375.739
000338.SZ,20250926,315.79,318.53,313.28,314.88,316.02,-1.1399999999999864,-0.36,801876.56,1106429.609
000338.SZ,20250929,315.1,318.99,312.13,318.53,314.88,3.6499999999999773,1.16,758926.51,1046368.563
000338.SZ,20250930,318.31,321.74,315.79,320.59,318.53,2.0600000000000023,0.65,776104.26,1082772.162
000338.SZ,20251009,321.51,329.05,320.59,328.6,320.59,8.010000000000048,2.5,1165966.87,1657972.152
000338.SZ,20251010,328.6,329.74,326.77,327.22,328.6,-1.3799999999999955,-0.42,681202.97,977397.128
000338.SZ,20251013,321.74,327.0,320.14,326.54,327.22,-0.6800000000000068,-0.21,735117.58,1041548.759
000338.SZ,20251014,327.91,337.51,327.91,332.71,326.54,6.169999999999959,1.89,1206586.22,1759763.338
000338.SZ,20251015,334.08,337.29,332.48,336.6,332.71,3.890000000000043,1.17,921046.9,1350795.013
000338.SZ,20251016,337.06,337.51,332.94,335.0,336.6,-1.6000000000000227,-0.48,673501.83,987473.536
000338.SZ,20251017,335.23,335.46,328.6,329.28,335.0,-5.720000000000027,-1.71,576446.79,835993.451
000338.SZ,20251020,331.57,332.48,327.91,329.97,329.28,0.6900000000000546,0.21,428038.13,617312.195
000338.SZ,20251021,330.65,336.14,329.51,333.4,329.97,3.42999999999995,1.04,556680.18,810573.783
000338.SZ,20251022,332.94,335.68,331.8,334.54,333.4,1.1400000000000432,0.34,475341.06,695486.725
000338.SZ,20251023,333.86,334.31,329.28,332.48,334.54,-2.0600000000000023,-0.62,439139.99,635934.749
000338.SZ,20251024,333.66,336.94,332.01,332.95,332.48,0.46999999999997044,0.14,432028.91,615025.787
000338.SZ,20251027,333.19,334.36,331.54,332.25,332.95,-0.6999999999999886,-0.21,624295.85,885622.129
000338.SZ,20251028,332.25,334.59,328.03,331.31,332.25,-0.9399999999999977,-0.28,697667.87,984427.62
000338.SZ,20251029,331.54,332.95,328.97,332.95,331.31,1.6399999999999864,0.5,404760.95,570789.653
000338.SZ,20251030,332.72,340.92,331.78,338.58,332.95,5.6299999999999955,1.69,1126254.17,1624885.132
000338.SZ,20251031,343.74,355.46,342.8,350.77,338.58,12.189999999999998,3.6,2035882.14,3047590.819
000338.SZ,20251103,352.88,363.2,349.83,362.5,350.77,11.730000000000018,3.34,1853352.43,2831476.234
000338.SZ,20251104,363.9,380.08,363.9,369.76,362.5,7.259999999999991,2.0,2457719.79,3896368.32
000338.SZ,20251105,366.48,385.94,362.96,384.3,369.76,14.54000000000002,3.93,2155497.96,3471714.131
000338.SZ,20251106,419.71,422.75,412.67,422.75,384.3,38.44999999999999,10.01,1684961.41,3031832.221
000338.SZ,20251107,422.29,434.95,410.56,428.38,422.75,5.6299999999999955,1.33,5619969.63,10108415.394
000338.SZ,20251110,436.82,441.04,418.07,429.55,428.38,1.170000000000016,0.27,2941712.1,5350989.027
000338.SZ,20251111,438.93,443.15,427.91,429.09,429.55,-0.4600000000000364,-0.11,2100769.07,3883877.078
000338.SZ,20251112,421.35,425.1,413.84,419.71,429.09,-9.379999999999995,-2.19,2058310.58,3679717.398
000338.SZ,20251113,419.71,430.96,416.89,422.05,419.71,2.340000000000032,0.56,1539102.8,2775562.63
000338.SZ,20251114,414.08,419.47,398.37,399.31,422.05,-22.74000000000001,-5.39,1956777.63,3376809.953
000338.SZ,20251117,403.29,426.98,403.29,415.02,399.31,15.70999999999998,3.93,1761133.3,3142643.283
000338.SZ,20251118,412.67,418.53,405.64,408.45,415.02,-6.569999999999993,-1.58,938523.03,1641293.328
000338.SZ,20251119,408.45,409.86,399.78,403.29,408.45,-5.159999999999968,-1.26,641770.55,1103181.737
000338.SZ,20251120,415.25,417.83,400.95,402.12,403.29,-1.170000000000016,-0.29,718059.76,1250113.774
000338.SZ,20251121,391.57,399.78,389.23,390.63,402.12,-11.490000000000009,-2.86,926386.64,1556980.742
000338.SZ,20251124,392.74,395.09,384.54,389.23,390.63,-1.3999999999999773,-0.36,714815.0,1183211.212
000338.SZ,20251125,391.34,399.31,388.05,395.56,389.23,6.329999999999984,1.63,933488.9,1570220.228
000338.SZ,20251126,397.9,401.18,391.57,396.26,395.56,0.6999999999999886,0.18,673444.1,1139413.422
000338.SZ,20251127,398.84,404.93,397.9,398.14,396.26,1.8799999999999955,0.47,602312.27,1029747.975
000338.SZ,20251128,398.37,412.67,397.67,405.87,398.14,7.730000000000018,1.94,914724.36,1583636.218
000338.SZ,20251201,410.09,412.67,399.31,407.28,405.87,1.4099999999999682,0.35,830802.76,1436198.852
000338.SZ,20251202,406.11,407.28,398.37,401.18,407.28,-6.099999999999966,-1.5,483936.34,828747.589
000338.SZ,20251203,401.18,404.47,399.07,400.48,401.18,-0.6999999999999886,-0.17,511288.08,874238.76
000338.SZ,20251204,403.06,409.16,402.12,406.58,400.48,6.099999999999966,1.52,509702.04,882139.511
000338.SZ,20251205,407.28,419.0,404.93,415.02,406.58,8.439999999999998,2.08,846592.59,1496494.106
000338.SZ,20251208,415.49,415.49,403.76,408.92,415.02,-6.099999999999966,-1.47,753382.21,1310597.741
000338.SZ,20251209,408.69,411.03,402.59,403.76,408.92,-5.160000000000025,-1.26,524795.7,908102.253
000338.SZ,20251210,404.0,410.33,400.01,410.09,403.76,6.329999999999984,1.57,503202.56,871589.012
000338.SZ,20251211,416.19,422.05,409.86,410.33,410.09,0.2400000000000091,0.06,714898.18,1269563.941
000338.SZ,20251212,413.38,422.52,410.33,421.58,410.33,11.25,2.74,963181.13,1720219.584
000338.SZ,20251215,416.19,423.69,415.02,418.53,421.58,-3.0500000000000114,-0.72,696701.0,1246049.916
000338.SZ,20251216,417.6,417.6,403.29,409.62,418.53,-8.909999999999968,-2.13,719834.97,1254439.488
000338.SZ,20251217,411.03,413.84,405.4,411.97,409.62,2.3500000000000227,0.57,563782.39,985405.406
000338.SZ,20251218,406.34,408.69,398.6,403.06,411.97,-8.910000000000025,-2.16,637006.79,1091697.617
000338.SZ,20251219,402.59,415.02,402.12,410.8,403.06,7.740000000000009,1.92,585879.28,1027564.308
000338.SZ,20251222,412.44,417.36,407.98,416.42,410.8,5.6200000000000045,1.37,575423.45,1013681.869
000338.SZ,20251223,412.67,417.13,408.92,414.78,416.42,-1.6400000000000432,-0.39,411248.74,725794.111
000338.SZ,20251224,412.67,419.24,409.86,411.5,414.78,-3.2799999999999727,-0.79,398942.24,701743.221
000338.SZ,20251225,408.69,411.27,404.93,405.87,411.5,-5.6299999999999955,-1.37,462918.53,803060.39
000338.SZ,20251226,403.76,414.31,403.29,411.5,405.87,5.6299999999999955,1.39,460693.46,806358.192
000338.SZ,20251229,411.03,412.2,403.53,406.34,411.5,-5.160000000000025,-1.25,524821.66,911780.735
000338.SZ,20251230,403.53,412.2,402.12,407.05,406.34,0.7100000000000364,0.17,557422.74,969129.13
000338.SZ,20251231,409.39,410.8,402.12,403.29,407.05,-3.759999999999991,-0.92,442396.38,763967.045
000338.SZ,20260105,404.0,416.89,404.0,407.98,403.29,4.689999999999998,1.16,710683.28,1240767.914
000338.SZ,20260106,408.45,415.96,404.93,414.08,407.98,6.099999999999966,1.5,671535.05,1177779.838
000338.SZ,20260107,413.84,420.64,411.5,417.83,414.08,3.75,0.91,647795.42,1153096.732
000338.SZ,20260108,416.42,416.42,408.45,412.2,417.83,-5.6299999999999955,-1.35,559328.15,981175.655
000338.SZ,20260109,423.22,436.59,422.29,430.02,412.2,17.819999999999993,4.32,1251970.59,2289394.006
000338.SZ,20260112,437.76,447.84,432.37,441.75,430.02,11.730000000000018,2.73,1511400.55,2838312.332
000338.SZ,20260113,441.51,448.55,434.95,445.5,441.75,3.75,0.85,1165916.26,2201390.718
000338.SZ,20260114,444.56,465.43,444.56,454.64,445.5,9.139999999999986,2.05,1663964.41,3239556.283
000338.SZ,20260115,453.94,479.03,450.66,473.64,454.64,19.0,4.18,1486761.0,2985068.479
000338.SZ,20260116,473.64,504.35,471.76,490.99,473.64,17.350000000000023,3.66,2157344.37,4514968.075
000338.SZ,20260119,492.39,536.47,487.7,528.74,490.99,37.75,7.69,2369618.62,5247015.395
000338.SZ,20260120,518.19,520.3,502.01,506.46,528.74,-22.28000000000003,-4.21,1696042.56,3681440.026
000338.SZ,20260121,508.81,536.24,495.91,528.97,506.46,22.510000000000048,4.44,1885560.77,4177761.76
000338.SZ,20260122,529.67,539.29,518.65,524.28,528.97,-4.690000000000055,-0.89,1474317.88,3311618.648
000338.SZ,20260123,529.67,559.92,529.44,551.01,524.28,26.730000000000018,5.1,2018001.95,4747787.994
000338.SZ,20260126,565.55,603.06,562.74,570.24,551.01,19.230000000000018,3.49,2784826.76,6929731.695
000338.SZ,20260127,563.91,584.31,560.39,562.97,570.24,-7.269999999999982,-1.27,1510766.75,3661474.754
000338.SZ,20260128,567.42,573.29,553.36,556.87,562.97,-6.100000000000023,-1.08,1421378.57,3398898.815
000338.SZ,20260129,562.74,564.61,536.47,544.68,556.87,-12.190000000000055,-2.19,1590710.76,3683388.238
000338.SZ,20260130,540.93,560.86,534.36,556.64,544.68,11.960000000000036,2.2,1189384.64,2784211.048
000338.SZ,20260202,551.01,555.7,526.86,529.21,556.64,-27.42999999999995,-4.93,1163041.17,2664191.726
000338.SZ,20260203,543.98,572.58,539.76,570.0,529.21,40.789999999999964,7.71,1280820.07,3045542.745
000338.SZ,20260204,572.82,592.75,570.0,590.64,570.0,20.639999999999986,3.62,1432970.57,3580214.293
000338.SZ,20260205,588.53,590.17,569.77,572.82,590.64,-17.819999999999936,-3.02,955648.94,2354299.137
000338.SZ,20260206,559.92,568.13,549.37,557.58,572.82,-15.240000000000009,-2.66,917581.25,2188921.677
000338.SZ,20260209,574.93,606.35,574.93,603.53,557.58,45.94999999999993,8.24,1340670.71,3401969.242
000338.SZ,20260210,605.41,614.55,593.22,607.05,603.53,3.519999999999982,0.58,964512.24,2487122.41
000338.SZ,20260211,601.19,619.95,599.78,608.93,607.05,1.8799999999999955,0.31,871495.4,2270345.421
000338.SZ,20260212,618.77,663.32,612.68,658.17,608.93,49.24000000000001,8.09,1599797.06,4393014.36
000338.SZ,20260213,642.69,649.02,626.04,628.15,658.17,-30.019999999999982,-4.56,1208229.52,3271019.282
000338.SZ,20260224,639.64,683.49,633.78,682.32,628.15,54.17000000000007,8.62,1875764.47,5317996.489
000338.SZ,20260225,689.12,707.87,663.09,668.72,682.32,-13.600000000000023,-1.99,2093359.44,6082965.018
000338.SZ,20260226,665.2,696.85,654.18,685.13,668.72,16.409999999999968,2.45,1729145.74,4996212.726
000338.SZ,20260227,658.87,668.48,644.33,653.24,685.13,-31.889999999999986,-4.65,1506107.88,4208555.795
000338.SZ,20260302,644.8,663.79,642.69,649.96,653.24,-3.2799999999999727,-0.5,1231691.69,3425918.83
000338.SZ,20260303,647.85,657.7,619.01,620.42,649.96,-29.540000000000077,-4.54,1894395.31,5081710.21
000338.SZ,20260304,613.85,635.89,607.75,619.48,620.42,-0.9399999999999409,-0.15,1157506.78,3068207.963
000338.SZ,20260305,642.22,663.32,637.77,654.41,619.48,34.92999999999995,5.64,1569695.03,4375001.856
000338.SZ,20260306,643.63,677.39,631.44,660.28,654.41,5.8700000000000045,0.9,1619099.57,4538183.867
000338.SZ,20260309,626.04,631.9,595.8,625.11,660.28,-35.16999999999996,-5.33,1676527.82,4391240.789
000338.SZ,20260310,642.46,664.73,638.94,652.3,625.11,27.18999999999994,4.35,1485989.44,4150709.023
000338.SZ,20260311,649.02,652.3,604.94,622.76,652.3,-29.539999999999964,-4.53,1688736.28,4498324.887
000338.SZ,20260312,619.24,622.53,582.2,590.87,622.76,-31.889999999999986,-5.12,2003361.24,5065645.69
000338.SZ,20260313,587.12,602.6,578.68,583.37,590.87,-7.5,-1.27,1439677.59,3610079.349
000338.SZ,20260316,581.96,582.2,563.67,575.63,583.37,-7.740000000000009,-1.33,1047510.78,2553117.873
000338.SZ,20260317,586.18,605.64,578.68,579.15,575.63,3.519999999999982,0.61,1241283.1,3129803.675
000338.SZ,20260318,583.37,597.91,574.69,594.86,579.15,15.710000000000036,2.71,1015332.56,2538074.576
000338.SZ,20260319,570.71,578.44,555.0,558.05,594.86,-36.81000000000006,-6.19,1402733.4,3371606.198
000338.SZ,20260320,564.38,569.77,544.45,547.73,558.05,-10.319999999999936,-1.85,1090391.94,2574780.389
000338.SZ,20260323,532.96,541.63,523.58,528.5,547.73,-19.230000000000018,-3.51,1151666.32,2621067.636
000338.SZ,20260324,539.29,559.45,528.5,555.94,528.5,27.440000000000055,5.19,1343947.65,3148723.925
000338.SZ,20260325,581.73,600.25,571.88,574.93,555.94,18.989999999999895,3.42,1301322.25,3241925.867
000338.SZ,20260326,579.85,579.85,554.29,557.58,574.93,-17.34999999999991,-3.02,818476.64,1966240.534
000338.SZ,20260327,504.12,559.92,501.77,551.01,557.58,-6.57000000000005,-1.18,2989689.7,6748424.176
000338.SZ,20260330,534.13,581.26,534.13,572.82,551.01,21.81000000000006,3.96,1756952.96,4253900.377
000338.SZ,20260331,570.24,580.56,562.97,568.36,572.82,-4.460000000000036,-0.78,992952.05,2422892.412
000338.SZ,20260401,586.18,597.67,581.49,593.22,568.36,24.860000000000014,4.37,1203560.03,3035964.526
000338.SZ,20260402,595.56,604.94,589.23,594.39,593.22,1.169999999999959,0.2,829769.1,2104701.953
000338.SZ,20260403,595.33,607.29,587.59,588.53,594.39,-5.860000000000014,-0.99,644694.63,1633546.878
000338.SZ,20260407,588.53,589.47,556.87,559.92,588.53,-28.610000000000014,-4.86,1036113.3,2503570.293
000338.SZ,20260408,594.62,609.63,585.01,595.56,559.92,35.639999999999986,6.37,1469673.69,3715654.667
000338.SZ,20260409,586.18,616.2,583.84,609.16,595.56,13.600000000000023,2.28,1370188.25,3533828.169
000338.SZ,20260410,622.53,637.77,612.21,633.08,609.16,23.920000000000073,3.93,1271330.11,3413674.977
000338.SZ,20260413,616.66,638.47,608.93,630.26,633.08,-2.82000000000005,-0.45,996191.01,2650171.129
000338.SZ,20260414,669.65,681.85,608.46,613.85,630.26,-16.409999999999968,-2.6,1409496.1,3790972.782
000338.SZ,20260415,633.08,644.8,621.59,623.7,613.85,9.850000000000023,1.6,1246661.16,3362959.788
000338.SZ,20260416,627.92,646.44,618.54,642.46,623.7,18.75999999999999,3.01,1202643.89,3241034.069
000338.SZ,20260417,636.13,636.13,617.84,621.35,642.46,-21.110000000000014,-3.29,946089.66,2514129.347
000338.SZ,20260420,622.76,643.16,614.55,618.07,621.35,-3.2799999999999727,-0.53,1085842.7,2917441.424
000338.SZ,20260421,617.84,634.72,613.15,631.44,618.07,13.370000000000005,2.16,954623.48,2549436.042
000338.SZ,20260422,625.11,666.37,621.35,656.06,631.44,24.61999999999989,3.9,1209560.81,3333223.353
000338.SZ,20260423,689.12,707.64,675.99,691.46,656.06,35.40000000000009,5.4,2039152.74,6034776.644
000338.SZ,20260424,695.68,702.25,678.56,693.81,691.46,2.349999999999909,0.34,1046742.74,3085838.068
000338.SZ,20260427,696.85,719.6,692.63,695.45,693.81,1.6400000000001,0.24,1037049.9,3107949.028
000338.SZ,20260428,697.09,712.8,692.4,705.29,695.45,9.839999999999918,1.41,1143307.53,3428973.381
000338.SZ,20260429,703.42,710.45,695.45,706.94,705.29,1.650000000000091,0.23,738067.04,2213855.173
000338.SZ,20260430,724.52,765.79,722.41,731.56,706.94,24.61999999999989,3.48,1696339.23,5366035.687
000338.SZ,20260506,801.43,804.71,797.44,804.71,731.56,73.15000000000009,10.0,1230508.12,4219620.855
000338.SZ,20260507,837.3,840.59,802.84,820.66,804.71,15.949999999999932,1.98,1803513.77,6286238.501
000338.SZ,20260508,804.48,808.93,770.95,775.17,820.66,-45.49000000000001,-5.54,1451545.23,4838192.087
000338.SZ,20260511,785.48,793.69,773.53,786.19,775.17,11.020000000000095,1.42,1056211.12,3526069.082
000338.SZ,20260512,789.47,791.58,752.66,766.73,786.19,-19.460000000000036,-2.48,1131097.6,3703690.913
000338.SZ,20260513,750.55,808.7,744.69,805.18,766.73,38.44999999999993,5.01,1394130.08,4686018.541
000338.SZ,20260514,825.34,833.79,801.9,801.9,805.18,-3.2799999999999727,-0.41,1231578.77,4293298.36
000338.SZ,20260515,802.6,835.66,792.52,815.26,801.9,13.360000000000014,1.67,1087487.57,3793084.838
000338.SZ,20260518,791.58,794.63,770.95,780.8,815.26,-34.460000000000036,-4.23,1185860.91,3944416.754
000338.SZ,20260519,787.83,791.35,752.19,777.28,780.8,-3.519999999999982,-0.45,938787.98,3074525.658
000338.SZ,20260520,775.64,777.28,737.42,764.62,777.28,-12.659999999999968,-1.63,1198861.36,3868303.951
000338.SZ,20260521,779.86,798.38,756.18,756.88,764.62,-7.740000000000009,-1.01,991015.29,3306015.682
000338.SZ,20260522,769.07,799.55,768.84,797.44,756.88,40.56000000000006,5.36,1004087.06,3368399.384
000338.SZ,20260525,797.68,826.75,779.62,823.0,797.44,25.559999999999945,3.21,881612.0,3047587.438
000338.SZ,20260526,822.06,833.79,806.59,817.14,823.0,-5.860000000000014,-0.71,635335.38,2217500.629
000338.SZ,20260527,823.47,841.05,804.95,808.93,817.14,-8.210000000000036,-1.0,715651.74,2498659.013
000338.SZ,20260528,790.17,832.38,790.17,827.92,808.93,18.99000000000001,2.35,949361.8,3302575.37
000338.SZ,20260529,841.52,852.07,820.66,828.63,827.92,0.7100000000000364,0.09,1045407.55,3719542.575
000338.SZ,20260601,824.88,837.07,770.48,790.17,828.63,-38.460000000000036,-4.64,1443625.15,4923451.28
000338.SZ,20260602,774.46,781.5,711.16,755.47,790.17,-34.69999999999993,-4.39,2130784.18,6707391.064
000338.SZ,20260603,767.9,779.86,745.86,756.64,755.47,1.169999999999959,0.15,974382.9,3172603.551
000338.SZ,20260604,757.11,796.74,744.45,791.11,756.64,34.47000000000003,4.56,862090.21,2890569.085
