ts_code,trade_date,total_mv,circ_mv
600774.SH,20121130,142453.515,141079.4542
601199.SH,20121130,262323.6,90254.0233
600318.SH,20121130,202554.0,202554.0
300110.SZ,20121130,264219.835,118920.01
600161.SH,20121130,587116.7627,556116.75
002519.SZ,20121130,158822.4,39705.6
002185.SZ,20121130,261222.816,261077.3539
000900.SZ,20121130,477801.5823,477540.4823
002142.SZ,20121130,2514691.5013,2165638.2568
002604.SZ,20121130,230017.6,160685.0632
002098.SZ,20121130,94550.0,94550.0
002582.SZ,20121130,208558.8,73867.1241
002337.SZ,20121130,176256.0,44651.52
600770.SH,20121130,569973.6,558363.6
002295.SZ,20121130,116490.0,100649.279
002171.SZ,20121130,251376.84,248453.2666
002352.SZ,20121130,144843.0816,36289.5
002497.SZ,20121130,369120.0,92280.0
600260.SH,20121130,414725.04,414725.04
000711.SZ,20121130,111341.6928,111341.6928
002073.SZ,20121130,429086.97,356393.2469
300252.SZ,20121130,96444.0,42418.4823
600297.SH,20121130,176400.0,176400.0
002186.SZ,20121130,411939.6,405648.0316
600074.SH,20121130,267141.2832,267141.2832
600843.SH,20121130,276065.3679,126039.9616
601678.SH,20121130,577500.0,187687.5
002235.SZ,20121130,113490.0,61311.8364
002688.SZ,20121130,218820.28,54705.07
000570.SZ,20121130,277880.2914,203630.2914
300018.SZ,20121130,92040.0,69228.24
000702.SZ,20121130,102387.6772,102385.9165
002027.SZ,20121130,106421.9608,68530.748
000790.SZ,20121130,213795.4878,209993.4028
600259.SH,20121130,908314.8,908314.8
002121.SZ,20121130,262608.78,177165.0921
002282.SZ,20121130,141338.34,135009.9456
300276.SZ,20121130,88530.0,31314.3254
300229.SZ,20121130,224400.0,75335.007
600818.SH,20121130,320279.0088,237092.6088
600822.SH,20121130,194917.3552,155686.1278
600466.SH,20121130,189211.5235,189211.5235
000637.SZ,20121130,179356.9978,126437.4968
002647.SZ,20121130,136310.37,34079.61
600129.SH,20121130,260405.34,260405.34
600596.SH,20121130,425169.5803,425169.5803
300124.SZ,20121130,784598.4,239872.9804
000957.SZ,20121130,121637.5245,121624.3232
600519.SH,20121130,22425726.18,22425726.18
002310.SZ,20121130,1507359.1826,497842.0822
600579.SH,20121130,120898.8,120898.8
002569.SZ,20121130,99033.74,31076.69
002658.SZ,20121130,234666.0696,58686.66
600279.SH,20121130,195676.7739,86222.1474
600823.SH,20121130,1144842.2406,1144842.2406
002220.SZ,20121130,283483.592,239736.8405
002682.SZ,20121130,141600.0,35400.0
601336.SH,20121130,5764922.1168,292981.92
600802.SH,20121130,207739.2743,207739.2743
002309.SZ,20121130,456089.4,455169.819
002430.SZ,20121130,663424.425,244480.3717
000789.SZ,20121130,423221.4143,409746.7896
600435.SH,20121130,495943.56,495943.56
002184.SZ,20121130,101420.0,61187.9173
600896.SH,20121130,195322.0997,195322.0997
000755.SZ,20121130,214453.9318,214435.5974
601988.SH,20121130,77044665.9391,53964917.6541
600012.SH,20121130,621978.75,437100.0
600236.SH,20121130,807279.128,399236.8791
002063.SZ,20121130,565194.3079,424947.837
300311.SZ,20121130,86819.6,21735.6
000049.SZ,20121130,389005.3019,388885.3642
002689.SZ,20121130,176321.1174,44097.5
000788.SZ,20121130,311105.4359,291680.2227
600578.SH,20121130,528228.3427,514916.5676
300294.SZ,20121130,196549.4,49319.6664
002534.SZ,20121130,458995.92,128202.9971
002595.SZ,20121130,401200.0,130006.9543
002632.SZ,20121130,125550.59,45726.45
600317.SH,20121130,731447.0793,372076.7812
600290.SH,20121130,238151.4134,232863.0134
002342.SZ,20121130,537600.0,116449.2
000830.SZ,20121130,496587.8037,496329.1976
601318.SH,20121130,28878086.3516,17460822.3521
600249.SH,20121130,185850.0,185850.0
300309.SZ,20121130,299838.12,77280.0
600479.SH,20121130,320060.16,320060.16
000156.SZ,20121130,913822.4331,53258.4631
600397.SH,20121130,533093.3965,289962.864
000610.SZ,20121130,110375.5725,109243.8492
002570.SZ,20121130,754534.55,462341.4661
600246.SH,20121130,384508.8,384508.8
600739.SH,20121130,1768663.9215,1768663.9215
300054.SZ,20121130,319389.0,152901.7666
601258.SH,20121130,1150838.5,313200.16
600793.SH,20121130,86872.5,86872.5
600573.SH,20121130,149500.0,149500.0
601038.SH,20121130,762859.4,114900.0
002011.SZ,20121130,666160.2807,663478.6551
600313.SH,20121130,235063.8387,194688.0
000056.SZ,20121130,256245.3734,138287.0707
601360.SH,20121130,192640.0,48160.0
601998.SH,20121130,16983799.7133,11503952.3239
002413.SZ,20121130,168021.0,59971.0383
600109.SH,20121130,1269307.2554,1269307.2554
300145.SZ,20121130,234864.0,93273.5954
002690.SZ,20121130,395000.0,98750.0
600309.SH,20121130,2808872.8013,2808872.8013
300106.SZ,20121130,129987.0,66717.6153
000955.SZ,20121130,169387.35,119898.35
002244.SZ,20121130,1173536.0,985357.94
300253.SZ,20121130,214963.0,100483.9079
000985.SZ,20121130,134176.8825,134176.8825
002137.SZ,20121130,143279.604,141588.1867
600439.SH,20121130,349972.1652,349972.1652
002304.SZ,20121130,10778400.0,4877817.7242
600663.SH,20121130,1811653.48,1317341.48
002017.SZ,20121130,187184.8722,185947.4996
000525.SZ,20121130,479855.5192,261491.4744
300351.SZ,20121130,174570.6,44420.0
002366.SZ,20121130,93183.0,55989.8815
300208.SZ,20121130,168700.0,81699.0
600031.SH,20121130,6188870.5017,5730102.0
002066.SZ,20121130,97944.0,97486.5634
600740.SH,20121130,412395.3,333031.0806
002541.SZ,20121130,252992.0,65702.4
000811.SZ,20121130,234390.8657,234362.0413
002478.SZ,20121130,327281.8,56824.8649
002085.SZ,20121130,283601.9497,97975.1735
600600.SH,20121130,4040789.5398,2081477.6284
600354.SH,20121130,254351.5814,248103.5814
000568.SZ,20121130,4682801.1261,4678325.1876
300053.SZ,20121130,110000.0,71573.15
002099.SZ,20121130,170681.74,135540.2165
000958.SZ,20121130,91043.44,59799.7148
000050.SZ,20121130,368086.2375,368071.815
002155.SZ,20121130,1292082.96,1291767.7454
300027.SZ,20121130,783216.0,467480.3018
600459.SH,20121130,245945.25,237830.3988
600962.SH,20121130,163619.04,158508.48
600800.SH,20121130,257345.1108,255831.0895
600716.SH,20121130,336232.6878,132854.6738
000048.SZ,20121130,256735.0168,249567.1587
002075.SZ,20121130,537506.5532,135036.0
002701.SZ,20121130,559979.42,139999.42
600548.SH,20121130,676038.8011,444313.8011
600642.SH,20121130,1967170.009,1967170.009
002160.SZ,20121130,209100.0,199690.5
601558.SH,20121130,1929792.0,201792.0
000973.SZ,20121130,328941.9623,276511.967
000501.SZ,20121130,501161.6069,501112.9114
300156.SZ,20121130,298825.2,155108.9543
000822.SZ,20121130,324023.2772,324020.0797
300178.SZ,20121130,145924.64,82724.8
000760.SZ,20121130,190902.9474,190893.9983
002433.SZ,20121130,259800.0,103905.1914
000061.SZ,20121130,614191.4742,608186.9514
600490.SH,20121130,751100.0,427350.0
600386.SH,20121130,253209.6,253209.6
002651.SZ,20121130,462754.0,47314.0
600734.SH,20121130,113201.8029,89338.3635
002256.SZ,20121130,132796.8,132796.8
000767.SZ,20121130,446095.325,446091.7835
600123.SH,20121130,1966070.4,1966070.4
000631.SZ,20121130,549938.1301,549938.1301
002054.SZ,20121130,186653.7498,138756.692
000029.SZ,20121130,332836.14,293356.14
002016.SZ,20121130,337354.2193,337353.5614
002097.SZ,20121130,249338.7,180624.7066
002106.SZ,20121130,821341.9469,791271.2549
600433.SH,20121130,406480.62,288294.3
002368.SZ,20121130,326004.36,158967.1875
002528.SZ,20121130,246804.912,61893.6
600990.SH,20121130,162993.6,162993.6
002331.SZ,20121130,134579.9399,62254.7933
600115.SH,20121130,3360408.5803,2173079.7303
002271.SZ,20121130,465469.6,271701.3168
002404.SZ,20121130,159318.9,74158.9146
600589.SH,20121130,312899.6,312899.6
000807.SZ,20121130,698784.5347,698750.6409
300112.SZ,20121130,128450.4975,32278.5
002104.SZ,20121130,355155.84,274298.4278
600356.SH,20121130,129464.4,129464.4
002363.SZ,20121130,152400.0,66675.0
002605.SZ,20121130,157641.0,46733.6304
002415.SZ,20121130,5493552.7561,1469019.2343
600640.SH,20121130,332461.3818,128178.2837
600894.SH,20121130,454186.5546,439147.9428
000544.SZ,20121130,227424.0704,227424.0704
600053.SH,20121130,339028.9056,339028.9056
300224.SZ,20121130,306000.0,81193.275
002514.SZ,20121130,132083.2,46617.6
600880.SH,20121130,665658.8816,438915.4858
600210.SH,20121130,469812.7237,469812.7237
300140.SZ,20121130,109678.0,58284.6656
000885.SZ,20121130,328307.141,328307.141
002623.SZ,20121130,273600.0,129960.0
300100.SZ,20121130,140390.25,50300.25
600137.SH,20121130,74857.5428,74857.5428
300250.SZ,20121130,97600.0,33974.56
002400.SZ,20121130,387427.3111,213255.6836
600984.SH,20121130,75449.348,75449.348
002311.SZ,20121130,1156025.208,1155734.736
000592.SZ,20121130,351673.9191,347082.8488
600266.SH,20121130,1008352.8,1008352.8
600061.SH,20121130,163051.5172,163051.5172
002446.SZ,20121130,114073.9613,29034.2
002300.SZ,20121130,198990.0,198968.8589
603008.SH,20121130,168210.0,42052.5
600657.SH,20121130,527394.1129,527394.1129
600858.SH,20121130,389009.8086,354677.943
000960.SZ,20121130,1554682.4706,1554682.4706
002702.SZ,20121130,137158.0,34338.0
002041.SZ,20121130,735680.0,686396.1698
002370.SZ,20121130,145656.0,55749.834
600069.SH,20121130,385449.7252,385449.7252
000878.SZ,20121130,1863980.8208,1863962.2955
002484.SZ,20121130,206128.0,51532.0
002308.SZ,20121130,526589.4,526589.4
002407.SZ,20121130,274193.92,196015.9752
002617.SZ,20121130,111840.0,27960.0
600379.SH,20121130,156138.1681,156138.1681
600470.SH,20121130,411542.4,411542.4
600838.SH,20121130,179595.1275,179595.1275
600847.SH,20121130,113218.82,113218.82
300300.SZ,20121130,200535.0,50710.0
002305.SZ,20121130,548160.0,548160.0
000806.SZ,20121130,172006.8807,171440.8802
000875.SZ,20121130,219005.1,172267.3967
600521.SH,20121130,581389.2291,579516.116
000415.SZ,20121130,701896.8935,240830.3122
601965.SH,20121130,408821.8368,122496.0
600306.SH,20121130,186867.725,181537.95
300136.SZ,20121130,185342.6,115087.0169
600273.SH,20121130,140805.0,140805.0
000995.SZ,20121130,166586.112,166586.112
000983.SZ,20121130,3545100.0,3545067.2164
002638.SZ,20121130,320342.85,197294.499
002357.SZ,20121130,143225.3037,52287.699
600077.SH,20121130,483144.9984,186087.3912
600165.SH,20121130,160262.8034,113462.8034
000682.SZ,20121130,276820.1842,276775.895
600781.SH,20121130,231936.2804,231936.2804
600502.SH,20121130,344658.6,344658.6
300047.SZ,20121130,162862.2,57609.0
600363.SH,20121130,229158.5715,229158.5715
600743.SH,20121130,556362.3254,300053.3941
300008.SZ,20121130,123224.976,77070.8042
600028.SH,20121130,52265812.1022,42163958.3262
300202.SZ,20121130,393811.2,116100.0
002348.SZ,20121130,173574.4,44566.4
300331.SZ,20121130,153946.0,38486.5
002458.SZ,20121130,213688.8,53422.2
002662.SZ,20121130,378600.0,94642.0494
600882.SH,20121130,402431.9494,215436.2334
600482.SH,20121130,292735.0,292735.0
300001.SZ,20121130,185370.0,64676.5855
601798.SH,20121130,324480.0,117624.0
000009.SZ,20121130,839877.9073,831178.6298
002258.SZ,20121130,181592.2976,176116.7746
601107.SH,20121130,941882.48,666123.92
600311.SH,20121130,493875.2,493875.2
600853.SH,20121130,152990.1825,152990.1825
002596.SZ,20121130,174870.0,52625.7563
000887.SZ,20121130,482579.762,482330.1281
000980.SZ,20121130,119192.0,119192.0
002227.SZ,20121130,159825.2704,159825.2704
000521.SZ,20121130,254325.1553,177957.5084
002221.SZ,20121130,249414.1,246914.6025
601857.SH,20121130,155018768.2118,136809199.9118
600569.SH,20121130,493099.0047,493099.0047
600426.SH,20121130,575989.5,575989.5
002585.SZ,20121130,353600.0,88400.0
002040.SZ,20121130,114576.352,114576.352
002425.SZ,20121130,130968.0,34027.2
300299.SZ,20121130,75978.0,19278.0
601808.SH,20121130,6751970.64,4371522.936
002673.SZ,20121130,1322400.0,220400.0
600797.SH,20121130,306491.0922,299103.1662
002448.SZ,20121130,254413.0571,123355.4033
600019.SH,20121130,8178126.4571,8178126.4571
300041.SZ,20121130,120169.1869,56494.9118
600886.SH,20121130,1843254.7769,1104043.1828
300347.SZ,20121130,265291.2,66571.2
600370.SH,20121130,116078.7599,116078.7599
002666.SZ,20121130,188800.0,47200.0
601877.SH,20121130,1611015.0,465960.9441
600126.SH,20121130,239097.5438,239097.5438
600535.SH,20121130,2575393.1577,2575393.1577
300073.SZ,20121130,118080.0,78579.5729
300109.SZ,20121130,73497.6,43482.1244
000070.SZ,20121130,144000.0,136922.6195
300151.SZ,20121130,82108.5,31414.1606
000726.SZ,20121130,597301.2416,329704.8143
300185.SZ,20121130,367200.0,194272.9769
601398.SH,20121130,135536642.9323,101860553.6469
300289.SZ,20121130,293836.8,73459.2
600566.SH,20121130,77945.0256,77945.0256
601886.SH,20121130,1017520.0,473027.2414
002699.SZ,20121130,126599.0,31819.0
000656.SZ,20121130,1223418.2939,384942.5385
002031.SZ,20121130,247159.1757,208794.7981
600253.SH,20121130,265440.0,265059.0481
600066.SH,20121130,1466996.1072,1401214.0272
600782.SH,20121130,562946.0161,562946.0161
600391.SH,20121130,238353.403,238353.403
300341.SZ,20121130,82800.0,20700.0
300065.SZ,20121130,80308.0161,53579.6073
601668.SH,20121130,9360000.0,9360000.0
300175.SZ,20121130,177491.6,99873.0304
002297.SZ,20121130,225556.0,152568.608
600497.SH,20121130,1627138.9203,1627138.9203
000046.SZ,20121130,1722663.8483,1718432.9548
002641.SZ,20121130,324000.0,81000.0
600536.SH,20121130,215763.3483,215763.3483
600268.SH,20121130,299836.3168,299836.3168
600009.SH,20121130,2167828.254,1230160.9466
002058.SZ,20121130,71724.166,71101.092
000417.SZ,20121130,424257.0048,423398.6316
300296.SZ,20121130,113800.0,28450.0
000045.SZ,20121130,196528.7598,136222.9109
601567.SH,20121130,293967.0,98561.52
600987.SH,20121130,264288.96,264288.96
000899.SZ,20121130,233450.6714,118849.707
600120.SH,20121130,355347.8382,355347.8382
600603.SH,20121130,77078.2003,77078.2003
002445.SZ,20121130,183060.9,78916.2
002397.SZ,20121130,146361.6,44966.1216
000925.SZ,20121130,227811.6096,227811.6096
000683.SZ,20121130,336302.5246,336302.5246
000019.SZ,20121130,176633.7084,142720.1551
600874.SH,20121130,620844.3671,472944.3671
600711.SH,20121130,271169.2222,132025.477
300221.SZ,20121130,106600.0,42640.0
002426.SZ,20121130,225831.24,69141.888
600485.SH,20121130,87724.938,87724.938
002315.SZ,20121130,307262.5,79327.0344
600067.SH,20121130,575457.1849,575457.1849
600763.SH,20121130,307012.8,307012.8
000100.SZ,20121130,1788482.174,1675154.9889
002039.SZ,20121130,245947.7225,205044.143
300272.SZ,20121130,139139.0,65446.717
603000.SH,20121130,945365.8529,236341.4632
600239.SH,20121130,590398.7249,448809.3557
000759.SZ,20121130,385458.169,385191.394
300209.SZ,20121130,136640.0,34160.0
600037.SH,20121130,630918.5655,630918.5655
002247.SZ,20121130,100200.0,81468.75
600335.SH,20121130,482723.9712,237875.1064
600623.SH,20121130,649311.4371,471848.4371
002277.SZ,20121130,442506.24,442506.24
002624.SZ,20121130,124000.0,54250.0
000987.SZ,20121130,347112.4895,346744.954
002265.SZ,20121130,149878.39,146118.89
002653.SZ,20121130,916229.0,91829.0
600169.SH,20121130,809600.97,809600.97
002692.SZ,20121130,206920.35,51744.35
002515.SZ,20121130,163390.5,41125.5
600563.SH,20121130,283950.0,283950.0
000990.SZ,20121130,173466.9298,173462.0154
600242.SH,20121130,136394.3411,62463.8799
600676.SH,20121130,321665.4737,272810.6886
600093.SH,20121130,143489.1375,143489.1375
600981.SH,20121130,181669.488,181669.488
002119.SZ,20121130,101760.8,98591.8
000652.SZ,20121130,475134.7803,471212.0147
002296.SZ,20121130,182178.375,175859.9275
600540.SH,20121130,152262.3624,152262.3624
300166.SZ,20121130,122593.5,36100.002
600571.SH,20121130,156207.8826,152256.6276
600618.SH,20121130,847641.1824,549632.7024
002091.SZ,20121130,262440.0,252626.6219
300321.SZ,20121130,88711.2,22177.8
002686.SZ,20121130,160667.24,40171.24
000800.SZ,20121130,955342.5,828698.9406
002672.SZ,20121130,725296.1227,120500.0
002587.SZ,20121130,121648.8,65079.1648
600217.SH,20121130,237888.0,237888.0
601311.SH,20121130,638162.4563,227192.3292
002512.SZ,20121130,248495.364,63180.0
002593.SZ,20121130,142676.0,35669.0
300028.SZ,20121130,123568.2,89947.5624
000032.SZ,20121130,142280.0995,142252.5092
600518.SH,20121130,3249700.0059,3249700.0059
600385.SH,20121130,65315.2523,62963.252
002537.SZ,20121130,158700.0,71811.75
600593.SH,20121130,97980.0,97980.0
000809.SZ,20121130,526766.7058,164635.0983
000546.SZ,20121130,103229.4457,89059.0218
002169.SZ,20121130,108720.729,98327.7193
002241.SZ,20121130,3035051.8874,1968228.9073
600178.SH,20121130,227805.44,227805.44
600806.SH,20121130,212432.4412,156074.5164
000564.SZ,20121130,204944.0241,115510.8389
603333.SH,20121130,229322.205,57332.205
600821.SH,20121130,157349.3891,157349.3891
600122.SH,20121130,410069.8352,410069.8352
600248.SH,20121130,286264.7424,195736.2624
600653.SH,20121130,396428.332,396428.332
300072.SZ,20121130,378185.76,197961.6996
000825.SZ,20121130,1862673.0293,1862571.4948
300332.SZ,20121130,262400.0,65600.0
600083.SH,20121130,103500.0,101691.3717
002344.SZ,20121130,1371440.0,386935.7599
601929.SH,20121130,915682.6575,183400.0
002101.SZ,20121130,124804.0,124804.0
600731.SH,20121130,145073.7795,144634.667
300295.SZ,20121130,200489.3,50169.3
300269.SZ,20121130,73580.0,31600.522
600213.SH,20121130,104940.0,104940.0
002115.SZ,20121130,222113.76,162423.8892
600594.SH,20121130,685331.9,670234.5
300126.SZ,20121130,110790.36,35639.1272
603993.SH,20121130,3329967.8644,131200.0
002408.SZ,20121130,714828.24,245106.0
600507.SH,20121130,443480.8954,443480.8954
600827.SH,20121130,1253976.9075,902998.6384
600060.SH,20121130,1067529.1464,1067529.1464
002015.SZ,20121130,135567.4617,108873.5734
600088.SH,20121130,283697.232,283697.232
600900.SH,20121130,10494000.0,6198418.7813
000909.SZ,20121130,113288.0,113288.0
000687.SZ,20121130,259777.3825,220066.5849
600073.SH,20121130,418846.9807,299376.0
600331.SH,20121130,613008.0,613008.0
002675.SZ,20121130,192240.0,48060.0
002643.SZ,20121130,250832.4,62717.2
002409.SZ,20121130,213887.52,67283.52
002485.SZ,20121130,211200.0,66264.0
002466.SZ,20121130,364119.0,95599.815
600480.SH,20121130,202560.3093,199771.5093
600558.SH,20121130,117584.2665,117004.3534
002577.SZ,20121130,238272.0,59568.0
300169.SZ,20121130,143335.5,67948.1963
600387.SH,20121130,290733.3,290366.2125
300326.SZ,20121130,194135.0,49244.0
300171.SZ,20121130,544960.0,177112.0
002656.SZ,20121130,350200.0,87550.0
002589.SZ,20121130,262546.2,115082.7435
600328.SH,20121130,204338.1591,204338.1591
300267.SZ,20121130,377936.0,120035.4851
002432.SZ,20121130,159464.0,53356.6544
600166.SH,20121130,1553748.3948,758553.0309
600970.SH,20121130,1190600.7161,1190600.7161
600684.SH,20121130,288596.1629,288596.1629
601933.SH,20121130,1702434.3,1095274.9521
000673.SZ,20121130,112155.12,112155.12
600819.SH,20121130,385368.7932,286556.2922
002326.SZ,20121130,241741.8,79131.96
000595.SZ,20121130,112100.7657,112092.0258
000413.SZ,20121130,410959.0,303464.6636
600598.SH,20121130,1239042.8966,1239042.8966
600281.SH,20121130,277262.6915,277262.6915
600008.SH,20121130,862400.0,862400.0
600610.SH,20121130,355663.1689,25637.04
002340.SZ,20121130,595810.481,384985.8355
002215.SZ,20121130,229990.65,162070.8392
600508.SH,20121130,995905.404,995905.404
600378.SH,20121130,234782.7007,234782.7007
300117.SZ,20121130,127713.6,56861.2464
300207.SZ,20121130,262485.6,80843.9248
300271.SZ,20121130,149628.0,93316.1351
600613.SH,20121130,194938.7874,134803.2251
601288.SH,20121130,84446470.42,6648352.88
600612.SH,20121130,995493.1049,430164.2249
000418.SZ,20121130,454758.7023,153854.2091
002118.SZ,20121130,337035.338,336764.4089
002248.SZ,20121130,156042.3336,122968.0668
300314.SZ,20121130,188560.0,47140.0
600754.SH,20121130,839107.8693,622111.8693
002092.SZ,20121130,733005.9,720823.0681
600805.SH,20121130,723260.3199,721821.8272
600277.SH,20121130,792710.6715,792710.6715
601992.SH,20121130,2441730.1242,721933.6134
300240.SZ,20121130,141533.7,63525.0
603766.SH,20121130,537600.0,53760.0
000004.SZ,20121130,60799.1192,60725.8323
601628.SH,20121130,49887204.325,36753530.45
002350.SZ,20121130,197979.96,103985.736
000612.SZ,20121130,435519.7073,435511.7484
600425.SH,20121130,541175.1088,375775.6088
601126.SH,20121130,513936.08,191507.5201
002606.SZ,20121130,205200.0,51300.0
002543.SZ,20121130,304000.0,76000.0
002642.SZ,20121130,200600.0,50150.0
002306.SZ,20121130,321200.0,318815.09
600163.SH,20121130,227968.7074,227968.7074
002645.SZ,20121130,144847.242,36217.242
300318.SZ,20121130,148480.0,37120.0
000717.SZ,20121130,362286.797,244781.2282
600718.SH,20121130,821260.5499,821260.5499
300026.SZ,20121130,727002.1872,298624.819
600078.SH,20121130,494279.3543,494279.3543
002387.SZ,20121130,229017.0646,57067.92
000913.SZ,20121130,174157.824,174119.5572
601233.SH,20121130,589723.2,270603.4072
000967.SZ,20121130,102589.56,102402.06
002143.SZ,20121130,96813.6,48237.9021
600062.SH,20121130,1150252.2474,1150252.2474
601111.SH,20121130,6007650.8776,3821077.7356
600701.SH,20121130,164598.0389,164598.0389
603123.SH,20121130,210364.0,52591.0
000966.SZ,20121130,191733.1458,191733.1458
600101.SH,20121130,247996.9174,247996.9174
600633.SH,20121130,476574.7055,168624.3505
600458.SH,20121130,599081.3875,525362.4394
002584.SZ,20121130,165200.0,59828.9353
600682.SH,20121130,272324.4806,271529.9006
300301.SZ,20121130,168750.0,42187.5
300285.SZ,20121130,167606.4,41901.6
000615.SZ,20121130,92502.9871,92494.345
002420.SZ,20121130,202906.0,52535.45
300154.SZ,20121130,149074.5,43665.155
002174.SZ,20121130,110475.9748,110475.9748
002214.SZ,20121130,127000.0,90431.8143
300024.SZ,20121130,685213.32,482726.656
002212.SZ,20121130,199511.66,105926.2237
002347.SZ,20121130,139984.0,43926.71
600410.SH,20121130,379891.5561,373543.0607
600654.SH,20121130,283896.2259,283896.2259
600992.SH,20121130,94677.12,94677.12
601566.SH,20121130,812435.13,172593.72
300012.SZ,20121130,309090.6,92292.5808
601601.SH,20121130,15224160.0,10429922.6186
002539.SZ,20121130,269466.56,84484.1573
600392.SH,20121130,158635.8,158635.8
300261.SZ,20121130,191123.04,62162.4
300177.SZ,20121130,201600.0,88866.9311
600475.SH,20121130,219904.0,219904.0
000898.SZ,20121130,2452599.8601,2084511.4888
600531.SH,20121130,448190.678,448190.678
000762.SZ,20121130,495965.8218,484368.1388
002523.SZ,20121130,121344.0,70496.3188
002498.SZ,20121130,555896.88,73984.8911
600969.SH,20121130,164008.8216,72072.0
600272.SH,20121130,188325.0,124000.0
600022.SH,20121130,1306568.0468,1084661.1049
300255.SZ,20121130,213478.3871,109210.9294
000599.SZ,20121130,165320.9706,165315.2124
300163.SZ,20121130,83266.0,39789.8175
002116.SZ,20121130,233517.6,226718.5507
300198.SZ,20121130,194629.56,120049.371
600382.SH,20121130,200947.0008,200947.0008
600545.SH,20121130,349381.2472,349381.2472
002676.SZ,20121130,138080.0,34520.0
600758.SH,20121130,137485.3251,76163.2721
000524.SZ,20121130,156950.119,156948.8491
600776.SH,20121130,444624.0227,338424.0227
600231.SH,20121130,296676.8118,296676.8118
601928.SH,20121130,1593107.4,412534.0
000566.SZ,20121130,401599.0478,383168.7517
002269.SZ,20121130,1182885.0,1182885.0
300057.SZ,20121130,302574.0,108338.7
002550.SZ,20121130,290880.0,159141.5915
600834.SH,20121130,278791.0325,278791.0325
600837.SH,20121130,7581514.4534,6400875.7634
002382.SZ,20121130,182640.0,45660.0
000948.SZ,20121130,134563.1127,134279.888
002438.SZ,20121130,220688.0,61058.1628
601169.SH,20121130,6336114.8681,5380613.465
002243.SZ,20121130,157938.2011,153972.4411
001896.SZ,20121130,233131.7518,160817.195
600883.SH,20121130,121113.144,121113.144
000002.SZ,20121130,9620808.9408,8454281.5263
300219.SZ,20121130,137460.96,40110.7459
600398.SH,20121130,225664.8232,225664.8232
002338.SZ,20121130,182280.0,92126.5206
000783.SZ,20121130,1761826.7424,1761789.362
600182.SH,20121130,235280.0,117640.0
600100.SH,20121130,1333747.4435,1333747.4435
600162.SH,20121130,320177.8621,150827.7658
300212.SZ,20121130,338752.0,176652.9744
000078.SZ,20121130,353660.6287,353147.9498
300128.SZ,20121130,320593.28,147784.0
002158.SZ,20121130,220037.1705,220037.1705
600460.SH,20121130,292569.92,292569.92
002677.SZ,20121130,148400.0,37100.0
002389.SZ,20121130,292044.6067,59772.0
002637.SZ,20121130,138080.0,83287.3585
601005.SH,20121130,618726.4104,426615.0
000650.SZ,20121130,449765.1157,429079.9109
600595.SH,20121130,654425.4721,654425.4721
002588.SZ,20121130,441090.0,143048.88
002649.SZ,20121130,206550.0,51637.5
000939.SZ,20121130,614094.0288,612463.93
002597.SZ,20121130,234532.8,59320.8994
600582.SH,20121130,1087672.32,1087672.32
600079.SH,20121130,1063864.4792,959886.9551
600555.SH,20121130,366283.5,273553.5
601800.SH,20121130,7019835.1745,505415.3185
600777.SH,20121130,303955.7136,303898.1129
600759.SH,20121130,489267.1355,487625.0405
002076.SZ,20121130,96926.3756,60719.2555
000150.SZ,20121130,130896.0,130896.0
002579.SZ,20121130,82241.28,35914.6857
002208.SZ,20121130,183737.4,181722.9252
002281.SZ,20121130,240160.0,129086.0
002254.SZ,20121130,305808.36,305677.2692
002556.SZ,20121130,279385.6,152437.4554
300245.SZ,20121130,108138.0,41931.7587
600975.SH,20121130,123507.7864,123507.7864
002630.SZ,20121130,233132.0,161497.9352
002321.SZ,20121130,135828.0,95172.0
000602.SZ,20121130,891077.9471,184460.2929
002371.SZ,20121130,424753.2,107730.3833
601669.SH,20121130,3052800.0,954954.0
002156.SZ,20121130,225503.7518,225503.7518
600565.SH,20121130,252000.0,252000.0
600005.SH,20121130,2674851.6531,2674851.6531
000666.SZ,20121130,566968.2,213475.9662
000062.SZ,20121130,362820.6896,90797.5919
002531.SZ,20121130,271590.0,81510.0
002225.SZ,20121130,496716.2564,181053.0212
002644.SZ,20121130,133553.574,33396.66
600189.SH,20121130,175743.0,175743.0
300298.SZ,20121130,418440.0,104610.0
002511.SZ,20121130,374400.0,170164.1466
300061.SZ,20121130,66240.0,22765.032
300248.SZ,20121130,90270.4,34630.64
300343.SZ,20121130,115680.0,28920.0
002264.SZ,20121130,233928.8532,79786.1236
600090.SH,20121130,222221.6542,222221.6542
600655.SH,20121130,911262.1328,911262.1328
600307.SH,20121130,1206950.4401,1206950.4401
002554.SZ,20121130,272160.0,105400.5129
601006.SH,20121130,9366078.6393,9366078.6393
300161.SZ,20121130,116995.55,68530.2687
002545.SZ,20121130,286275.0,71775.0
600648.SH,20121130,677223.2318,542849.7068
000422.SZ,20121130,810773.6409,701322.6309
600967.SH,20121130,281498.75,281498.75
000695.SZ,20121130,122403.294,122165.7182
600173.SH,20121130,242924.3991,242894.2491
000905.SZ,20121130,280368.0,280368.0
600877.SH,20121130,184191.5867,184191.5867
600468.SH,20121130,450717.696,450717.696
300217.SZ,20121130,152256.72,46890.767
000565.SZ,20121130,116376.1518,116376.1518
600864.SH,20121130,280292.0145,280292.0145
300101.SZ,20121130,284672.0,167694.848
000669.SZ,20121130,249300.975,204485.6799
002102.SZ,20121130,151016.94,87445.392
600626.SH,20121130,220885.5158,220885.5158
002434.SZ,20121130,202300.0,61036.0704
002663.SZ,20121130,576863.232,144248.832
600221.SH,20121130,2302432.3583,1264483.332
000060.SZ,20121130,1532765.0738,1531513.5542
300337.SZ,20121130,346700.8,86860.8
002572.SZ,20121130,380706.0,96066.0
002255.SZ,20121130,325332.0,247573.6628
300232.SZ,20121130,80424.7157,23000.1374
002059.SZ,20121130,150500.0,150500.0
002112.SZ,20121130,74704.0,69319.4417
002580.SZ,20121130,127640.171,45575.32
000731.SZ,20121130,302403.1127,302320.8018
300214.SZ,20121130,236115.0,92813.333
300011.SZ,20121130,144572.064,61553.436
600735.SH,20121130,157188.6906,131041.4099
000818.SZ,20121130,233920.0,142354.7742
601989.SH,20121130,5911085.7179,1638736.5119
000028.SZ,20121130,812005.0092,657327.4268
600742.SH,20121130,315169.866,315169.866
600796.SH,20121130,139247.7905,139247.7905
002080.SZ,20121130,275600.0,108163.6296
600876.SH,20121130,256509.3581,128259.3581
002670.SZ,20121130,122400.0,30600.0
600257.SH,20121130,226336.5,226336.5
002061.SZ,20121130,103305.24,103305.24
300096.SZ,20121130,152392.0,81618.0764
600038.SH,20121130,518844.3,518844.3
600128.SH,20121130,192478.65,192478.65
300123.SZ,20121130,169152.3135,89261.1135
300188.SZ,20121130,215491.5238,52461.0
002359.SZ,20121130,117883.5,29741.25
300291.SZ,20121130,282000.0,70500.0
002232.SZ,20121130,227152.941,214643.7666
000936.SZ,20121130,265544.5749,265543.6171
300356.SZ,20121130,132778.44,33198.44
002284.SZ,20121130,145529.28,128677.8655
600420.SH,20121130,341251.8148,341251.8148
002465.SZ,20121130,754789.7777,192950.0
000629.SZ,20121130,2714359.7998,1506447.5992
002428.SZ,20121130,625362.4,326641.0674
600007.SH,20121130,1026420.9021,1026420.9021
000813.SZ,20121130,302395.392,302395.392
600423.SH,20121130,202868.5366,202868.5366
000756.SZ,20121130,188412.886,126612.49
600722.SH,20121130,280972.0262,174046.46
000600.SZ,20121130,367291.3686,367259.2758
600322.SH,20121130,350506.9,350506.9
600491.SH,20121130,384725.6,384725.6
600448.SH,20121130,116727.0,116727.0
002487.SZ,20121130,151200.0,73849.86
002504.SZ,20121130,87312.0,51691.7673
300263.SZ,20121130,158093.76,58080.0
002499.SZ,20121130,147712.5,45349.707
002253.SZ,20121130,150246.0024,133812.0383
300340.SZ,20121130,173400.0,43350.0
002360.SZ,20121130,110160.0,59089.6863
000880.SZ,20121130,197411.8575,96621.525
002176.SZ,20121130,289884.0809,289712.2585
000970.SZ,20121130,1342152.0,1279152.0
600765.SH,20121130,509592.096,509592.096
600692.SH,20121130,180103.2008,130565.3847
000779.SZ,20121130,118203.6067,101514.7378
300089.SZ,20121130,102600.0,50983.479
000821.SZ,20121130,118762.1407,118755.4997
300063.SZ,20121130,80299.5,22176.2554
600729.SH,20121130,715220.0823,261029.622
002529.SZ,20121130,112160.0,55309.0122
002196.SZ,20121130,100680.75,72896.9738
600339.SH,20121130,243981.2783,243981.2783
600614.SH,20121130,581587.6609,457928.5347
002592.SZ,20121130,114668.3007,39323.5559
002307.SZ,20121130,225503.1432,225503.1432
000090.SZ,20121130,318458.6577,318455.9594
600429.SH,20121130,448695.0,448695.0
300077.SZ,20121130,337552.0,200458.1095
002396.SZ,20121130,450761.04,312275.7336
300105.SZ,20121130,531748.8,132937.2
300304.SZ,20121130,141800.0,35450.0
600978.SH,20121130,514087.5722,507103.2122
000419.SZ,20121130,218520.2273,218370.426
002654.SZ,20121130,95920.0,23980.0
002238.SZ,20121130,295408.8,295403.1666
002664.SZ,20121130,257346.2,64346.2
600513.SH,20121130,112401.9,112401.9
600885.SH,20121130,426115.4779,137446.9322
600071.SH,20121130,120398.5352,120398.5352
601599.SH,20121130,199386.0,103401.3696
000517.SZ,20121130,730179.5566,106469.1538
300032.SZ,20121130,251865.5,75365.5
002272.SZ,20121130,218663.7,97147.347
603128.SH,20121130,204000.0,51000.0
300137.SZ,20121130,179400.0,125295.2393
002493.SZ,20121130,1044168.0,105168.0
600369.SH,20121130,1679206.9483,1187070.6132
300090.SZ,20121130,405882.7503,214774.2903
601000.SH,20121130,562407.3666,288177.3666
002262.SZ,20121130,591786.0,591786.0
600138.SH,20121130,568198.8,568198.8
300324.SZ,20121130,161280.0,40320.0
000613.SZ,20121130,109230.0,77677.2
002489.SZ,20121130,374381.9092,106820.2941
002283.SZ,20121130,285299.9996,285299.9996
000876.SZ,20121130,1826290.7601,1128910.0015
600269.SH,20121130,721640.7673,721640.7673
600255.SH,20121130,220704.5,220704.5
002583.SZ,20121130,404490.0,144785.5586
300040.SZ,20121130,188626.2,97774.9815
600293.SH,20121130,247697.3694,247697.3694
600300.SH,20121130,1043328.0,1043328.0
000609.SZ,20121130,157096.3401,153313.727
300228.SZ,20121130,379488.0,196017.6333
600467.SH,20121130,477014.6403,470170.9717
002683.SZ,20121130,260124.48,65054.88
600212.SH,20121130,140205.0364,140205.0364
000720.SZ,20121130,175282.38,175280.7053
000969.SZ,20121130,798949.4182,797020.6621
000971.SZ,20121130,90676.3,67653.4233
600728.SH,20121130,315636.2941,232162.4693
002591.SZ,20121130,100700.0,25175.0
000516.SZ,20121130,289648.4067,289568.5205
600820.SH,20121130,1037628.8063,586083.5563
000902.SZ,20121130,165636.0,165636.0
600139.SH,20121130,541426.4355,459306.6941
000690.SZ,20121130,680285.325,670722.0049
000733.SZ,20121130,198756.6,198756.6
600488.SH,20121130,250815.1675,250815.1675
000159.SZ,20121130,274249.3976,274249.3976
300132.SZ,20121130,137363.4,42837.7706
600276.SH,20121130,3445069.3127,3438806.5435
600326.SH,20121130,397814.4,397814.4
002035.SZ,20121130,166785.0705,158103.8579
002301.SZ,20121130,185399.549,180447.833
002652.SZ,20121130,98145.6,24545.6
000993.SZ,20121130,308098.0,308098.0
600315.SH,20121130,2135493.3077,2014751.2577
002202.SZ,20121130,1331126.472,1044381.3849
600052.SH,20121130,288562.1895,288562.1895
000810.SZ,20121130,90506.6712,90506.6712
300201.SZ,20121130,116160.0,74965.308
000066.SZ,20121130,395754.5719,171673.8609
002204.SZ,20121130,661172.3413,329667.0
601390.SH,20121130,6091771.4,4754752.86
000628.SZ,20121130,131029.56,112081.3501
000338.SZ,20121130,4412476.3733,1830327.1741
002470.SZ,20121130,873600.0,312000.0
600498.SH,20121130,832073.1994,763935.6994
000890.SZ,20121130,133254.2016,133219.6976
600220.SH,20121130,456535.1235,456535.1235
300062.SZ,20121130,113077.0,32179.276
600761.SH,20121130,401959.2968,401959.2968
300070.SZ,20121130,1826369.16,835874.4977
002346.SZ,20121130,145260.0,37660.0
600351.SH,20121130,328008.0,300019.248
002267.SZ,20121130,716870.3318,702956.6774
000548.SZ,20121130,186706.7133,148774.815
600070.SH,20121130,119968.2881,119968.2881
002178.SZ,20121130,104563.2,85966.6349
600803.SH,20121130,218594.5145,132407.9237
002163.SZ,20121130,245082.75,126095.034
601231.SH,20121130,1038028.6198,109576.8
300197.SZ,20121130,567608.4314,146978.8214
000531.SZ,20121130,319248.5941,315207.6006
600207.SH,20121130,149160.0,149160.0
002532.SZ,20121130,249280.0,70332.5728
600226.SH,20121130,211291.1582,211291.1582
600017.SH,20121130,824275.242,705009.2849
600890.SH,20121130,231098.7751,231098.7751
601688.SH,20121130,4250400.0,1582238.9965
300251.SZ,20121130,484410.08,130801.7711
300111.SZ,20121130,270279.0,76117.0977
000069.SZ,20121130,4159297.1798,1781357.5328
002135.SZ,20121130,332378.4,224661.82
002096.SZ,20121130,281321.8128,280747.2528
002524.SZ,20121130,117783.216,61719.9299
600108.SH,20121130,1125316.9399,833008.1414
600583.SH,20121130,1952498.88,1952498.88
000662.SZ,20121130,134778.9456,134777.3535
600333.SH,20121130,327217.5439,327217.5439
600523.SH,20121130,224681.5764,152505.7197
002594.SZ,20121130,3632376.3,548916.0009
002602.SZ,20121130,165112.5,79254.0
601299.SH,20121130,4365383.8162,1321933.6083
600509.SH,20121130,457676.217,457676.217
002361.SZ,20121130,118560.0,57165.186
600503.SH,20121130,469299.312,452984.4086
002071.SZ,20121130,89617.74,87738.5419
600696.SH,20121130,200252.5434,200252.5434
002224.SZ,20121130,121638.24,53780.5397
002613.SZ,20121130,198648.0,57939.1369
600072.SH,20121130,564068.4819,564068.4819
000691.SZ,20121130,174565.8,156862.602
000976.SZ,20121130,205324.9786,205304.9177
300268.SZ,20121130,76112.0,19312.0
002551.SZ,20121130,316971.0,143806.1899
600202.SH,20121130,172503.3024,172503.3024
600675.SH,20121130,639467.844,639467.844
000096.SZ,20121130,183744.0,177775.104
600766.SH,20121130,215481.9759,211100.9691
600712.SH,20121130,221674.7315,218619.4261
300313.SZ,20121130,96273.69,24071.07
600131.SH,20121130,228872.8204,180404.5871
300199.SZ,20121130,252600.0,116921.5935
002517.SZ,20121130,124113.6,31028.4
002628.SZ,20121130,239478.0,131892.1744
002436.SZ,20121130,303377.2,193035.6817
300042.SZ,20121130,93653.6,47087.9744
002173.SZ,20121130,143028.0,73071.9006
002576.SZ,20121130,93776.8,50447.4874
300315.SZ,20121130,387383.22,96845.805
000938.SZ,20121130,191448.32,191443.2681
000411.SZ,20121130,150193.7609,147430.6149
600887.SH,20121130,3178107.254,3155634.8106
002354.SZ,20121130,81532.0,32373.0
300307.SZ,20121130,551776.0,83936.0
300172.SZ,20121130,144690.0,100195.1126
000625.SZ,20121130,2387397.6873,1734412.4815
300273.SZ,20121130,276834.6,128706.81
002681.SZ,20121130,122700.0,30675.0
000514.SZ,20121130,313729.3862,313729.3862
002476.SZ,20121130,293040.0,144048.289
600167.SH,20121130,181460.0,181460.0
002108.SZ,20121130,223821.8584,198488.8584
000926.SZ,20121130,547089.1392,405918.3168
300079.SZ,20121130,481824.0,261168.6295
002275.SZ,20121130,800901.4,746558.997
600869.SH,20121130,702930.7913,266376.38
002234.SZ,20121130,265801.0362,189290.4552
002495.SZ,20121130,139853.376,52018.2
600570.SH,20121130,635601.6576,635601.6576
600628.SH,20121130,324929.354,324929.354
300021.SZ,20121130,223715.8,99510.9816
002056.SZ,20121130,441717.5,441714.9523
600188.SH,20121130,7967808.0,583164.684
002459.SZ,20121130,125821.8,75805.4429
600449.SH,20121130,325256.8071,170522.0686
601106.SH,20121130,1660652.0,581660.0
000068.SZ,20121130,370325.3146,370323.8836
002079.SZ,20121130,270424.2986,268171.0477
002598.SZ,20121130,168168.0,75314.47
600608.SH,20121130,168048.1964,146280.1917
600416.SH,20121130,274426.5284,274426.5284
300081.SZ,20121130,85693.0,45591.298
600785.SH,20121130,259911.3938,259911.3938
300325.SZ,20121130,104800.0,26200.0
300119.SZ,20121130,308455.68,117908.96
002558.SZ,20121130,121558.5,30823.2518
600301.SH,20121130,96410.7374,96410.7374
600170.SH,20121130,1593466.1291,485684.3956
002429.SZ,20121130,820806.3225,275687.3088
002411.SZ,20121130,207819.0,109699.434
000869.SZ,20121130,2818627.968,1864630.8096
000006.SZ,20121130,496283.8932,488432.4506
600635.SH,20121130,602022.3406,602022.3406
000797.SZ,20121130,176032.5029,151119.8227
300288.SZ,20121130,280296.6,70336.6
002060.SZ,20121130,234966.295,234964.0842
002250.SZ,20121130,908318.9544,562675.1328
600832.SH,20121130,1612285.4462,1612285.4462
000503.SZ,20121130,727147.163,552401.7829
300284.SZ,20121130,184320.0,46080.0
002492.SZ,20121130,133200.0,66267.0
300286.SZ,20121130,96521.28,24137.28
002533.SZ,20121130,189840.0,114662.004
000761.SZ,20121130,972160.0,848160.0
600638.SH,20121130,494385.4734,494385.4734
000537.SZ,20121130,291736.3036,291733.1456
000935.SZ,20121130,381834.44,85528.8803
600999.SH,20121130,3864051.7582,3864051.7582
000655.SZ,20121130,540568.9288,376644.7542
002087.SZ,20121130,162164.6208,104416.2066
600674.SH,20121130,1505141.9842,975723.0625
002603.SZ,20121130,1166880.0,178464.0
002351.SZ,20121130,196392.0,53787.7441
600971.SH,20121130,1139004.6357,485406.2598
000571.SZ,20121130,330492.736,330286.7936
601177.SH,20121130,316047.4,168317.4
002513.SZ,20121130,179020.8,45964.8
002501.SZ,20121130,299332.8,179785.3175
300256.SZ,20121130,127200.0,70272.276
300225.SZ,20121130,86329.5,34275.0964
002240.SZ,20121130,176162.736,107443.9181
002187.SZ,20121130,225656.4723,101243.9131
002494.SZ,20121130,128141.5,70647.175
002152.SZ,20121130,731047.1644,701143.6316
002154.SZ,20121130,477854.6317,424668.9867
002369.SZ,20121130,350880.0,105889.0927
600679.SH,20121130,228791.9213,117766.7213
600198.SH,20121130,522161.9484,307882.1948
000016.SZ,20121130,339520.3025,169176.0187
300339.SZ,20121130,158851.8,39723.3
600287.SH,20121130,232375.5114,232375.5114
600151.SH,20121130,598836.1707,458630.3957
000536.SZ,20121130,1230066.5965,251868.8151
300104.SZ,20121130,604010.0,234650.3378
002289.SZ,20121130,68796.0,47649.8178
002353.SZ,20121130,1973951.056,705732.7261
000663.SZ,20121130,148217.7647,122017.509
600688.SH,20121130,3427200.0,342720.0
002496.SZ,20121130,213256.575,90057.7616
601018.SH,20121130,3136000.0,754600.0
600749.SH,20121130,135233.6207,135233.6207
000023.SZ,20121130,80894.8879,61633.2419
002507.SZ,20121130,314805.0,101266.0824
002333.SZ,20121130,188709.928,49096.087
000534.SZ,20121130,221961.2879,94809.135
002657.SZ,20121130,206670.4982,51669.45
000981.SZ,20121130,703525.2588,67619.518
002475.SZ,20121130,912450.0,229950.0
300139.SZ,20121130,218323.2,83254.644
000737.SZ,20121130,308403.12,308380.0403
600171.SH,20121130,285694.4958,285694.4958
002103.SZ,20121130,117515.878,91093.2691
600462.SH,20121130,226856.5,226856.5
300150.SZ,20121130,168210.0,71825.3585
002095.SZ,20121130,174474.0,173117.8125
300345.SZ,20121130,129120.0,32280.0
002324.SZ,20121130,296730.0,116275.0111
300004.SZ,20121130,268088.0,112621.1678
002625.SZ,20121130,82016.949,29734.299
600500.SH,20121130,757609.7039,757609.7039
600373.SH,20121130,684664.7367,226312.5
000423.SZ,20121130,2452580.7638,2451693.6713
600649.SH,20121130,1419073.6711,1419073.6711
300015.SZ,20121130,645499.2,195531.2874
002303.SZ,20121130,280894.8,280894.8
002571.SZ,20121130,251385.4,106639.4
600184.SH,20121130,353015.3763,165143.7
002129.SZ,20121130,837226.5403,835678.6181
002322.SZ,20121130,184344.3,98989.3473
300056.SZ,20121130,71697.6,33680.3475
600572.SH,20121130,619168.0,525261.4382
600789.SH,20121130,205877.7182,205877.7182
600767.SH,20121130,119012.5535,118977.6535
600233.SH,20121130,118305.0,118305.0
002231.SZ,20121130,194099.2,76704.0
600795.SH,20121130,3571616.545,3237469.5374
601818.SH,20121130,10432175.82,4885175.82
001696.SZ,20121130,634775.268,410218.8893
300034.SZ,20121130,285760.0316,142402.968
000923.SZ,20121130,90684.0,90683.5878
000620.SZ,20121130,709498.9682,114118.6169
002427.SZ,20121130,137915.4145,42814.9656
601799.SH,20121130,221353.44,55440.0
002639.SZ,20121130,151360.0,37840.0
000893.SZ,20121130,245310.0,243943.1835
600208.SH,20121130,1990316.7826,1989807.9149
000036.SZ,20121130,320307.9979,320307.9979
300130.SZ,20121130,132588.0,55384.2
600851.SH,20121130,572144.872,349909.6961
002148.SZ,20121130,126100.8,91622.8452
002456.SZ,20121130,712704.0,306948.606
300103.SZ,20121130,143979.12,43419.8863
000802.SZ,20121130,131243.126,95121.6623
300220.SZ,20121130,76055.0,22753.0484
002424.SZ,20121130,714067.2,179731.2
300009.SZ,20121130,207522.0,108622.944
300013.SZ,20121130,61200.0,24112.8
002474.SZ,20121130,253028.0,104510.6876
300043.SZ,20121130,234907.2,89135.537
000301.SZ,20121130,350852.0962,350852.0962
002563.SZ,20121130,1226770.0,128170.0
300044.SZ,20121130,104600.0,47704.0444
000617.SZ,20121130,211341.312,211340.0434
002578.SZ,20121130,159258.6,39861.0
002286.SZ,20121130,138444.8,120935.5602
002574.SZ,20121130,327840.0,101931.1167
300131.SZ,20121130,140429.89,61949.0315
300238.SZ,20121130,173646.2,98815.1322
600829.SH,20121130,416360.0126,416360.0126
002164.SZ,20121130,171120.0,155568.0
002162.SZ,20121130,200222.0,200222.0
002325.SZ,20121130,628410.51,223848.3647
002068.SZ,20121130,259517.2672,259515.7291
300257.SZ,20121130,810810.0,259193.3479
000611.SZ,20121130,124223.3005,123158.8264
600517.SH,20121130,732546.72,732546.72
000572.SZ,20121130,434184.0165,433399.8261
002128.SZ,20121130,1642437.4735,1642437.4735
002236.SZ,20121130,2166780.2256,1180451.9296
002111.SZ,20121130,209558.6413,124604.1621
600229.SH,20121130,208579.3327,208579.3327
002127.SZ,20121130,145099.1432,97801.6819
300254.SZ,20121130,101019.0,25519.0
002084.SZ,20121130,180879.408,180879.408
300352.SZ,20121130,156078.0,39078.0
002520.SZ,20121130,144432.0,53981.46
000519.SZ,20121130,177772.848,177069.768
600084.SH,20121130,391191.0219,391191.0219
300170.SZ,20121130,254404.1654,155882.0542
002379.SZ,20121130,220251.6,56109.0
002323.SZ,20121130,130678.04,40128.706
000040.SZ,20121130,192063.6859,189845.9545
600409.SH,20121130,625430.2946,476141.952
002177.SZ,20121130,244166.746,154071.0813
000596.SZ,20121130,1386410.8,1056048.3223
600195.SH,20121130,416910.0,416910.0
600432.SH,20121130,828155.0944,828155.0944
600319.SH,20121130,122766.066,122766.066
600699.SH,20121130,317951.3132,150621.928
600538.SH,20121130,130673.088,130673.088
000977.SZ,20121130,258000.0,258000.0
600862.SH,20121130,207326.7586,196859.2262
300159.SZ,20121130,234339.6,60585.36
000034.SZ,20121130,123858.8417,117662.2506
600196.SH,20121130,2067946.762,1753348.673
600081.SH,20121130,164619.0,164619.0
300186.SZ,20121130,340425.0,85425.0
600960.SH,20121130,118372.6845,118372.6845
601099.SH,20121130,795403.093,795403.093
600738.SH,20121130,138483.0874,116502.5303
600526.SH,20121130,151060.0,151060.0
600751.SH,20121130,316773.1913,66672.2199
002622.SZ,20121130,138150.0,38939.88
600836.SH,20121130,185315.9546,185315.9546
002618.SZ,20121130,170080.0,69395.5101
000776.SZ,20121130,6582252.108,2730056.8886
600265.SH,20121130,69962.2,69962.2
600702.SH,20121130,741385.4,741385.4
300067.SZ,20121130,98707.5,34851.368
002201.SZ,20121130,100534.72,95700.2664
300102.SZ,20121130,214760.0,104053.1128
300088.SZ,20121130,424190.0,224263.0
002261.SZ,20121130,197843.801,126870.5489
002538.SZ,20121130,301328.0,142540.36
600284.SH,20121130,360725.76,360725.76
000059.SZ,20121130,659077.9955,659077.9955
000651.SZ,20121130,7059460.1853,6958063.8193
002521.SZ,20121130,239752.45,143306.6499
600830.SH,20121130,255783.7066,255783.7066
600619.SH,20121130,387291.5867,184773.2141
000910.SZ,20121130,232100.0,232100.0
600826.SH,20121130,415173.9383,415173.9383
600230.SH,20121130,331166.4787,331166.4787
600850.SH,20121130,592332.337,314868.9915
600516.SH,20121130,973378.2804,973378.2804
300281.SZ,20121130,93600.0,23400.0
300330.SZ,20121130,93040.0,23260.0
002044.SZ,20121130,134998.5,134998.5
000151.SZ,20121130,198306.6,178584.4579
600197.SH,20121130,537138.0,537138.0
002555.SZ,20121130,148204.0,37604.0
600050.SH,20121130,6719321.0572,6719321.0572
600345.SH,20121130,192654.0,192654.0
300149.SZ,20121130,127032.0,37536.534
002197.SZ,20121130,169124.592,111908.6074
000931.SZ,20121130,325951.072,244646.2765
600428.SH,20121130,566299.5417,566299.5417
002667.SZ,20121130,117741.36,29444.0
000562.SZ,20121130,2893899.4699,2128920.7138
000606.SZ,20121130,184713.438,178980.438
300093.SZ,20121130,124632.0,76955.9325
600026.SH,20121130,1406080.2292,870832.2292
300064.SZ,20121130,282720.0,124596.7574
002145.SZ,20121130,137940.0,81744.9639
300310.SZ,20121130,132176.0,33044.0
300083.SZ,20121130,215200.0,78978.4
600116.SH,20121130,296159.2524,274019.2524
600719.SH,20121130,122593.6788,122593.6788
600857.SH,20121130,190447.6112,190447.6112
600560.SH,20121130,133963.6545,133963.6545
002100.SZ,20121130,228437.4268,224508.1768
000505.SZ,20121130,112660.7867,95157.5521
000903.SZ,20121130,300895.92,188119.62
000088.SZ,20121130,708903.0,708841.4855
002356.SZ,20121130,157760.0,39440.0
300160.SZ,20121130,128144.8,46510.8
600223.SH,20121130,461446.248,461446.248
300085.SZ,20121130,80760.0,25632.2825
000155.SZ,20121130,168730.0,168730.0
002336.SZ,20121130,329200.0,82300.0
000979.SZ,20121130,604219.2864,176707.6049
000707.SZ,20121130,214435.3434,214434.2323
600030.SH,20121130,11027925.3084,9824476.3617
600732.SH,20121130,152266.2284,152266.2284
002599.SZ,20121130,110220.0,35070.0
600705.SH,20121130,1577279.1966,619688.3624
300121.SZ,20121130,104976.0,26244.0
600183.SH,20121130,525093.749,516787.2561
000828.SZ,20121130,409569.6948,409569.6948
002183.SZ,20121130,322806.8553,322806.8553
002423.SZ,20121130,301650.48,51192.0
600855.SH,20121130,208587.3603,146684.058
000021.SZ,20121130,546181.0013,545608.3872
600097.SH,20121130,211309.6107,120414.2342
600080.SH,20121130,196305.2457,196305.2457
300174.SZ,20121130,105944.0,28276.0096
600203.SH,20121130,112574.6388,112574.6388
000750.SZ,20121130,1232862.6815,316502.7893
300190.SZ,20121130,168772.275,55604.34
601908.SH,20121130,466855.2577,112682.9039
000852.SZ,20121130,488488.0,158716.8784
002390.SZ,20121130,251025.6,134884.8321
600678.SH,20121130,152508.63,152508.63
300074.SZ,20121130,206700.0,93994.8345
600179.SH,20121130,223860.0,223860.0
002416.SZ,20121130,485562.6,71102.5693
601188.SH,20121130,296020.8,150400.7199
002010.SZ,20121130,345977.82,292698.6636
600693.SH,20121130,236480.3673,206019.2177
601101.SH,20121130,1245598.2063,442002.4326
000795.SZ,20121130,219502.4,219497.9957
000039.SZ,20121130,2492002.7037,1152725.667
002508.SZ,20121130,430080.0,155904.0
002449.SZ,20121130,257570.0,137638.2799
002627.SZ,20121130,113742.0,62281.2
002384.SZ,20121130,293760.0,104866.5825
002565.SZ,20121130,237181.44,127029.76
002316.SZ,20121130,218181.6,118363.518
002228.SZ,20121130,140739.12,140736.2445
600760.SH,20121130,166261.268,131585.987
600399.SH,20121130,227760.0,197909.9146
600551.SH,20121130,432480.6281,179954.4424
002635.SZ,20121130,449880.0,155658.1388
002463.SZ,20121130,456906.1022,295271.2383
002383.SZ,20121130,239616.0,59904.0
600746.SH,20121130,119197.9448,118513.0959
600004.SH,20121130,740600.0,740600.0
002020.SZ,20121130,141491.1904,108398.8214
600590.SH,20121130,261670.3474,238135.3474
000099.SZ,20121130,345652.8,345652.8
000839.SZ,20121130,856090.0754,855805.8562
300274.SZ,20121130,221276.16,96808.32
300014.SZ,20121130,185835.21,77758.3542
600152.SH,20121130,114462.738,114462.738
300049.SZ,20121130,126810.84,52947.2491
000705.SZ,20121130,201142.2182,119473.2944
002503.SZ,20121130,545760.0,136440.0
002557.SZ,20121130,534378.0,133594.5
002045.SZ,20121130,130074.048,112093.1807
600267.SH,20121130,1158798.5,1158798.5
000043.SZ,20121130,345486.0135,345482.2839
600871.SH,20121130,2128000.0,106400.0
002067.SZ,20121130,246138.975,216118.35
000735.SZ,20121130,402220.324,402159.9493
600695.SH,20121130,268163.2,123919.3908
002398.SZ,20121130,314340.0,78585.0
300204.SZ,20121130,591228.8,158820.72
300328.SZ,20121130,140896.0,35224.0
000511.SZ,20121130,435371.6681,435368.0286
000959.SZ,20121130,741631.5143,301537.5298
300205.SZ,20121130,142635.24,52990.6752
002362.SZ,20121130,171282.2336,93213.988
000027.SZ,20121130,1461575.9021,1461575.9021
600703.SH,20121130,1844005.592,882176.5986
300007.SZ,20121130,123074.0,74797.994
002217.SZ,20121130,141148.872,103916.9978
002441.SZ,20121130,254968.0,85208.2175
601700.SH,20121130,284162.4,105978.6
002607.SZ,20121130,120736.0,54790.82
000532.SZ,20121130,237504.0463,236031.4162
002660.SZ,20121130,133290.84,33336.44
000929.SZ,20121130,101428.236,101331.0677
002009.SZ,20121130,146751.1858,112821.6981
600106.SH,20121130,314986.474,314986.474
002471.SZ,20121130,228176.0,76766.8555
600288.SH,20121130,215779.2,215779.2
300193.SZ,20121130,183402.0,79172.9352
000586.SZ,20121130,82018.56,82018.56
002191.SZ,20121130,547626.0,547626.0
600873.SH,20121130,1102252.2974,654272.2346
600546.SH,20121130,1654359.6488,301645.021
002125.SZ,20121130,88765.333,85312.6556
600291.SH,20121130,199296.0,199296.0
600865.SH,20121130,177209.1888,177209.1888
600748.SH,20121130,716108.1471,716108.1471
000965.SZ,20121130,329552.4967,329552.4967
600961.SH,20121130,500557.5604,245152.8668
600323.SH,20121130,341174.0569,287386.7383
601518.SH,20121130,291168.0,147935.1343
600234.SH,20121130,79966.1226,79966.1226
000603.SZ,20121130,859490.7112,106519.3296
600377.SH,20121130,2453383.0325,1835424.4737
002025.SZ,20121130,323400.0,323216.349
000739.SZ,20121130,192551.7645,192523.146
000042.SZ,20121130,438217.3632,438093.4502
000725.SZ,20121130,2785437.7222,2387264.2196
600113.SH,20121130,221108.4,221108.4
002314.SZ,20121130,178350.0,71586.3093
000543.SZ,20121130,485449.5364,485446.6307
600367.SH,20121130,236454.4,236454.4
600986.SH,20121130,151541.908,151541.908
600401.SH,20121130,523391.0996,130314.0602
000576.SZ,20121130,187259.5679,148208.7189
600251.SH,20121130,535183.8,535183.8
600848.SH,20121130,213219.1993,156003.5023
300194.SZ,20121130,220777.0,61076.9839
300350.SZ,20121130,105044.04,26264.04
000639.SZ,20121130,224480.8181,103041.5877
600891.SH,20121130,199549.2433,153108.8813
000786.SZ,20121130,805210.0,805122.1626
000988.SZ,20121130,409022.5341,409022.5341
300152.SZ,20121130,188805.232,117286.4
600302.SH,20121130,118335.353,118335.353
000573.SZ,20121130,242251.93,242069.1863
002038.SZ,20121130,1290573.0,1057652.6969
000792.SZ,20121130,3642266.0749,1321526.182
002122.SZ,20121130,603504.0,537031.8424
000158.SZ,20121130,220690.327,220690.327
600747.SH,20121130,436374.6436,436374.6436
600639.SH,20121130,569369.7495,402525.7451
300223.SZ,20121130,119184.0,52434.0576
600812.SH,20121130,660338.6503,492688.6503
600835.SH,20121130,731258.6052,576650.5745
300312.SZ,20121130,141884.4,35484.4
600177.SH,20121130,1471790.3304,1299114.503
601118.SH,20121130,1859444.1668,465905.0
300068.SZ,20121130,320812.8,152294.3573
300146.SZ,20121130,1126408.0,344645.4778
002646.SZ,20121130,931050.0,124140.0
000989.SZ,20121130,302962.1628,302962.1628
601179.SH,20121130,1411668.0,475308.0
601801.SH,20121130,862680.0,202796.16
002278.SZ,20121130,244785.7938,147648.0087
601633.SH,20121130,5540252.283,554026.503
601369.SH,20121130,1289712.1734,435291.215
002518.SZ,20121130,175950.0,44370.0
600597.SH,20121130,1059658.4383,901237.0644
002194.SZ,20121130,287389.96,125573.0309
601991.SH,20121130,5270774.8809,3918166.56
002355.SZ,20121130,273828.8,89387.4978
600360.SH,20121130,233259.52,233259.52
600697.SH,20121130,304017.3113,296503.1447
002609.SZ,20121130,123247.2108,30180.0
000950.SZ,20121130,264669.2619,264669.2619
300179.SZ,20121130,138960.0,55753.7871
002629.SZ,20121130,160774.15,113730.6671
002146.SZ,20121130,2051492.4712,1785804.7544
600321.SH,20121130,265698.0,265698.0
002553.SZ,20121130,101616.0,37084.0
600644.SH,20121130,264448.9061,264448.9061
600400.SH,20121130,201743.8704,201743.8704
600160.SH,20121130,1110864.0256,1099135.3856
002665.SZ,20121130,367379.25,91879.25
600764.SH,20121130,155960.8634,155960.8634
600111.SH,20121130,7488960.048,4574520.7886
002093.SZ,20121130,319185.0,315125.9476
600617.SH,20121130,153652.0212,90970.6521
000627.SZ,20121130,351933.3652,351933.3652
002107.SZ,20121130,123312.96,56476.2137
002619.SZ,20121130,113406.15,56357.3985
600982.SH,20121130,151872.0,151872.0
000401.SZ,20121130,1576601.8094,1418316.8068
300354.SZ,20121130,84219.5562,21059.91
600525.SH,20121130,466295.4605,466295.4605
600455.SH,20121130,56836.78,45243.1689
600380.SH,20121130,613696.8491,613696.8491
601777.SH,20121130,557546.821,191390.3173
600191.SH,20121130,270107.124,270107.124
300355.SZ,20121130,352715.775,88477.0
000996.SZ,20121130,266340.0,266340.0
002500.SZ,20121130,1319890.0,801865.7631
002312.SZ,20121130,170488.1815,96229.98
002313.SZ,20121130,333600.0,69500.0
002385.SZ,20121130,1535064.0,697667.2695
600779.SH,20121130,871565.5252,526857.1454
300265.SZ,20121130,144585.0,37485.0
000918.SZ,20121130,609816.727,609816.727
600630.SH,20121130,195861.1962,195861.1962
600605.SH,20121130,94447.8835,94447.8835
600807.SH,20121130,186267.696,178574.808
601328.SH,20121130,31413133.3708,13835929.5654
300200.SZ,20121130,140655.6,52867.3143
600559.SH,20121130,419160.0,419160.0
002564.SZ,20121130,287143.92,131359.5209
600787.SH,20121130,514983.0054,284542.0715
600985.SH,20121130,129470.4,129470.4
603001.SH,20121130,680463.06,137457.0
600086.SH,20121130,548854.845,548854.845
600889.SH,20121130,122213.575,122213.575
000593.SZ,20121130,117698.2981,117596.898
300075.SZ,20121130,198240.0,74955.8231
002581.SZ,20121130,152674.8,89496.93
000901.SZ,20121130,195530.4743,173194.5584
300264.SZ,20121130,82620.0,49648.788
603077.SH,20121130,547650.0,121700.0
600316.SH,20121130,681975.9009,643299.8417
000919.SZ,20121130,322056.0,175997.0977
601888.SH,20121130,2274800.0,2274800.0
002402.SZ,20121130,93546.75,47832.2625
300259.SZ,20121130,153933.12,66371.4947
002018.SZ,20121130,205700.04,189996.4605
600717.SH,20121130,912749.1704,912749.1704
600529.SH,20121130,196381.0247,196381.0247
600662.SH,20121130,369730.129,192714.1695
002562.SZ,20121130,213400.0,53400.0
002180.SZ,20121130,109610.091,73009.059
601388.SH,20121130,399750.0,102375.0
000552.SZ,20121130,278900.16,277591.1466
600218.SH,20121130,241173.4,241173.4
002615.SZ,20121130,101870.4,37692.048
600330.SH,20121130,263201.8248,263201.8248
000708.SZ,20121130,278183.8491,276771.2589
300275.SZ,20121130,183989.12,78854.72
600469.SH,20121130,284956.0325,284956.0325
603399.SH,20121130,242465.52,60635.52
300216.SZ,20121130,121940.0,55965.0
300158.SZ,20121130,232992.0,74661.9757
002626.SZ,20121130,202860.0,131855.2764
600496.SH,20121130,357805.26,357805.26
600552.SH,20121130,250497.0,250497.0
600320.SH,20121130,1369771.9102,863719.3918
002610.SZ,20121130,145200.0,81861.0375
300215.SZ,20121130,339840.0,188800.0
000429.SZ,20121130,364564.1469,135648.9059
300192.SZ,20121130,99114.75,41803.5
300222.SZ,20121130,114912.0,42183.4791
002005.SZ,20121130,680011.2,375863.9117
002151.SZ,20121130,285687.8312,146971.2584
300023.SZ,20121130,68310.0,26427.4313
600533.SH,20121130,378000.0,378000.0
600687.SH,20121130,177897.7653,177897.7653
002279.SZ,20121130,124463.0759,76343.0601
000892.SZ,20121130,139476.5086,103438.2543
600839.SH,20121130,881702.6464,880509.5836
002473.SZ,20121130,94240.0,31099.2
000917.SZ,20121130,860509.5475,593979.3092
600051.SH,20121130,184766.4,184766.4
600209.SH,20121130,234431.9642,200408.8981
600604.SH,20121130,345534.0059,203449.7559
000659.SZ,20121130,314997.1174,314997.1174
600636.SH,20121130,410596.8638,410596.8638
300076.SZ,20121130,116176.0,45836.1042
000912.SZ,20121130,263250.0,120217.5
600135.SH,20121130,185022.0,185022.0
600094.SH,20121130,724035.7752,95502.0706
300306.SZ,20121130,135720.0,33930.0
002246.SZ,20121130,136544.8066,136544.8066
600794.SH,20121130,218408.2217,218408.2217
300227.SZ,20121130,83683.0,41591.7
000952.SZ,20121130,136676.0936,136662.1347
002149.SZ,20121130,163977.57,163977.57
000011.SZ,20121130,339112.1033,83037.1686
600543.SH,20121130,297357.12,297357.12
000908.SZ,20121130,197680.0,197680.0
300302.SZ,20121130,104760.0,26190.0
002694.SZ,20121130,196416.0,49104.0
002082.SZ,20121130,138754.0,98144.7193
600310.SH,20121130,248332.5,248332.5
600107.SH,20121130,264240.0,264240.0
300187.SZ,20121130,287554.68,78369.2
000933.SZ,20121130,1222021.5,1080176.0537
000803.SZ,20121130,86857.0072,61383.1267
601100.SH,20121130,563850.0,140962.5
002193.SZ,20121130,112960.0,112904.5769
600396.SH,20121130,182902.2,182902.2
600478.SH,20121130,592497.7611,592497.7611
600856.SH,20121130,88061.8384,88061.8384
600087.SH,20121130,444638.786,391583.786
600368.SH,20121130,283492.5209,283492.5209
300323.SZ,20121130,179200.0,44800.0
600201.SH,20121130,336697.1011,336697.1011
300059.SZ,20121130,262080.0,163693.1439
002399.SZ,20121130,1400350.0,297850.0
000630.SZ,20121130,2338543.033,2338496.9056
300165.SZ,20121130,158999.36,56804.67
600616.SH,20121130,347866.4932,347866.4932
002527.SZ,20121130,222500.66,68045.5557
002133.SZ,20121130,232746.48,168852.8667
002454.SZ,20121130,232128.0,86601.1536
000999.SZ,20121130,1990103.7,722210.1067
601727.SH,20121130,4693447.3576,3605361.5656
002586.SZ,20121130,291532.2,92568.285
600190.SH,20121130,565367.0279,484710.9048
600897.SH,20121130,356478.57,356478.57
002319.SZ,20121130,84600.0,46329.3398
002131.SZ,20121130,296310.3152,168162.5759
000850.SZ,20121130,396339.3038,396221.8096
002008.SZ,20121130,724811.2404,656510.7245
300241.SZ,20121130,140170.0,52447.8871
600549.SH,20121130,1994109.52,1994109.52
300258.SZ,20121130,206250.0,87217.9688
002418.SZ,20121130,147576.0,96978.1565
600130.SH,20121130,231168.0,231168.0
600965.SH,20121130,142216.2476,142216.2476
300069.SZ,20121130,82056.0,28127.6596
600778.SH,20121130,286883.5352,284438.492
600730.SH,20121130,153117.2165,153117.2165
300094.SZ,20121130,164736.0,58842.0518
002120.SZ,20121130,110906.64,69181.5052
002542.SZ,20121130,205610.4,59405.4
000692.SZ,20121130,110296.426,110281.9654
300218.SZ,20121130,111724.8,31282.944
000560.SZ,20121130,110398.7322,62110.9808
002179.SZ,20121130,457852.5,238564.2375
002364.SZ,20121130,147335.3194,44121.4305
300182.SZ,20121130,367531.6505,90258.0
000025.SZ,20121130,128864.736,104887.3082
300017.SZ,20121130,222531.2147,118474.5208
300338.SZ,20121130,113820.0,28455.0
002222.SZ,20121130,153045.0,147613.2697
600755.SH,20121130,497732.6221,497732.6221
002077.SZ,20121130,122724.0,118818.5975
600415.SH,20121130,1646572.2882,1646572.2882
600486.SH,20121130,284073.9974,284073.9974
002161.SZ,20121130,391331.6646,275517.027
002679.SZ,20121130,208574.72,52158.72
002105.SZ,20121130,106932.0,106932.0
601088.SH,20121130,43220145.2487,35443885.4762
600860.SH,20121130,229146.0,174846.0
002461.SZ,20121130,517603.1054,106401.5741
000982.SZ,20121130,483068.0098,483068.0098
600815.SH,20121130,463402.5936,452231.561
002540.SZ,20121130,229008.0,79279.707
600186.SH,20121130,276126.3209,243907.047
601216.SH,20121130,650240.0,253166.88
002050.SZ,20121130,478763.5523,464449.9624
002175.SZ,20121130,65329.6903,54637.0612
002117.SZ,20121130,157764.8867,155608.9667
600708.SH,20121130,186285.142,185559.6837
300010.SZ,20121130,141129.2272,71113.8181
002414.SZ,20121130,404400.0,107166.0
600112.SH,20121130,508186.4363,508186.4363
002358.SZ,20121130,373584.0,110887.1334
600689.SH,20121130,133860.2344,101367.9592
300141.SZ,20121130,90307.2,32945.359
002021.SZ,20121130,199870.8941,199870.8941
600010.SH,20121130,3096196.2436,3096196.2436
002089.SZ,20121130,223590.3437,163190.6148
600861.SH,20121130,178044.3813,178044.3813
601958.SH,20121130,3287909.8836,3287252.0284
300346.SZ,20121130,247328.4,61844.4
300278.SZ,20121130,182243.4,45613.4
000701.SZ,20121130,171538.5,171534.8857
601208.SH,20121130,346672.88,178512.3242
600143.SH,20121130,1172308.0,1172308.0
601519.SH,20121130,530980.0,191438.9906
002094.SZ,20121130,229204.6334,229204.6334
600527.SH,20121130,291158.4486,291158.4486
600271.SH,20121130,1117314.0,1117314.0
600095.SH,20121130,174129.0383,174129.0383
601677.SH,20121130,413431.0,83304.8
000836.SZ,20121130,116706.6286,116703.4402
002403.SZ,20121130,190080.0,80130.6
300037.SZ,20121130,235913.6,59529.4346
000685.SZ,20121130,646307.0685,543341.9563
000680.SZ,20121130,448666.2372,375631.5431
000008.SZ,20121130,72327.4503,72327.3619
300134.SZ,20121130,239360.0,80395.04
600452.SH,20121130,118720.0,118720.0
002292.SZ,20121130,640204.8,640204.8
000736.SZ,20121130,249940.0573,107838.3242
002480.SZ,20121130,304640.0,167912.004
000758.SZ,20121130,1305615.168,1196717.9723
600995.SH,20121130,240698.7792,240698.7792
300233.SZ,20121130,137093.0,66828.872
000507.SZ,20121130,237841.2213,209049.6031
002153.SZ,20121130,629059.2,331813.9844
600206.SH,20121130,192487.5,192487.5
002410.SZ,20121130,625725.0,152286.2375
000559.SZ,20121130,642085.2203,640854.9951
600292.SH,20121130,530300.0509,240442.9639
600537.SH,20121130,331850.0986,157113.222
600661.SH,20121130,89443.5649,89443.5649
600406.SH,20121130,2253019.7504,2253019.7504
600976.SH,20121130,210002.6834,209665.8546
000055.SZ,20121130,292924.1332,162870.6044
002372.SZ,20121130,330687.0,82737.0
600811.SH,20121130,758396.4452,758396.4452
000997.SZ,20121130,364840.6662,363724.9938
300002.SZ,20121130,481146.5435,186805.7397
000007.SZ,20121130,291709.2535,233611.2535
601515.SH,20121130,712236.0,71736.0
002696.SZ,20121130,158840.0,39710.0
002053.SZ,20121130,117829.5993,117829.5993
600844.SH,20121130,762269.585,572545.6447
600033.SH,20121130,573579.6,280007.2331
300153.SZ,20121130,104000.0,49179.0
002691.SZ,20121130,212200.0,53050.0
300066.SZ,20121130,118092.0,49519.155
000632.SZ,20121130,143845.5471,143703.2591
601168.SH,20121130,1594227.0,1594227.0
000848.SZ,20121130,493396.3457,493214.0211
002405.SZ,20121130,526766.1611,342571.5735
600105.SH,20121130,176001.0465,176001.0465
600366.SH,20121130,644151.183,644151.183
601999.SH,20121130,301901.2556,301901.2556
600350.SH,20121130,1462594.4205,1022595.2
002216.SZ,20121130,407135.1256,278259.5693
600547.SH,20121130,5245444.8959,5245444.8959
002522.SZ,20121130,236892.736,71221.056
600694.SH,20121130,802439.36,802439.36
000819.SZ,20121130,220967.7834,220949.6857
600121.SH,20121130,417748.96,417748.96
002661.SZ,20121130,201884.4,50471.1
000752.SZ,20121130,284331.6533,284320.8097
300107.SZ,20121130,99012.0,29082.0
000001.SZ,20121130,6557888.5325,3974859.1002
002130.SZ,20121130,309008.4779,186276.2946
002014.SZ,20121130,266144.6537,224323.498
002078.SZ,20121130,428049.2278,428047.183
300086.SZ,20121130,211000.0,74577.5871
600298.SH,20121130,431159.1491,385841.4264
600998.SH,20121130,1538418.632,576209.2933
600158.SH,20121130,419336.4804,326775.2098
300155.SZ,20121130,154440.0,38610.0
000024.SZ,20121130,4095761.6997,1632003.6167
002226.SZ,20121130,415421.4708,128195.591
601899.SH,20121130,7852306.914,5689369.314
300144.SZ,20121130,610394.4,193968.675
000402.SZ,20121130,1737543.8104,1737252.828
002566.SZ,20121130,319919.88,160914.0835
002392.SZ,20121130,307800.0,95075.0247
000906.SZ,20121130,151748.0631,60383.8405
600979.SH,20121130,229449.2605,229449.2605
000748.SZ,20121130,171631.9117,171631.9117
000768.SZ,20121130,1793992.1281,1581633.8666
600721.SH,20121130,235783.1645,105203.6001
002329.SZ,20121130,192600.0,71081.4393
600757.SH,20121130,568707.3936,191526.7441
000616.SZ,20121130,423111.0175,423111.0175
002608.SZ,20121130,207270.0,98700.0
600769.SH,20121130,125617.362,125617.362
600641.SH,20121130,296666.4193,296666.4193
601139.SH,20121130,1726952.4,745560.0
600993.SH,20121130,434369.69,433390.4204
600727.SH,20121130,141447.6026,135781.4226
002288.SZ,20121130,284332.0447,124184.2714
002417.SZ,20121130,153090.0,67171.0765
601880.SH,20121130,1226002.0,223928.185
002444.SZ,20121130,421824.0,115190.4757
000961.SZ,20121130,1351189.9845,1194994.9845
002263.SZ,20121130,311411.16,198567.8925
000753.SZ,20121130,146764.4148,146764.4148
000607.SZ,20121130,194605.066,194605.066
600501.SH,20121130,302473.3572,160287.1964
300236.SZ,20121130,97020.02,24488.5
600723.SH,20121130,444425.099,214566.1724
300348.SZ,20121130,96213.7,24193.0
002210.SZ,20121130,161904.6,153885.5604
002291.SZ,20121130,187488.6,187488.6
600622.SH,20121130,280809.8759,280809.8759
002395.SZ,20121130,103707.48,36577.0098
002167.SZ,20121130,487235.628,382430.84
600048.SH,20121130,8187279.5665,8187279.5665
002168.SZ,20121130,484547.0515,269489.184
300230.SZ,20121130,89646.264,29356.5141
000881.SZ,20121130,214080.4512,213419.1095
000782.SZ,20121130,129039.7268,129037.941
600337.SH,20121130,293563.7144,272076.8126
300335.SZ,20121130,174361.0425,43600.0
300317.SZ,20121130,87360.0,21840.0
300118.SZ,20121130,217280.0,110352.0422
002633.SZ,20121130,88500.0,36860.25
000856.SZ,20121130,110549.0,64318.372
600091.SH,20121130,128889.458,128889.458
600691.SH,20121130,898327.8842,124916.85
000838.SZ,20121130,120545.8135,120545.8135
600262.SH,20121130,197200.0,76560.0
002375.SZ,20121130,1328699.8125,459105.1875
000799.SZ,20121130,947167.9767,653547.9234
300333.SZ,20121130,165648.0,41412.0
002421.SZ,20121130,274989.6,159573.9758
600736.SH,20121130,412573.824,412573.824
002386.SZ,20121130,257637.1827,208913.9752
601007.SH,20121130,197400.0,197400.0
600127.SH,20121130,229761.9584,229761.9584
002330.SZ,20121130,215860.0,54180.0
000727.SZ,20121130,139353.0541,138959.8122
600114.SH,20121130,136850.0,75374.6
002285.SZ,20121130,375033.6,375031.0148
000547.SZ,20121130,252133.2285,199637.9266
002198.SZ,20121130,162975.0,110739.8239
600611.SH,20121130,682443.4666,451277.3236
002506.SZ,20121130,393080.32,202605.1686
601866.SH,20121130,2488505.625,1639772.5125
002109.SZ,20121130,224716.8,224716.8
600714.SH,20121130,260007.7185,260007.7185
300035.SZ,20121130,93061.8,45169.2877
300180.SZ,20121130,150732.0,67113.9
002453.SZ,20121130,177600.0,87873.3498
600018.SH,20121130,5597774.1939,5163736.8325
000584.SZ,20121130,225703.3569,224707.8592
000058.SZ,20121130,294299.6288,201863.3355
600522.SH,20121130,480471.8801,480471.8801
600686.SH,20121130,253165.5395,253165.5395
600199.SH,20121130,920919.1783,920919.1783
600753.SH,20121130,76544.0,76544.0
000623.SZ,20121130,1157403.3323,976445.2558
000597.SZ,20121130,189604.0789,188006.6459
300045.SZ,20121130,275772.0,69972.0
000518.SZ,20121130,360344.6777,360337.4926
601919.SH,20121130,4290835.2299,3139899.1218
300052.SZ,20121130,117650.0,65369.2813
000796.SZ,20121130,112423.1588,112414.4748
600624.SH,20121130,170161.4323,170161.4323
300091.SZ,20121130,146718.0,65900.25
000585.SZ,20121130,177294.11,123712.4585
000723.SZ,20121130,116704.927,81453.1946
000010.SZ,20121130,223760.5559,103182.2336
000868.SZ,20121130,281608.0,249718.38
600562.SH,20121130,257397.3289,202484.3939
600634.SH,20121130,66887.9861,66887.9861
601058.SH,20121130,256662.0,132826.2686
600146.SH,20121130,205400.0,205400.0
000715.SZ,20121130,143967.096,143498.9287
600036.SH,20121130,21619762.1028,17701463.1468
002486.SZ,20121130,138320.0,89607.0875
600456.SH,20121130,680680.3374,359961.8697
600346.SH,20121130,139298.0,121380.0
600104.SH,20121130,15512972.247,12902645.3573
600550.SH,20121130,790842.7619,790842.7619
300270.SZ,20121130,174060.0,63131.0166
300319.SZ,20121130,78089.76,19529.76
000895.SZ,20121130,6019682.3445,3314871.6892
000798.SZ,20121130,239591.25,239589.4088
000590.SZ,20121130,184694.9578,184616.3597
600219.SH,20121130,1195307.4779,1195307.4779
600133.SH,20121130,291448.4159,209895.4292
000751.SZ,20121130,280863.7226,280850.9327
600489.SH,20121130,4400127.0515,4400127.0515
600381.SH,20121130,768885.7872,375014.016
600295.SH,20121130,783288.0,464508.0
600602.SH,20121130,375341.7862,281463.2374
600444.SH,20121130,92085.0,92085.0
603167.SH,20121130,337461.4,70801.0
601116.SH,20121130,350377.2564,51180.0
600159.SH,20121130,235720.9179,235720.9179
002327.SZ,20121130,430461.72,108660.24
000022.SZ,20121130,583511.1757,420634.7735
300038.SZ,20121130,91478.43,52845.2272
000877.SZ,20121130,635433.109,566194.5147
600664.SH,20121130,1089130.5082,598325.2298
002505.SZ,20121130,136682.88,78644.1409
600148.SH,20121130,93117.8241,93117.8241
600085.SH,20121130,2230438.5355,2230438.5355
002631.SZ,20121130,144480.0,63925.3927
300203.SZ,20121130,568710.0,87187.1626
600668.SH,20121130,284901.4096,284603.568
601268.SH,20121130,740220.0,143880.81
002138.SZ,20121130,349223.1975,312106.0329
601636.SH,20121130,396652.573,97355.5
300290.SZ,20121130,82960.0,20740.0
600058.SH,20121130,1336672.6566,1336672.6566
002273.SZ,20121130,454328.42,375680.1521
601028.SH,20121130,228282.5,69455.4
600096.SH,20121130,824037.7979,824028.5861
600487.SH,20121130,364672.2913,292537.32
002270.SZ,20121130,96844.8,54411.8016
600355.SH,20121130,96203.4386,96203.4386
002302.SZ,20121130,241080.0,118640.7201
300195.SZ,20121130,254800.0,65314.795
600673.SH,20121130,556057.6815,552795.4441
002298.SZ,20121130,277622.051,173448.642
600176.SH,20121130,678033.1215,498125.376
300196.SZ,20121130,179160.0,75835.0688
300336.SZ,20121130,184032.0,46008.0
600637.SH,20121130,1522477.2145,969017.844
000425.SZ,20121130,2075134.7029,2066793.3101
300231.SZ,20121130,92800.0,29464.0
600325.SH,20121130,576834.2077,576834.2077
300138.SZ,20121130,146350.2607,43195.0
600132.SH,20121130,653361.1173,653361.1173
600193.SH,20121130,312485.55,312485.55
000012.SZ,20121130,1415378.8519,887823.9956
000883.SZ,20121130,1706251.1473,264894.1089
600408.SH,20121130,352380.0,352380.0
000416.SZ,20121130,256362.0601,256270.1234
600690.SH,20121130,2996602.3346,2996602.3346
002029.SZ,20121130,755670.0,637992.8895
002211.SZ,20121130,189856.867,117919.2847
600055.SH,20121130,152813.7,152813.7
600278.SH,20121130,272610.1878,217152.0
601098.SH,20121130,1496068.0,331534.0
002669.SZ,20121130,100300.0,25075.0
000897.SZ,20121130,414021.6919,413961.0028
002680.SZ,20121130,160800.0,40200.0
002510.SZ,20121130,171398.08,61523.9522
600845.SH,20121130,451033.576,299682.376
000526.SZ,20121130,80034.329,80034.329
600353.SH,20121130,148435.56,141002.4623
600750.SH,20121130,575316.35,575316.35
000153.SZ,20121130,146905.198,130540.538
002086.SZ,20121130,245556.95,237876.703
300020.SZ,20121130,248880.0,145186.9095
000506.SZ,20121130,551217.2052,548256.8103
600505.SH,20121130,268686.2475,268686.2475
300239.SZ,20121130,135852.24,80962.428
300211.SZ,20121130,70944.72,25279.6104
601333.SH,20121130,1763800.713,1338982.1367
300071.SZ,20121130,101233.312,39040.0211
002393.SZ,20121130,548824.6159,249063.0227
000608.SZ,20121130,379456.1344,379456.1344
300116.SZ,20121130,63440.0,33305.2086
002687.SZ,20121130,150516.39,37640.55
600831.SH,20121130,325104.0358,325104.0358
600359.SH,20121130,146055.0,146055.0
600825.SH,20121130,461840.4297,461840.4297
002260.SZ,20121130,83148.0,83148.0
300082.SZ,20121130,291600.0,119475.0
000033.SZ,20121130,121549.3565,121549.3565
000633.SZ,20121130,231063.8238,109911.9996
600365.SH,20121130,110880.0,110880.0
600733.SH,20121130,230780.448,88300.8
600119.SH,20121130,139867.0,139867.0
002575.SZ,20121130,150926.4,38126.4
600285.SH,20121130,199114.24,199114.24
002062.SZ,20121130,246375.0,200778.5842
600650.SH,20121130,327104.7935,231602.1245
000780.SZ,20121130,855060.2311,855060.2311
300157.SZ,20121130,298601.2708,149330.6453
600854.SH,20121130,180252.1127,180252.1127
601339.SH,20121130,546750.0,109350.0
600651.SH,20121130,303755.8428,303755.8428
000816.SZ,20121130,499760.723,499738.6051
000626.SZ,20121130,123930.0,123550.9602
002019.SZ,20121130,124316.88,114302.0533
300122.SZ,20121130,1297600.0,222943.9
000638.SZ,20121130,97925.1,97925.1
002317.SZ,20121130,692640.0,173160.0
002069.SZ,20121130,987734.8375,947783.8319
601789.SH,20121130,240796.66,60100.0
300099.SZ,20121130,148824.0,49595.3453
300115.SZ,20121130,593142.0,217462.0307
601137.SH,20121130,350665.0,154945.0
002419.SZ,20121130,780995.2,159904.912
300031.SZ,20121130,112500.0,48520.548
600666.SH,20121130,176408.9492,176408.9492
600893.SH,20121130,1103737.6881,1100344.8674
600680.SH,20121130,309602.523,208514.523
600966.SH,20121130,217977.5413,217977.5413
002490.SZ,20121130,711680.7728,129557.648
000671.SZ,20121130,661966.8481,657956.8821
600241.SH,20121130,88298.0,88298.0
601766.SH,20121130,6597834.0,4548648.0
000667.SZ,20121130,508236.8194,504239.6894
600358.SH,20121130,144288.0,144288.0
600362.SH,20121130,6963548.8335,4173322.5315
600588.SH,20121130,856698.535,856698.535
600436.SH,20121130,1312080.0,1312080.0
601788.SH,20121130,3486360.0,3486360.0
002012.SZ,20121130,209496.2106,174531.211
600707.SH,20121130,328593.9288,267735.7419
000963.SZ,20121130,1375970.1715,887414.3077
600715.SH,20121130,117510.144,117510.144
000785.SZ,20121130,135157.2735,135088.4095
600153.SH,20121130,1123350.872,1123350.872
002698.SZ,20121130,420248.0,42968.0
000678.SZ,20121130,104173.6098,104172.3929
002166.SZ,20121130,131217.6989,96338.8862
000712.SZ,20121130,459200.0,229542.9731
000679.SZ,20121130,228096.0,228059.1322
600667.SH,20121130,410989.6238,410989.6238
300213.SZ,20121130,91980.0,25521.4293
000529.SZ,20121130,364285.1659,166670.6521
002218.SZ,20121130,255649.5,250347.3372
002491.SZ,20121130,235128.4,82591.3686
600841.SH,20121130,887343.4731,430142.0398
600312.SH,20121130,515948.689,515948.689
000421.SZ,20121130,145245.5333,145226.9842
002567.SZ,20121130,277104.0,152076.0808
600145.SH,20121130,177511.95,177511.95
002150.SZ,20121130,118094.4,114780.96
601618.SH,20121130,3841110.0,3264039.0
002203.SZ,20121130,472151.1709,436209.1523
000915.SZ,20121130,237936.5855,236653.4663
002147.SZ,20121130,130294.9922,99251.3819
600243.SH,20121130,114398.55,114398.55
000594.SZ,20121130,304729.466,262648.257
600054.SH,20121130,524612.55,130911.06
600027.SH,20121130,2616734.891,1842469.951
300095.SZ,20121130,87549.0,30699.0
600422.SH,20121130,541953.6,541135.5964
000930.SZ,20121130,409874.7239,409874.7239
000539.SZ,20121130,1485446.5543,1056242.2332
002451.SZ,20121130,132638.4,33159.6
300353.SZ,20121130,121688.1072,30471.6
002483.SZ,20121130,239400.0,59850.0
600881.SH,20121130,814734.7849,814734.7849
600621.SH,20121130,205440.2816,205440.2816
600973.SH,20121130,201427.4885,199087.5485
300142.SZ,20121130,619588.8,211788.142
600645.SH,20121130,501538.3093,497474.6244
600180.SH,20121130,621423.5835,179457.9072
603366.SH,20121130,492000.0,123000.0
002332.SZ,20121130,304870.2,188605.6578
002469.SZ,20121130,340378.5191,105847.95
300025.SZ,20121130,80028.0,45335.862
600372.SH,20121130,1621136.3075,785888.0
600771.SH,20121130,209919.0651,143245.0823
000962.SZ,20121130,478744.2514,478741.9578
600867.SH,20121130,646585.03,646585.03
600389.SH,20121130,222552.0,222552.0
002182.SZ,20121130,207936.0,156181.2422
002172.SZ,20121130,179103.1546,171809.8546
600868.SH,20121130,438472.3448,438472.3448
000729.SZ,20121130,1281474.3123,1124378.4848
600495.SH,20121130,392304.924,392304.924
000538.SZ,20121130,4387069.8808,4386924.9229
002134.SZ,20121130,121695.6352,121695.6352
600816.SH,20121130,442302.9238,442049.6838
002043.SZ,20121130,166387.0021,153661.2699
002223.SZ,20121130,711289.3632,643362.4268
601616.SH,20121130,327335.58,194227.3242
000833.SZ,20121130,162245.1982,162238.8031
600833.SH,20121130,159729.8245,159729.8245
002036.SZ,20121130,155124.9063,149291.0882
601003.SH,20121130,773963.5464,773963.5464
601001.SH,20121130,1349002.2,1349002.2
002188.SZ,20121130,126204.0,92192.9313
002401.SZ,20121130,168399.28,65168.8562
000778.SZ,20121130,1040861.2647,734198.3321
600156.SH,20121130,140738.7457,140738.7457
002437.SZ,20121130,472360.0,160602.4
002251.SZ,20121130,529635.24,529635.24
002442.SZ,20121130,204000.0,61644.465
002549.SZ,20121130,218880.0,54720.0
600149.SH,20121130,327697.92,284554.82
002373.SZ,20121130,66199.98,47495.0003
600390.SH,20121130,148686.45,148686.45
000998.SZ,20121130,739708.2,739708.2
002003.SZ,20121130,210039.2729,181162.2797
002209.SZ,20121130,111289.1085,71820.4161
300135.SZ,20121130,229440.0,89459.5881
300237.SZ,20121130,77976.0,22572.0
000920.SZ,20121130,251512.0,251512.0
300019.SZ,20121130,99552.0,40695.1008
600660.SH,20121130,1440147.1727,1411537.8392
300191.SZ,20121130,188800.0,54138.4
600016.SH,20121130,17841953.1078,14207601.9014
300162.SZ,20121130,128640.0,32256.0
600895.SH,20121130,947798.0046,947798.0046
600790.SH,20121130,428461.9637,329188.9283
002620.SZ,20121130,139920.0,66466.1976
000697.SZ,20121130,483018.9664,133122.9704
600846.SH,20121130,236784.6146,236784.6146
000026.SZ,20121130,245087.1509,92409.9134
002057.SZ,20121130,91516.1865,77112.0
002233.SZ,20121130,663834.729,336612.729
002640.SZ,20121130,107872.06,26972.06
600228.SH,20121130,291755.88,291755.88
600021.SH,20121130,873013.6169,873013.6169
000978.SZ,20121130,204536.8,204536.8
600376.SH,20121130,1514105.775,1514105.775
600463.SH,20121130,157248.0,157248.0
002460.SZ,20121130,257928.088,133437.7335
002249.SZ,20121130,374482.5656,187921.4051
000037.SZ,20121130,233871.8872,131490.8767
600029.SH,20121130,3288884.945,2311081.25
600575.SH,20121130,831653.5799,486022.8
000509.SZ,20121130,256510.142,154721.0914
002042.SZ,20121130,311539.2223,311539.2223
600125.SH,20121130,749369.5557,663638.0155
002535.SZ,20121130,319229.3816,123551.665
002245.SZ,20121130,172915.2,159010.173
600200.SH,20121130,392931.0,328916.2199
002242.SZ,20121130,474832.8,474832.8
000703.SZ,20121130,1076297.2551,244419.7696
002650.SZ,20121130,355008.0,88752.0
600308.SH,20121130,366614.2856,366614.2856
300308.SZ,20121130,85804.29,21454.29
601898.SH,20121130,9015891.112,6124744.4783
002088.SZ,20121130,177823.8036,152618.7783
300003.SZ,20121130,637420.0,229719.8291
002252.SZ,20121130,612489.6,612489.6
600103.SH,20121130,280326.1824,280326.1824
000812.SZ,20121130,161502.61,161231.3098
600828.SH,20121130,229887.1818,229246.5016
002612.SZ,20121130,418000.0,121380.721
600192.SH,20121130,167114.772,167114.772
600155.SH,20121130,129112.5,129112.5
600609.SH,20121130,320151.4697,320151.4697
002046.SZ,20121130,228455.5654,228455.5654
600075.SH,20121130,264909.568,264909.568
002377.SZ,20121130,121124.0,48676.0
300262.SZ,20121130,198099.0,61567.5253
000598.SZ,20121130,793657.3296,461378.099
300349.SZ,20121130,218040.0,54510.0
002320.SZ,20121130,350925.12,152325.497
000488.SZ,20121130,748522.6766,294457.2234
600499.SH,20121130,478323.2411,445598.0412
300266.SZ,20121130,117196.8,29299.2
002064.SZ,20121130,320465.6,287232.4367
600299.SH,20121130,248286.091,248286.091
000587.SZ,20121130,594462.7612,267195.7723
601166.SH,20121130,13655596.4956,13655596.4956
600629.SH,20121130,230375.8762,205952.4957
600343.SH,20121130,203011.6484,203011.6484
601117.SH,20121130,3492564.0,1082532.0
600211.SH,20121130,184752.441,129067.3251
002388.SZ,20121130,131068.8,33062.4
002294.SZ,20121130,1620017.28,710095.68
000014.SZ,20121130,131108.3716,131108.3716
002055.SZ,20121130,203939.9434,199426.7718
000722.SZ,20121130,287313.9766,130882.6977
600677.SH,20121130,214621.4102,214621.4102
000635.SZ,20121130,209433.533,122340.6738
000911.SZ,20121130,209533.84,209533.84
600737.SH,20121130,487718.0496,390718.0496
601555.SH,20121130,1292000.0,323000.0
600375.SH,20121130,308768.5943,142673.2313
601009.SH,20121130,2256389.2274,2256389.2274
601699.SH,20121130,3693239.82,3693239.82
002195.SZ,20121130,114415.84,87055.4324
002573.SZ,20121130,446072.0,220421.355
002374.SZ,20121130,136538.5839,49819.2
300029.SZ,20121130,111200.0,60277.2966
600685.SH,20121130,681665.7052,464771.2612
600099.SH,20121130,105834.96,105834.96
600658.SH,20121130,370682.2399,109865.1269
000530.SZ,20121130,204758.7604,126189.7305
002697.SZ,20121130,260800.0,65200.0
002674.SZ,20121130,220320.0,55080.0
300108.SZ,20121130,84770.4,50841.9534
002502.SZ,20121130,113766.4,62929.8842
300127.SZ,20121130,235573.6964,59778.0
002376.SZ,20121130,423900.0,214787.2051
600872.SH,20121130,317061.6032,317061.6032
601008.SH,20121130,255665.0568,238328.7908
002287.SZ,20121130,557032.0,557032.0
600726.SH,20121130,436601.884,159968.8783
600615.SH,20121130,162261.6984,161217.0369
002482.SZ,20121130,824832.0,260020.8178
600768.SH,20121130,73293.4656,73293.4656
300051.SZ,20121130,98547.0,42883.3718
600141.SH,20121130,558818.9613,550127.1666
600280.SH,20121130,432922.2467,432922.2467
002028.SZ,20121130,568066.56,429577.1627
000407.SZ,20121130,366166.8728,363722.1156
000523.SZ,20121130,204330.0869,204281.2034
600477.SH,20121130,175650.6642,127490.2334
000928.SZ,20121130,198877.997,198877.997
002530.SZ,20121130,137484.0,84357.72
000975.SZ,20121130,527618.0654,527618.0654
000668.SZ,20121130,110571.9432,110453.1183
002037.SZ,20121130,412279.2765,348655.45
600289.SH,20121130,291504.7527,286526.2354
000430.SZ,20121130,236455.5048,123334.6705
601238.SH,20121130,3416995.6715,152377.0461
601607.SH,20121130,2721177.4645,1083373.3837
600057.SH,20121130,326739.2,163339.2
000937.SZ,20121130,2433154.1826,1657852.1294
600438.SH,20121130,389136.32,389136.32
600643.SH,20121130,728519.3519,538962.5707
002488.SZ,20121130,136980.0,48165.5925
000921.SZ,20121130,695984.1415,145024.089
600875.SH,20121130,2286404.26,1761624.13
002345.SZ,20121130,298620.0,193210.0267
002299.SZ,20121130,762423.3,762423.3
300087.SZ,20121130,115315.2,52282.3392
000922.SZ,20121130,355887.0193,116716.8109
600282.SH,20121130,852665.5405,370656.0
600741.SH,20121130,2397209.7624,2397209.7624
600035.SH,20121130,254341.1311,254341.1311
300293.SZ,20121130,139680.0,34920.0
000005.SZ,20121130,230412.069,230263.2378
601158.SH,20121130,2313600.0,241000.0
600539.SH,20121130,100740.0,70270.9189
600256.SH,20121130,5228508.8023,3064738.9728
002406.SZ,20121130,200838.0,88925.6234
600395.SH,20121130,2191288.664,2191288.664
002464.SZ,20121130,174285.0,47121.5
000528.SZ,20121130,917072.3408,904834.3791
600275.SH,20121130,253400.9445,253400.9445
300133.SZ,20121130,609893.632,230015.6481
601890.SH,20121130,299988.0,178091.4953
600783.SH,20121130,655036.1787,356010.864
600348.SH,20121130,2948530.0,2948530.0
000533.SZ,20121130,243858.048,239579.2249
600511.SH,20121130,601372.8,348720.1431
000018.SZ,20121130,109942.5314,64818.2945
600361.SH,20121130,290958.0602,211861.0602
600283.SH,20121130,203440.29,203440.29
000020.SZ,20121130,149509.1279,34148.6624
600063.SH,20121130,357986.9339,357986.9339
000408.SZ,20121130,176611.05,176611.05
600652.SH,20121130,228371.0512,228371.0512
600117.SH,20121130,320206.7169,320206.7169
000601.SZ,20121130,298027.6374,270210.401
002081.SZ,20121130,2573096.6033,2393368.3895
600383.SH,20121130,2365428.0346,2365428.0346
002636.SZ,20121130,164080.0,53326.0
300303.SZ,20121130,151640.0,38781.93
600801.SH,20121130,1084947.9165,645205.7947
000863.SZ,20121130,430656.8093,79142.2757
002004.SZ,20121130,643173.12,399124.0589
600683.SH,20121130,257790.6038,257790.6038
600403.SH,20121130,2019041.0735,215291.763
300244.SZ,20121130,228018.42,115203.2947
300280.SZ,20121130,96000.0,24000.0
000728.SZ,20121130,1753941.3,1753941.3
600303.SH,20121130,224057.3384,224057.3384
000410.SZ,20121130,283644.8597,280397.181
300234.SZ,20121130,106800.0,26700.0
000031.SZ,20121130,672894.4221,672890.1493
000738.SZ,20121130,687329.257,133844.4
600888.SH,20121130,395956.9757,387434.1486
300114.SZ,20121130,132000.0,36696.0
002023.SZ,20121130,242634.1665,235518.8202
600340.SH,20121130,1928758.6245,762780.1541
000554.SZ,20121130,211068.2675,159203.224
002328.SZ,20121130,236250.0,78828.9611
002024.SZ,20121130,4341229.3722,3197030.332
002013.SZ,20121130,267675.8011,198407.7741
600988.SH,20121130,176558.1816,176558.1816
600647.SH,20121130,107247.567,107247.567
002230.SZ,20121130,921090.2739,796859.3018
000563.SZ,20121130,602706.3731,373456.9951
002548.SZ,20121130,140718.0,40175.8722
002477.SZ,20121130,775902.0,332303.5701
600606.SH,20121130,250348.603,250348.603
002205.SZ,20121130,129857.9561,128957.8789
300320.SZ,20121130,116672.5,29172.5
600980.SH,20121130,122460.0,122460.0
600252.SH,20121130,875581.5175,875581.5175
600744.SH,20121130,281100.96,187381.8866
002136.SZ,20121130,155029.42,142979.329
002276.SZ,20121130,431955.9319,141485.5765
300287.SZ,20121130,128184.0,32046.0
000550.SZ,20121130,1232669.592,737465.0388
000953.SZ,20121130,118505.9531,118482.5654
002199.SZ,20121130,97534.9791,62224.582
300173.SZ,20121130,74278.88,27573.7103
600810.SH,20121130,208756.16,208756.16
603002.SH,20121130,211600.0,52900.0
600068.SH,20121130,1653055.5551,1653055.5551
600584.SH,20121130,318218.8365,318218.8365
002455.SZ,20121130,116949.6,39693.6
600512.SH,20121130,191604.5706,191604.5706
002144.SZ,20121130,160570.4668,99779.9105
002318.SZ,20121130,322608.0,166023.8636
000823.SZ,20121130,351027.492,350935.1564
600898.SH,20121130,102777.1947,82522.5947
002090.SZ,20121130,128928.0,117038.5885
000551.SZ,20121130,217243.6599,210362.8975
600792.SH,20121130,342592.6,108048.6
002544.SZ,20121130,161948.64,96080.881
300176.SZ,20121130,90741.0,26055.3545
600461.SH,20121130,206910.0,206910.0
600405.SH,20121130,119394.2906,117700.0546
002033.SZ,20121130,261268.7692,201799.3394
300247.SZ,20121130,66544.5,28751.4975
600371.SH,20121130,201360.5,201360.5
300167.SZ,20121130,88170.48,42653.0644
600773.SH,20121130,575704.998,192797.331
002030.SZ,20121130,280415.7481,268598.6449
600704.SH,20121130,441898.2953,377075.5306
002600.SZ,20121130,282842.0,79922.0
600157.SH,20121130,1387534.2311,834256.8236
000581.SZ,20121130,1907775.856,1147255.3813
002394.SZ,20121130,221195.0,131723.365
300050.SZ,20121130,168264.0,64719.1253
300246.SZ,20121130,94957.2,34952.112
002479.SZ,20121130,479360.0,292989.536
600879.SH,20121130,461482.2061,461482.2061
600476.SH,20121130,97930.56,97930.56
600352.SH,20121130,803223.5137,803223.5137
002123.SZ,20121130,373464.0,335691.6013
300316.SZ,20121130,237096.3,59296.3
600808.SH,20121130,1463129.4253,1133872.7253
300342.SZ,20121130,125700.0,31425.0
600706.SH,20121130,174483.4041,82636.9527
002070.SZ,20121130,314208.4572,222951.1483
002447.SZ,20121130,503304.0,199706.52
002051.SZ,20121130,1617324.93,1358097.117
300260.SZ,20121130,101450.7,30091.0838
000404.SZ,20121130,157097.3095,110094.8571
002052.SZ,20121130,284794.1924,217154.6348
002034.SZ,20121130,62462.4,45577.6321
600015.SH,20121130,5774318.8292,4207015.3704
000951.SZ,20121130,393840.5445,393840.5445
000065.SZ,20121130,147005.5936,147005.5936
600586.SH,20121130,423966.8052,288198.6012
000589.SZ,20121130,212673.3722,212648.5564
002259.SZ,20121130,202645.8,189489.0079
000766.SZ,20121130,236631.5775,236630.8275
000591.SZ,20121130,162856.1729,162855.1126
000676.SZ,20121130,85252.9954,85096.3574
000541.SZ,20121130,562674.1534,354287.5541
600222.SH,20121130,172382.5253,172382.5253
300329.SZ,20121130,87421.95,21884.85
600172.SH,20121130,325884.2663,303470.5268
600418.SH,20121130,680452.9433,566474.5126
002074.SZ,20121130,128204.208,108801.3713
600557.SH,20121130,777259.3122,574290.2994
002693.SZ,20121130,183600.0,45900.0
002547.SZ,20121130,240548.0,93396.3184
000520.SZ,20121130,172728.9096,171301.0291
600215.SH,20121130,186943.2178,186943.2178
601012.SH,20121130,324191.448,81270.0
300005.SZ,20121130,475736.0899,229166.5106
002280.SZ,20121130,91592.0,90262.7715
600963.SH,20121130,297635.1792,297635.1792
300249.SZ,20121130,79889.6,38836.7394
002229.SZ,20121130,150882.116,90474.3625
000619.SZ,20121130,266040.0,266040.0
002659.SZ,20121130,138861.5,34827.0
300097.SZ,20121130,63660.0,25719.423
601918.SH,20121130,1482159.987,1482159.987
600599.SH,20121130,113274.0,113274.0
600671.SH,20121130,94743.9725,94698.5747
600581.SH,20121130,384757.3654,384757.3654
002192.SZ,20121130,158791.2,128659.3664
000721.SZ,20121130,102357.8435,85731.3611
002022.SZ,20121130,477509.175,424333.6227
002165.SZ,20121130,255123.4252,246895.7436
600724.SH,20121130,865699.4015,865520.6557
002132.SZ,20121130,229984.5348,140626.5299
600232.SH,20121130,138957.7653,138957.7653
000718.SZ,20121130,1219785.9589,875251.8513
600118.SH,20121130,912932.3789,912932.3789
300036.SZ,20121130,102960.0,58349.4912
000837.SZ,20121130,165640.86,165613.1067
002141.SZ,20121130,77848.064,77848.064
000791.SZ,20121130,116802.0,116796.739
000888.SZ,20121130,418634.64,384571.298
601872.SH,20121130,1099974.7815,879979.8252
002468.SZ,20121130,164505.6,61854.1056
002526.SZ,20121130,280884.0,174450.4711
600725.SH,20121130,218763.425,218763.425
600238.SH,20121130,305672.4,301465.5376
002616.SZ,20121130,165020.0,46205.6
000686.SZ,20121130,1330872.9018,869464.9293
300168.SZ,20121130,299040.0,211899.2456
002671.SZ,20121130,217805.96,54468.8
002219.SZ,20121130,509982.68,506695.8105
300189.SZ,20121130,209664.0,90941.1048
002266.SZ,20121130,342974.88,164464.7159
601608.SH,20121130,912420.0,188145.0
000886.SZ,20121130,310492.0862,298655.2219
002450.SZ,20121130,1226227.98,677711.3364
000801.SZ,20121130,313183.8451,179832.8999
601717.SH,20121130,1257200.0,744262.4
600681.SH,20121130,86005.3221,66908.6498
000089.SZ,20121130,583137.7611,583117.4799
000665.SZ,20121130,319173.0856,112613.9313
600258.SH,20121130,223995.2,223995.2
000661.SZ,20121130,701940.5167,701925.417
600713.SH,20121130,308643.4026,243825.8738
000889.SZ,20121130,205830.9626,156396.0668
002457.SZ,20121130,270338.544,149164.2039
002213.SZ,20121130,108562.0,77587.4786
000510.SZ,20121130,292407.4819,292377.5256
600446.SH,20121130,156159.328,156159.328
002552.SZ,20121130,130050.0,34463.25
000916.SZ,20121130,295390.0,249407.7181
300344.SZ,20121130,130977.56,32744.39
000555.SZ,20121130,53651.5866,53651.5866
300226.SZ,20121130,87760.0,31653.935
600082.SH,20121130,242939.5506,236342.6291
002559.SZ,20121130,148192.0,70582.9722
600587.SH,20121130,483867.7181,483867.7181
600421.SH,20121130,85477.2,85477.2
300181.SZ,20121130,152928.0,93501.135
300283.SZ,20121130,103909.077,25980.57
600270.SH,20121130,545099.9954,199168.0422
000968.SZ,20121130,514774.494,514774.494
600089.SH,20121130,1528624.7072,1528624.7072
600756.SH,20121130,220489.0985,220489.0985
300327.SZ,20121130,98560.0,24640.0
002159.SZ,20121130,141960.0,141807.852
002435.SZ,20121130,116688.0,70742.1
000829.SZ,20121130,323840.1735,323832.6211
000567.SZ,20121130,120960.0,105349.4872
002467.SZ,20121130,213120.0,118027.1862
600515.SH,20121130,229566.3558,135855.7221
300148.SZ,20121130,119525.25,40633.3749
600150.SH,20121130,2640473.3178,2640473.3178
300164.SZ,20121130,220334.4,128149.1605
002443.SZ,20121130,202689.045,99701.1106
600175.SH,20121130,346933.6513,346933.6513
000561.SZ,20121130,265746.7366,118118.6877
000732.SZ,20121130,629633.1777,128105.4427
600592.SH,20121130,170100.0,170100.0
600809.SH,20121130,3143029.2056,3143029.2056
002700.SZ,20121130,218033.874,54518.874
600997.SH,20121130,1079075.36,1079075.36
002110.SZ,20121130,239545.6,239545.6
601218.SH,20121130,301134.4,93272.84
600216.SH,20121130,976152.62,844758.1621
600791.SH,20121130,175264.56,175045.4004
600419.SH,20121130,69498.72,69498.72
300046.SZ,20121130,111390.72,56071.68
300282.SZ,20121130,76115.208,19032.936
600576.SH,20121130,140233.8569,140233.8569
601377.SH,20121130,2015200.0,1447355.112
000636.SZ,20121130,354941.179,354925.309
000826.SZ,20121130,1039074.9782,1004011.4042
600775.SH,20121130,313752.185,197834.185
300092.SZ,20121130,75075.0,19877.7299
600710.SH,20121130,224099.4,224099.4
600798.SH,20121130,284874.0752,284874.0752
002378.SZ,20121130,825167.6958,152668.2631
601588.SH,20121130,898994.34,710220.0
300039.SZ,20121130,571322.88,312030.063
600561.SH,20121130,134649.9,134649.9
600620.SH,20121130,144202.1937,144202.1937
000553.SZ,20121130,268453.2954,164471.933
600056.SH,20121130,584911.8475,584911.8475
002431.SZ,20121130,711552.0,336024.1707
601600.SH,20121130,6207739.9424,4397459.5631
600601.SH,20121130,480681.1737,480681.1737
002293.SZ,20121130,484533.4212,484533.4212
600098.SH,20121130,1809866.392,1359072.0
000862.SZ,20121130,142100.136,142100.136
002140.SZ,20121130,845235.4419,821159.268
600656.SH,20121130,97646.3068,97638.4369
002621.SZ,20121130,154050.0,38512.5
002007.SZ,20121130,1117837.312,1117674.9282
300048.SZ,20121130,218441.5408,109100.4852
002472.SZ,20121130,178470.864,69267.1262
002200.SZ,20121130,154562.1074,110309.1887
300030.SZ,20121130,106264.0,69194.6078
000860.SZ,20121130,420559.86,420530.295
002139.SZ,20121130,117936.0,82134.2392
000063.SZ,20121130,2666060.4655,2164703.9344
002634.SZ,20121130,86143.05,21568.05
600520.SH,20121130,91562.4,91562.4
600483.SH,20121130,171647.8086,171647.8086
600225.SH,20121130,258703.905,229615.6625
000859.SZ,20121130,151372.8,151372.395
600532.SH,20121130,128068.2,128068.2
600528.SH,20121130,866764.8,866764.8
300058.SZ,20121130,704975.4223,334493.6625
000420.SZ,20121130,111585.9519,93899.98
002032.SZ,20121130,591798.7504,320522.4983
601222.SH,20121130,330064.41,105906.0
600261.SH,20121130,440148.5326,303282.8725
002614.SZ,20121130,192000.0,74905.568
600237.SH,20121130,208400.0,208400.0
000713.SZ,20121130,288415.3091,288413.0288
002439.SZ,20121130,253225.2337,121974.4495
300055.SZ,20121130,363563.2,90890.8
300078.SZ,20121130,167332.5,62636.9883
300016.SZ,20121130,177952.7062,140346.8207
002349.SZ,20121130,174000.0,95361.4378
600076.SH,20121130,108198.656,108198.656
002516.SZ,20121130,177250.0,80000.5078
300277.SZ,20121130,96614.0,28089.7562
300297.SZ,20121130,134848.0,33712.0
002695.SZ,20121130,260760.0788,65212.9
300206.SZ,20121130,159800.0,67413.2807
002335.SZ,20121130,172644.633,50537.4309
000428.SZ,20121130,266002.62,266002.62
002381.SZ,20121130,143793.0,51618.0
300098.SZ,20121130,103502.88,36147.9269
002181.SZ,20121130,474713.811,149564.3103
600983.SH,20121130,337795.2,124708.0536
000927.SZ,20121130,575857.8212,575856.7166
600866.SH,20121130,214653.4514,212368.758
300235.SZ,20121130,74888.0,23930.1711
600064.SH,20121130,474921.3254,474921.3254
002343.SZ,20121130,143637.0,57312.5188
300243.SZ,20121130,72332.0,35951.3024
300242.SZ,20121130,58725.0,19496.7
000426.SZ,20121130,440570.5262,421243.4383
601939.SH,20121130,104254577.6117,4000555.2217
002334.SZ,20121130,258716.16,64679.04
600745.SH,20121130,271066.4139,271066.4139
000777.SZ,20121130,339963.5993,339898.1793
002462.SZ,20121130,170160.0,137049.8971
601113.SH,20121130,225920.0,107312.0
603003.SH,20121130,166650.0,41662.5
300084.SZ,20121130,129024.0,84892.1623
002536.SZ,20121130,120000.0,49402.5
000709.SZ,20121130,2484754.1239,1190916.0748
002391.SZ,20121130,289701.0688,73216.0
002365.SZ,20121130,156332.0,65319.494
600168.SH,20121130,217928.1,217928.1
002648.SZ,20121130,557200.0,139300.0
000861.SZ,20121130,601947.1054,244448.8922
002001.SZ,20121130,1249353.066,1225442.1787
002189.SZ,20121130,127115.12,123925.12
002083.SZ,20121130,357562.0146,300606.0373
600510.SH,20121130,433559.8715,138985.1119
002157.SZ,20121130,288807.9006,179625.317
002367.SZ,20121130,281315.13,130606.5738
600187.SH,20121130,282822.95,282822.95
002124.SZ,20121130,153097.5,103089.375
000582.SZ,20121130,112987.4742,112627.4083
000716.SZ,20121130,147064.1189,141155.2882
002422.SZ,20121130,2388960.0,1109693.7591
000851.SZ,20121130,193414.9,186329.3662
002341.SZ,20121130,233654.4,102502.5015
002568.SZ,20121130,192640.0,81631.2
000710.SZ,20121130,122774.4,122774.4
300147.SZ,20121130,301575.1464,157766.904
002703.SZ,20121130,331523.4789,17910.0
600235.SH,20121130,141972.6,141972.6
002655.SZ,20121130,150480.0,37620.0
600585.SH,20121130,8733250.6502,6591509.8502
601666.SH,20121130,1801568.8813,1801568.8813
300120.SZ,20121130,90593.1,31810.8643
600000.SH,20121130,13915489.6756,11132391.7405
600530.SH,20121130,192192.0,192192.0
300279.SZ,20121130,84480.0,21823.296
601901.SH,20121130,2281400.0,1244385.8769
002026.SZ,20121130,119515.5,87395.7094
300022.SZ,20121130,240172.8,184340.9924
600240.SH,20121130,537801.0,537801.0
000502.SZ,20121130,96845.4741,96064.4652
002412.SZ,20121130,243756.0,62586.0
002684.SZ,20121130,140067.564,35098.7
601010.SH,20121130,615507.2,153377.2
600870.SH,20121130,200385.4717,142023.5678
002561.SZ,20121130,317642.932,188797.4636
000157.SZ,20121130,6126233.4698,4987878.5109
002590.SZ,20121130,96224.206,26812.2507
300305.SZ,20121130,199040.0,49760.0
000513.SZ,20121130,949267.1449,570317.7147
300125.SZ,20121130,113516.0,55292.3228
000719.SZ,20121130,375958.7857,63484.6452
000882.SZ,20121130,282998.2133,282996.6564
000558.SZ,20121130,213661.2419,212902.5561
600824.SH,20121130,299372.9672,299372.9672
300334.SZ,20121130,225040.0,56260.0
600493.SH,20121130,107984.0,107984.0
600011.SH,20121130,9234386.9201,6570000.0
000700.SZ,20121130,147104.7536,147104.7536
600305.SH,20121130,155250.15,155250.15
600665.SH,20121130,304171.1274,304171.1274
000540.SZ,20121130,744268.7539,743957.4503
600568.SH,20121130,276134.7961,141771.9961
002601.SZ,20121130,336144.0,199519.0472
600329.SH,20121130,689775.0358,497693.6608
002268.SZ,20121130,130224.897,121793.2
600804.SH,20121130,754921.037,754921.037
600336.SH,20121130,142894.084,142475.084
002207.SZ,20121130,96574.387,82856.1495
002481.SZ,20121130,302400.0,146638.8
601996.SH,20121130,243834.24,102020.88
600884.SH,20121130,331562.6053,331562.6053
002237.SZ,20121130,844396.0,742276.5805
300113.SZ,20121130,292776.0,124982.7075
002560.SZ,20121130,124206.0256,40300.1944
002678.SZ,20121130,459358.0,46128.0
002274.SZ,20121130,148255.2908,144748.5806
000858.SZ,20121130,10237722.2438,10236428.35
600227.SH,20121130,316480.7112,310135.4141
601186.SH,20121130,6649934.8685,5398756.3245
300322.SZ,20121130,153272.49,38332.49
600506.SH,20121130,109450.7929,109450.7929
600892.SH,20121130,69311.25,55345.9143
002290.SZ,20121130,170644.32,157108.1881
002170.SZ,20121130,317440.1692,172989.9792
600059.SH,20121130,638665.5012,607610.7168
000932.SZ,20121130,621223.9052,508970.5681
600006.SH,20121130,536000.0,536000.0
601011.SH,20121130,364941.0,117504.0983
300129.SZ,20121130,151956.0,76015.3615
600185.SH,20121130,333271.9688,333271.9688
002668.SZ,20121130,201561.65,50405.65
600020.SH,20121130,483184.9439,483184.9439
000698.SZ,20121130,258423.0544,245165.5938
300184.SZ,20121130,63031.5,41691.9592
002065.SZ,20121130,834170.3448,714094.3653
002339.SZ,20121130,200896.0,118112.7736
601002.SH,20121130,708192.73,708192.73
002047.SZ,20121130,122489.5033,122489.5033
300210.SZ,20121130,172454.4,45384.48
002611.SZ,20121130,141263.2,56109.0279
600863.SH,20121130,1688117.88,374699.6816
600327.SH,20121130,204511.0307,204511.0307
002685.SZ,20121130,142000.0,35500.0
600859.SH,20121130,963945.9273,869948.0902
000949.SZ,20121130,208134.597,208091.6055
002509.SZ,20121130,226800.0,85673.7
600388.SH,20121130,421419.51,414430.344
002006.SZ,20121130,306777.84,283606.6461
601718.SH,20121130,1068389.0,320489.0
002380.SZ,20121130,131036.0,32759.0
001872.SZ,20121130,583511.1757,420634.7735
001914.SZ,20121130,345486.0135,345482.2839
302132.SZ,20121130,132000.0,36696.0
