ts_code,trade_date,total_mv,circ_mv
600077.SH,20060508,71906.4535,26388.6007
600155.SH,20060508,90750.0,35376.0
600528.SH,20060508,243950.0,90321.0
600711.SH,20060508,23661.12,5927.04
600823.SH,20060508,167757.5695,80286.3299
000505.SZ,20060508,62690.0328,18825.3668
000698.SZ,20060508,215427.3456,128854.5569
600371.SH,20060508,97960.0,39184.0
600497.SH,20060508,486720.0,212940.0
600539.SH,20060508,73140.0,27984.0
600757.SH,20060508,104343.8742,31028.4
000065.SZ,20060508,81218.56,28256.3175
000901.SZ,20060508,95356.7991,37275.84
000939.SZ,20060508,217359.87,106586.5273
600102.SH,20060508,462981.0922,101805.6
600732.SH,20060508,94980.3998,40343.0794
600263.SH,20060508,158355.6079,61129.4
600691.SH,20060508,16691.2918,7174.656
600712.SH,20060508,62208.96,27203.52
000717.SZ,20060508,328574.4,195887.3701
000972.SZ,20060508,66530.6184,31958.7636
600039.SH,20060508,87600.0,35040.0
600403.SH,20060508,69596.982,29484.0
600405.SH,20060508,80240.2284,38203.92
600591.SH,20060508,256315.5,92430.0002
600666.SH,20060508,50440.8178,27849.5046
600790.SH,20060508,158412.6522,107451.3773
000563.SZ,20060508,166833.3108,67097.16
000977.SZ,20060508,107285.0,43132.577
002006.SZ,20060508,49120.0,24867.0
600303.SH,20060508,84726.0,60308.4375
600617.SH,20060508,80253.504,4320.0
600720.SH,20060508,123917.4299,66389.9123
600869.SH,20060508,47760.0,14328.0
000687.SZ,20060508,58706.4,24614.8035
600280.SH,20060508,173542.0942,114162.9188
600308.SH,20060508,348599.9571,251352.7848
600506.SH,20060508,47668.5,14850.0
600512.SH,20060508,75554.7326,35758.8
600657.SH,20060508,58755.4368,33793.0054
000151.SZ,20060508,86426.16,40777.8
000301.SZ,20060508,165601.6694,63876.6694
000697.SZ,20060508,61759.1228,21984.9228
000786.SZ,20060508,308855.55,122516.55
600203.SH,20060508,81791.6,22330.0
600523.SH,20060508,62920.0,20020.0
600159.SH,20060508,100345.5317,34745.4321
600634.SH,20060508,42382.7395,19347.5322
600960.SH,20060508,53948.853,26241.6
000607.SZ,20060508,147649.7768,75594.2574
000963.SZ,20060508,242440.0,80614.0051
600618.SH,20060508,598544.2964,20457.3856
002003.SZ,20060508,58630.2115,23049.6
600165.SH,20060508,51591.6337,29681.344
600173.SH,20060508,43700.0,19287.945
600216.SH,20060508,207477.66,81023.4127
600338.SH,20060508,83599.9998,26400.0
600201.SH,20060508,124721.5315,57457.7315
600650.SH,20060508,411501.1398,42114.505
600702.SH,20060508,143689.8,88003.0178
600992.SH,20060508,89417.28,38080.0
600112.SH,20060508,67157.5445,26597.5445
600127.SH,20060508,82335.3759,46710.007
600167.SH,20060508,77330.0,28490.0
600649.SH,20060508,936544.322,340066.6756
600758.SH,20060508,54796.0336,21127.1536
600801.SH,20060508,178978.0,34008.0
600151.SH,20060508,627841.28,250552.4736
600438.SH,20060508,286695.84,115092.0
600548.SH,20060508,872280.0,87120.0
600673.SH,20060508,51580.4914,25021.9558
600687.SH,20060508,44664.7742,20806.7351
600744.SH,20060508,224169.12,90810.72
600835.SH,20060508,515631.068,162837.7344
600608.SH,20060508,78535.0673,52757.4245
600686.SH,20060508,146365.9939,72334.08
600780.SH,20060508,213870.5396,151410.4503
600843.SH,20060508,270229.8398,12419.8632
600978.SH,20060508,160146.8977,55500.12
600995.SH,20060508,142563.96,58608.0
000045.SZ,20060508,142907.292,19392.912
600069.SH,20060508,122999.6,67471.04
600117.SH,20060508,289869.1095,124342.2821
000920.SZ,20060508,148966.0,64246.0
600071.SH,20060508,100925.7938,45666.335
600109.SH,20060508,31232.3862,12100.0
600156.SH,20060508,102263.7,31688.0
600208.SH,20060508,90074.9644,47554.56
600325.SH,20060508,214500.0,83655.0
600787.SH,20060508,251995.1795,140350.9772
000004.SZ,20060508,28468.0959,14121.8003
600894.SH,20060508,140283.3706,44626.5132
000032.SZ,20060508,87906.2808,42544.6456
000042.SZ,20060508,232039.6858,67180.2293
000402.SZ,20060508,862928.5199,583490.2112
000602.SZ,20060508,168689.25,95294.4876
000613.SZ,20060508,57891.9,7170.9
000712.SZ,20060508,52242.8527,17376.131
600004.SH,20060508,612000.0,291312.0
600689.SH,20060508,63111.2817,21522.816
600703.SH,20060508,21154.4141,10374.9371
600723.SH,20060508,196664.6582,89241.2976
600807.SH,20060508,25361.388,15122.25
000426.SZ,20060508,109943.638,48794.8423
000876.SZ,20060508,280925.3948,120204.2041
600031.SH,20060508,432000.0,145800.0
600122.SH,20060508,135021.6,60912.0
600200.SH,20060508,353430.0,239253.75
600307.SH,20060508,278096.0,100848.0
600345.SH,20060508,134442.0,36666.0
002028.SZ,20060508,180200.0,59228.0
600090.SH,20060508,128770.8261,67036.5696
600370.SH,20060508,115371.54,41976.9135
600392.SH,20060508,98496.0,43769.16
600399.SH,20060508,146120.0,45184.8
000725.SZ,20060508,555511.0374,66359.0333
000750.SZ,20060508,39570.5616,22484.8
600037.SH,20060508,1043547.2143,545360.2196
600267.SH,20060508,250248.96,84057.984
600420.SH,20060508,162961.7359,77096.25
600498.SH,20060508,263630.0,83744.32
600537.SH,20060508,76831.356,30394.0
600737.SH,20060508,328686.5242,165764.2906
000980.SZ,20060508,38250.0,19966.5
000985.SZ,20060508,118450.0,30900.0
600007.SH,20060508,421600.0,105400.0
600681.SH,20060508,23719.7554,12371.7132
600352.SH,20060508,214832.8,75522.72
600653.SH,20060508,227029.4412,227029.4412
000760.SZ,20060508,46461.9775,22028.175
600238.SH,20060508,62914.0,38142.56
600398.SH,20060508,104366.5458,70171.92
600488.SH,20060508,134726.3814,56147.715
600895.SH,20060508,624853.866,299397.5922
600896.SH,20060508,132361.1298,84644.607
600396.SH,20060508,150280.0,71787.6
600505.SH,20060508,72171.0,25259.85
600553.SH,20060508,72580.0,35564.2
600602.SH,20060508,287440.5972,129104.6779
600630.SH,20060508,127033.6175,75994.737
600714.SH,20060508,77732.8125,20728.75
600985.SH,20060508,41220.0,24402.24
000652.SZ,20060508,271927.1813,161659.8529
000701.SZ,20060508,116200.0,66815.0
000860.SZ,20060508,150345.72,72415.9178
002005.SZ,20060508,65549.0,22948.64
600170.SH,20060508,286280.604,124796.88
600458.SH,20060508,79698.528,42588.0
600589.SH,20060508,85056.0,28706.4
600067.SH,20060508,166459.44,118437.319
600084.SH,20060508,102538.6544,53689.1098
600380.SH,20060508,367787.79,94972.5
600301.SH,20060508,73874.1079,40716.5467
600361.SH,20060508,430463.9012,210822.0
600517.SH,20060508,100984.95,39531.25
600599.SH,20060508,49266.0,15483.6
600682.SH,20060508,187849.9002,124750.08
600683.SH,20060508,81893.2826,36944.9745
600805.SH,20060508,141815.7489,80467.5336
000536.SZ,20060508,29018.6719,10821.1919
600088.SH,20060508,253537.83,83538.0
002026.SZ,20060508,64260.0,26775.0
600116.SH,20060508,86859.696,28822.024
600118.SH,20060508,327690.3168,124502.4
600535.SH,20060508,356250.0,120937.5
600621.SH,20060508,157224.7053,88181.25
000692.SZ,20060508,57013.1284,34138.7373
000738.SZ,20060508,70808.4,32678.5412
002008.SZ,20060508,274174.992,93384.9
600839.SH,20060508,599834.8081,402861.8089
600818.SH,20060508,190477.8113,16078.8261
000510.SZ,20060508,144376.1942,91773.7543
000815.SZ,20060508,85852.8,55770.2791
000837.SZ,20060508,128560.5552,90465.5283
000898.SZ,20060508,3565724.4039,566409.9685
600119.SH,20060508,68211.0,29467.152
600188.SH,20060508,3334675.2,244080.0
600250.SH,20060508,86920.6666,37308.1363
600283.SH,20060508,132107.79,39355.0
600418.SH,20060508,478347.9598,344157.9598
600455.SH,20060508,47468.08,16720.0
600540.SH,20060508,106020.0,35340.0
600227.SH,20060508,132770.0,73804.5
600256.SH,20060508,609707.1165,215424.0
600401.SH,20060508,77930.3885,47293.2
600525.SH,20060508,163544.22,54629.75
600667.SH,20060508,77451.65,39824.4
600701.SH,20060508,103709.1098,55901.1098
600863.SH,20060508,461624.26,124391.9512
000552.SZ,20060508,77907.06,29254.896
000788.SZ,20060508,56715.1695,19391.4369
600131.SH,20060508,226856.3198,76461.7568
600366.SH,20060508,173586.825,66667.1742
600563.SH,20060508,231750.0,96562.5
000532.SZ,20060508,99368.4507,42558.9367
000968.SZ,20060508,170326.89,84044.1596
000885.SZ,20060508,38080.0,14280.0
002015.SZ,20060508,60434.32,31226.0
600595.SH,20060508,123459.0104,64788.1205
600768.SH,20060508,100711.6416,29042.4269
600871.SH,20060508,1788000.0,89400.0
600056.SH,20060508,164762.4,49296.0
000778.SZ,20060508,367299.2603,168154.5203
002010.SZ,20060508,95400.0,34569.1861
600078.SH,20060508,179550.5956,77371.4429
600171.SH,20060508,322202.626,170666.8794
600300.SH,20060508,199320.0,78520.0
600532.SH,20060508,38727.0,23236.2
600820.SH,20060508,198028.1262,116049.1811
000888.SZ,20060508,160868.592,64022.4
600104.SH,20060508,1189187.6697,478053.4431
000522.SZ,20060508,154318.6637,82634.7408
000999.SZ,20060508,429737.1,114140.0
600362.SH,20060508,3688278.6668,357484.4
600555.SH,20060508,195959.5,49316.85
600833.SH,20060508,67563.2938,20343.2045
000587.SZ,20060508,28228.1599,12691.0837
000961.SZ,20060508,69121.9,40066.0
002035.SZ,20060508,57587.53,24345.65
600097.SH,20060508,67999.9846,20615.0
000905.SZ,20060508,224495.0,72295.0
000967.SZ,20060508,51978.7104,17100.0
600253.SH,20060508,111720.0,40423.488
600400.SH,20060508,96766.1562,50126.076
600106.SH,20060508,125550.0,50301.0
600326.SH,20060508,85680.0,34272.0
600900.SH,20060508,5738903.0576,1903076.6226
600378.SH,20060508,92310.6406,35895.6
600397.SH,20060508,88880.0,32320.0
600533.SH,20060508,259770.0,95001.6
600611.SH,20060508,387958.6238,92225.5632
600749.SH,20060508,52560.0,20498.4
000037.SZ,20060508,253708.2571,37062.2157
000623.SZ,20060508,295852.7125,166393.9256
000626.SZ,20060508,97605.0,24401.25
000723.SZ,20060508,75941.9621,37905.4685
600196.SH,20060508,379204.0547,167129.8547
600209.SH,20060508,80339.0439,30332.25
600229.SH,20060508,104179.5521,43929.2167
600302.SH,20060508,133213.7745,59909.85
000721.SZ,20060508,78774.7964,28463.4162
001896.SZ,20060508,116960.0,21760.0
600185.SH,20060508,68038.256,30572.256
600390.SH,20060508,66367.4,37320.0
600432.SH,20060508,330790.0,132664.2
600615.SH,20060508,72951.9569,22552.7328
600792.SH,20060508,56422.575,16594.875
600825.SH,20060508,244769.5122,115363.6422
600898.SH,20060508,71899.1027,38954.2719
600970.SH,20060508,453264.0,156484.0
000922.SZ,20060508,55807.345,25114.1
000923.SZ,20060508,48675.0,16225.0
000966.SZ,20060508,131030.2822,38232.0
000969.SZ,20060508,227264.128,117637.1962
600033.SH,20060508,739800.0,216000.0
000017.SZ,20060508,96366.0336,15427.152
000668.SZ,20060508,121438.243,41248.8993
000757.SZ,20060508,42676.7983,15352.5736
000890.SZ,20060508,93158.208,70275.9995
000930.SZ,20060508,536212.5799,400688.444
600098.SH,20060508,928699.2,306535.68
000816.SZ,20060508,107442.0,54895.9747
000869.SZ,20060508,1576567.2,248369.9712
000960.SZ,20060508,379020.336,178971.0
000993.SZ,20060508,120900.0,40300.0
002034.SZ,20060508,47130.72,20480.9472
600035.SH,20060508,408995.4453,122920.0
000731.SZ,20060508,221099.13,91001.61
000737.SZ,20060508,122556.4,75788.2359
000812.SZ,20060508,100372.7429,46700.7961
000831.SZ,20060508,186582.0,100660.5968
000068.SZ,20060508,257012.3591,73575.0
000488.SZ,20060508,600892.8332,205360.3878
000521.SZ,20060508,108374.4526,39700.9454
000553.SZ,20060508,81070.5195,26544.4113
000569.SZ,20060508,391365.0513,83284.259
000571.SZ,20060508,153101.312,70130.2784
000713.SZ,20060508,62325.0,38786.6763
600089.SH,20060508,483812.9983,326412.5244
600160.SH,20060508,295104.0,122779.8
600408.SH,20060508,170476.0,67449.2
000153.SZ,20060508,63702.254,33073.0155
000785.SZ,20060508,84159.2688,33198.6635
600094.SH,20060508,132773.58,29808.0
600351.SH,20060508,58974.375,26580.0
600335.SH,20060508,59480.586,17850.0
600421.SH,20060508,69196.8,22896.0
600444.SH,20060508,43190.0,24433.2
600571.SH,20060508,75128.1152,31922.3808
600658.SH,20060508,47935.6343,27285.0831
600770.SH,20060508,221670.0,109726.65
600356.SH,20060508,84000.0,47880.0
600391.SH,20060508,142520.0,50900.0
600885.SH,20060508,84634.2501,32513.936
600272.SH,20060508,71685.0,17700.0
600503.SH,20060508,32230.0,11720.0
600562.SH,20060508,34308.432,17268.8093
600584.SH,20060508,229392.128,91069.44
600697.SH,20060508,101822.9879,60420.3681
600062.SH,20060508,250530.9976,139355.0421
000430.SZ,20060508,46450.8,18812.574
000513.SZ,20060508,166789.3377,63041.409
000663.SZ,20060508,70070.4594,24810.1632
002004.SZ,20060508,93720.0,31161.9
600081.SH,20060508,77449.32,19362.33
600889.SH,20060508,64166.6243,26540.3257
600110.SH,20060508,289017.0818,119090.0428
600120.SH,20060508,118280.7882,63845.8255
600306.SH,20060508,86753.6531,40167.1785
600320.SH,20060508,2559468.12,904040.775
600369.SH,20060508,35321.5,14874.2875
600381.SH,20060508,52052.0,16562.0
600547.SH,20060508,440320.0,206400.0
600556.SH,20060508,98394.7396,73318.5976
600795.SH,20060508,1466063.4648,380427.1261
000031.SZ,20060508,496145.7291,218994.0494
000589.SZ,20060508,108851.9838,72497.7349
000709.SZ,20060508,693486.8333,268382.8019
600373.SH,20060508,37250.0,17982.81
000666.SZ,20060508,233670.6,78561.0
600837.SH,20060508,160947.2149,52528.3828
600851.SH,20060508,301764.173,121228.0978
600879.SH,20060508,587203.7079,412987.116
000519.SZ,20060508,65265.3007,36615.8994
000798.SZ,20060508,62400.21,25463.3115
600890.SH,20060508,122182.4512,51684.0647
000581.SZ,20060508,328452.8011,190157.8255
000793.SZ,20060508,529091.5721,426191.2891
000887.SZ,20060508,83678.0,25298.0
001696.SZ,20060508,86043.6595,42143.4784
600038.SH,20060508,293494.5,128934.0
600578.SH,20060508,260878.8,60970.0
600126.SH,20060508,205862.6625,71908.98
600130.SH,20060508,149376.0,77302.08
600355.SH,20060508,91528.5912,23064.0
600628.SH,20060508,403242.5771,256736.0503
600993.SH,20060508,152895.1831,53784.0
000533.SZ,20060508,133557.76,47259.6992
600821.SH,20060508,120811.1557,60126.6128
600836.SH,20060508,76398.525,36749.9226
000020.SZ,20060508,80700.9497,16028.2755
000982.SZ,20060508,38332.0,15540.0
002036.SZ,20060508,61257.28,29808.0
600215.SH,20060508,152745.4152,91791.336
600296.SH,20060508,473451.1026,263489.5182
600372.SH,20060508,117670.0,31570.0
600531.SH,20060508,144950.9166,69437.25
600652.SH,20060508,135939.7864,135939.7864
600663.SH,20060508,1546442.352,179433.7272
600674.SH,20060508,183449.0204,73501.7888
600784.SH,20060508,59345.3426,45173.5865
600891.SH,20060508,42623.7235,22648.3835
600963.SH,20060508,132202.0358,76440.0
000026.SZ,20060508,113689.0075,27701.9995
000520.SZ,20060508,208705.8423,118657.54
600016.SH,20060508,4422151.7226,1775638.3242
600237.SH,20060508,81200.0,42873.6
600422.SH,20060508,110904.128,58739.2
600671.SH,20060508,44936.4086,23400.3878
000504.SZ,20060508,123383.2648,34355.3491
600247.SH,20060508,76412.16,48973.248
600816.SH,20060508,138503.4823,81335.7978
600115.SH,20060508,1104797.65,68100.0
600152.SH,20060508,109179.8424,41282.7
600281.SH,20060508,129206.16,37800.0
600510.SH,20060508,150361.1844,65279.76
600797.SH,20060508,252043.4835,156924.1238
600962.SH,20060508,71280.0,37908.0
000661.SZ,20060508,42287.1555,25696.6819
000672.SZ,20060508,24163.2292,11218.642
000915.SZ,20060508,48835.6413,24884.0037
600180.SH,20060508,88097.5181,36445.5936
600191.SH,20060508,158815.23,72384.312
600328.SH,20060508,222294.0606,101971.584
600600.SH,20060508,1390636.9862,212600.0
600812.SH,20060508,182096.3232,112155.2011
000030.SZ,20060508,41244.06,5757.18
000078.SZ,20060508,119227.008,75822.2248
000566.SZ,20060508,55241.2748,29644.2163
000584.SZ,20060508,80085.0904,45838.1468
600766.SH,20060508,38854.5715,13668.4055
000636.SZ,20060508,243220.1418,127177.2441
000988.SZ,20060508,148902.0,56712.24
600001.SH,20060508,773858.7618,390837.1057
600076.SH,20060508,48364.256,23836.8
600406.SH,20060508,506294.1,185796.0
600479.SH,20060508,135324.0,49586.58
600485.SH,20060508,125018.28,46116.0
600566.SH,20060508,39121.344,21859.2
600570.SH,20060508,59058.0,20670.3
600622.SH,20060508,118459.3497,51120.2038
600643.SH,20060508,228501.2301,152942.9223
000150.SZ,20060508,63828.0,24822.0
000523.SZ,20060508,57814.901,31544.9303
000811.SZ,20060508,96457.1465,34800.48
000973.SZ,20060508,111893.3553,56717.5287
000990.SZ,20060508,94617.1125,50924.1387
600226.SH,20060508,136534.9133,63969.36
600748.SH,20060508,274381.9473,96762.5994
600270.SH,20060508,881033.7136,222515.37
600275.SH,20060508,104162.1137,29811.6
600568.SH,20060508,45136.77,22269.786
600590.SH,20060508,102647.4072,40860.0
600773.SH,20060508,34262.711,13173.3202
600887.SH,20060508,988523.1666,709932.2785
000043.SZ,20060508,96831.203,34490.635
000411.SZ,20060508,48750.7373,13337.4988
000559.SZ,20060508,278959.7633,127349.5813
000034.SZ,20060508,43248.3766,11767.5824
000099.SZ,20060508,277344.0,133436.16
000766.SZ,20060508,81271.946,51573.054
600157.SH,20060508,98176.9893,36609.6568
600329.SH,20060508,228816.0488,38966.05
600983.SH,20060508,87579.0,29061.5
000033.SZ,20060508,80374.1002,26569.7285
000063.SZ,20060508,2578234.6736,1011080.31
000600.SZ,20060508,95468.4455,37753.3833
000987.SZ,20060508,199580.7078,95635.7641
600073.SH,20060508,203472.0,100228.8
000926.SZ,20060508,171808.0521,84157.233
600593.SH,20060508,44252.0,15392.0
600596.SH,20060508,280190.4466,158229.9568
600969.SH,20060508,119221.7972,39690.0
000608.SZ,20060508,179604.7722,111651.068
600252.SH,20060508,67843.5894,30509.0454
600688.SH,20060508,4564800.0,456480.0
600716.SH,20060508,102539.5202,31000.3202
000046.SZ,20060508,234086.6457,148029.9818
000048.SZ,20060508,75027.5848,29171.655
000537.SZ,20060508,158429.7325,84293.9977
000591.SZ,20060508,65142.7169,22700.04
600546.SH,20060508,127600.0,46400.0
600743.SH,20060508,86332.8,21583.2
600844.SH,20060508,116648.1966,10603.1007
600277.SH,20060508,77862.4,37728.768
600530.SH,20060508,116160.0,38913.6
600221.SH,20060508,185484.2115,94477.2723
600482.SH,20060508,160012.0,78097.6
600526.SH,20060508,76440.0,39748.8
600603.SH,20060508,39901.5936,39901.5936
600798.SH,20060508,158169.375,55946.304
600810.SH,20060508,169393.24,79705.3257
600884.SH,20060508,168041.023,102570.3705
000761.SZ,20060508,456672.0,64630.8264
000912.SZ,20060508,386100.0,157011.5844
600003.SH,20060508,362746.8,89700.0
600063.SH,20060508,74858.4,38681.28
600113.SH,20060508,50268.0,23515.2
600258.SH,20060508,209185.6,63280.0
600158.SH,20060508,221181.2304,66315.6
600172.SH,20060508,114972.0,62462.4
600549.SH,20060508,741120.0,239011.2
600838.SH,20060508,115854.8925,73961.3378
000800.SZ,20060508,467092.5,208406.7129
000852.SZ,20060508,355124.0,88781.0
600091.SH,20060508,140331.342,85985.4
600114.SH,20060508,93253.5,46707.84
600446.SH,20060508,51540.0,17820.0
600461.SH,20060508,70420.0,32192.0
000407.SZ,20060508,78201.7704,47065.789
000690.SZ,20060508,199737.72,93386.1896
000739.SZ,20060508,53489.9674,33827.8672
000850.SZ,20060508,131483.9913,70394.3776
000979.SZ,20060508,20116.0,8560.0
600008.SH,20060508,1056000.0,374400.0
600085.SH,20060508,678376.2266,303616.4778
600206.SH,20060508,116580.0,70551.0
600309.SH,20060508,1437596.16,555870.5152
600463.SH,20060508,67620.0,26275.2
600487.SH,20060508,95851.2,38570.0
600583.SH,20060508,1512720.0,600247.296
002037.SZ,20060508,56980.0,27556.7044
600021.SH,20060508,694196.22,140659.2
600616.SH,20060508,486803.5036,236374.6834
600651.SH,20060508,415342.4888,415342.4888
600755.SH,20060508,223241.6147,143103.5987
600808.SH,20060508,1671922.7,208236.0
000418.SZ,20060508,158820.1704,31320.0
000925.SZ,20060508,33750.0,11250.0
000929.SZ,20060508,59226.384,27140.4
000998.SZ,20060508,108832.5,68409.0
002012.SZ,20060508,80253.1908,30034.8
600012.SH,20060508,900625.23,162900.0
600141.SH,20060508,89120.0,30078.0
000540.SZ,20060508,59479.6868,20544.4709
002002.SZ,20060508,49151.2,23315.2228
002031.SZ,20060508,116028.9,42214.77
600661.SH,20060508,135815.2772,32247.8877
600290.SH,20060508,85581.3,30933.0
600395.SH,20060508,190848.2,61680.0
600802.SH,20060508,75022.2137,33440.5484
000416.SZ,20060508,107777.9688,59338.3729
000543.SZ,20060508,205620.3451,49743.1579
000594.SZ,20060508,231179.8579,104187.5393
000651.SZ,20060508,601372.8,302763.2597
000856.SZ,20060508,43575.0,16185.0
000909.SZ,20060508,71344.0,29920.8
600778.SH,20060508,96873.8105,53278.3016
600840.SH,20060508,130388.059,60104.0942
000751.SZ,20060508,491789.0479,255193.0384
000878.SZ,20060508,686872.368,313848.068
002019.SZ,20060508,48798.75,20213.2559
600096.SH,20060508,488377.4152,191262.0741
600466.SH,20060508,51851.8,20350.0
000959.SZ,20060508,600713.2183,112979.913
600452.SH,20060508,63360.0,27181.44
600727.SH,20060508,166512.7,66771.9
600761.SH,20060508,337649.9247,195884.0411
600822.SH,20060508,182969.4958,12527.372
600965.SH,20060508,72086.0351,22704.0
000903.SZ,20060508,92907.0,48964.5
000949.SZ,20060508,128039.1385,48499.281
600719.SH,20060508,93260.2078,35059.05
600782.SH,20060508,73423.7421,21340.8
600857.SH,20060508,59610.4704,28367.7271
600865.SH,20060508,206595.0411,103670.3925
600893.SH,20060508,130375.5301,64000.8712
000616.SZ,20060508,185918.928,86319.5055
000619.SZ,20060508,205560.0,120252.6
000526.SZ,20060508,41460.0911,21429.3661
000606.SZ,20060508,47331.024,26327.0994
000830.SZ,20060508,234446.4318,102212.464
000997.SZ,20060508,293758.4,107547.5586
002046.SZ,20060508,96590.0,48295.0
600842.SH,20060508,54761.0355,21393.2823
600961.SH,20060508,385139.5805,145962.0
600979.SH,20060508,98441.8469,38740.0
600099.SH,20060508,66831.6,27816.0
600220.SH,20060508,251595.5812,143507.446
600145.SH,20060508,91129.5,32806.62
600178.SH,20060508,213018.88,63885.38
600295.SH,20060508,391128.0,72768.0
600496.SH,20060508,83270.0,37244.4
600660.SH,20060508,655978.0237,277885.4013
600826.SH,20060508,81604.6039,38760.036
600832.SH,20060508,1912995.0332,610691.1869
000551.SZ,20060508,84362.5115,48323.9639
000818.SZ,20060508,92820.0,33413.6851
600055.SH,20060508,61904.7,30015.414
600058.SH,20060508,636769.1985,234234.0
600333.SH,20060508,193102.32,76822.32
600592.SH,20060508,152250.0,65975.0
600754.SH,20060508,480179.629,102565.8736
600988.SH,20060508,33786.2654,9325.0
000776.SZ,20060508,77326.1945,39137.2632
000801.SZ,20060508,52946.3971,15764.1116
002039.SZ,20060508,92709.216,43619.39
600022.SH,20060508,403260.0,122694.0
600054.SH,20060508,277456.4,61445.28
600261.SH,20060508,193238.04,81588.0
600393.SH,20060508,87000.0,31251.6789
600486.SH,20060508,106500.0,31950.0
600679.SH,20060508,107853.9969,14549.9713
000599.SZ,20060508,108751.8062,80470.9236
000711.SZ,20060508,32716.008,20258.7314
000839.SZ,20060508,757679.9874,384528.6706
002013.SZ,20060508,34020.0,17681.2894
002041.SZ,20060508,206976.0,65714.88
600834.SH,20060508,272585.0678,71890.5673
600860.SH,20060508,119848.0,28218.24
000089.SZ,20060508,661454.448,299890.0885
000516.SZ,20060508,80892.915,33426.4072
000597.SZ,20060508,83243.9395,40540.9367
000598.SZ,20060508,124013.0022,90424.3299
600149.SH,20060508,80077.68,32540.4
600107.SH,20060508,95400.0,35298.0
600640.SH,20060508,140479.9158,28760.767
000550.SZ,20060508,593891.232,80904.6307
000822.SZ,20060508,325962.4735,165996.95
002023.SZ,20060508,97362.2231,41130.9265
000498.SZ,20060508,60840.0,36359.8741
600287.SH,20060508,92600.7677,35567.254
600337.SH,20060508,114363.36,62100.0
000007.SZ,20060508,38483.102,21322.3375
002048.SZ,20060508,203775.0,86872.5
600387.SH,20060508,108306.0,32820.0
600508.SH,20060508,504457.164,179665.2
600883.SH,20060508,98297.28,31337.28
000005.SZ,20060508,184960.6035,97600.8495
000767.SZ,20060508,437781.825,159387.4278
000897.SZ,20060508,252413.6971,109035.0382
002018.SZ,20060508,57395.0,24724.0
600036.SH,20060508,9246334.6316,3543391.5586
600265.SH,20060508,50820.0,19360.0
600468.SH,20060508,103488.0,38949.12
600477.SH,20060508,74519.724,31785.6
600707.SH,20060508,106550.6464,36342.1344
600350.SH,20060508,1157147.2,229310.4
600425.SH,20060508,77669.55,34020.0
600518.SH,20060508,117351.0,37293.75
600538.SH,20060508,58435.92,37108.6551
600597.SH,20060508,614716.6104,141600.0
600610.SH,20060508,120339.8473,8674.38
600715.SH,20060508,26013.696,11759.616
000429.SZ,20060508,512904.0412,146555.1484
000762.SZ,20060508,175446.25,88828.8583
002040.SZ,20060508,120784.62,39339.3
600053.SH,20060508,43488.9,20533.5
600793.SH,20060508,60758.1,19352.58
600316.SH,20060508,484344.0,207576.0
600462.SH,20060508,53133.6,15600.0
600493.SH,20060508,58990.0,26025.0
600501.SH,20060508,284717.85,136800.0
600552.SH,20060508,34047.0,15132.0
600572.SH,20060508,93021.6,35798.4
600875.SH,20060508,712800.0,120700.8
000558.SZ,20060508,31165.7232,16113.4115
600551.SH,20060508,41700.0,13900.0
600559.SH,20060508,55720.0,15920.0
000952.SZ,20060508,68832.852,28448.5977
600162.SH,20060508,147395.82,90101.76
600195.SH,20060508,146250.0,60750.0
600718.SH,20060508,317196.0546,159552.6211
600986.SH,20060508,51268.3263,18177.51
000090.SZ,20060508,145577.7263,70917.0853
600010.SH,20060508,654031.0616,355690.1133
000950.SZ,20060508,76260.0,31083.1849
600006.SH,20060508,636000.0,190800.0
600148.SH,20060508,51653.5043,15330.0
600179.SH,20060508,94050.0,28500.0
600644.SH,20060508,103225.3106,53307.2904
600726.SH,20060508,377378.1412,65181.0455
600478.SH,20060508,68404.7341,22120.0
600515.SH,20060508,34343.7648,18325.4763
000501.SZ,20060508,241957.5774,97493.9594
600426.SH,20060508,190380.0,90972.0
600579.SH,20060508,58104.0,19368.0
600862.SH,20060508,42204.7232,21659.1077
600881.SH,20060508,264378.6919,169772.725
600892.SH,20060508,26108.5,7915.1149
600319.SH,20060508,128446.758,43304.8
600502.SH,20060508,88608.0,42827.2
600654.SH,20060508,172149.8391,151139.1637
000735.SZ,20060508,124978.744,87785.1387
000919.SZ,20060508,217392.0,83851.2
600233.SH,20060508,48840.0,29304.0
600357.SH,20060508,353710.1736,129363.0
600409.SH,20060508,152040.0,58209.6
600733.SH,20060508,65203.38,24948.0
600150.SH,20060508,373589.8566,157237.08
000425.SZ,20060508,273633.9852,107238.5432
600322.SH,20060508,167364.4297,105406.0087
600495.SH,20060508,92001.54,47918.4
600594.SH,20060508,125826.0,48828.0
600675.SH,20060508,385692.6686,229012.8719
600692.SH,20060508,75201.2514,42189.6193
600811.SH,20060508,387990.7891,271550.4143
600428.SH,20060508,434397.6,203925.54
600483.SH,20060508,69236.091,28800.0
600601.SH,20060508,331892.8836,331892.8836
600739.SH,20060508,322994.3558,192808.5794
000610.SZ,20060508,59832.4503,24987.7563
000828.SZ,20060508,342001.0904,97784.0545
002009.SZ,20060508,51684.302,29858.5
600423.SH,20060508,143879.6372,76455.6
000040.SZ,20060508,98145.0131,76505.5842
000633.SZ,20060508,58536.1687,25313.0666
600026.SH,20060508,2075424.0,281736.0
600153.SH,20060508,302006.4,146308.8
600353.SH,20060508,37711.2555,16849.31
600460.SH,20060508,327708.88,114707.84
600753.SH,20060508,45312.0,11328.0
600870.SH,20060508,140169.4743,57272.1177
000609.SZ,20060508,73227.8132,27764.0994
000755.SZ,20060508,189431.7953,113124.7225
000677.SZ,20060508,120525.2494,54734.1205
002016.SZ,20060508,28607.2459,17269.7489
002042.SZ,20060508,29800.0,15496.0
002047.SZ,20060508,103105.6429,33953.8429
600713.SH,20060508,88777.1472,37975.51
600779.SH,20060508,257463.5828,129052.0161
600375.SH,20060508,57119.2875,27351.45
600481.SH,20060508,152694.0,51896.0
600282.SH,20060508,313560.0,132660.0
600298.SH,20060508,178038.4,60614.4
600973.SH,20060508,92040.0,46595.25
000615.SZ,20060508,53977.7156,32541.1028
600288.SH,20060508,112140.0,54067.5
600480.SH,20060508,103272.0,38916.332
600500.SH,20060508,513139.05,194157.0
600545.SH,20060508,48001.7677,24219.0
600620.SH,20060508,74910.2305,30050.9626
000509.SZ,20060508,37251.4729,22485.1318
600520.SH,20060508,48833.28,19440.0
600558.SH,20060508,88560.0,33210.0
000716.SZ,20060508,42604.0296,24222.3594
000790.SZ,20060508,70772.94,29008.7818
600009.SH,20060508,2360524.0988,1103456.1774
600057.SH,20060508,112188.24,60886.08
600072.SH,20060508,100035.2771,60016.6195
600318.SH,20060508,87400.0,34960.0
600469.SH,20060508,121380.0,50694.0
600585.SH,20060508,1545742.08,246200.0
600586.SH,20060508,100472.19,47201.7
600635.SH,20060508,230761.754,160274.7388
600637.SH,20060508,205570.7204,86533.4294
600735.SH,20060508,35297.3494,19029.2288
600786.SH,20060508,1060940.4899,271171.8
600819.SH,20060508,236925.0266,20503.159
600824.SH,20060508,233540.805,143058.6735
600861.SH,20060508,239385.9781,98712.9
000630.SZ,20060508,599568.0689,381107.7064
600854.SH,20060508,203108.2884,77512.5716
000601.SZ,20060508,212033.3937,139058.9016
600059.SH,20060508,169944.0,101040.03
600095.SH,20060508,94161.6,54383.7625
600100.SH,20060508,484398.1647,317627.3406
000428.SZ,20060508,78987.88,38363.4513
600376.SH,20060508,81577.2,39187.2
600385.SH,20060508,21905.1654,10514.425
600678.SH,20060508,60026.28,24768.0
000400.SZ,20060508,256090.144,173457.5821
000422.SZ,20060508,200408.6902,143767.5305
000676.SZ,20060508,150687.0288,46822.25
000719.SZ,20060508,35448.9385,13472.9088
000882.SZ,20060508,120363.6,30429.0
000935.SZ,20060508,100933.56,32990.4
000936.SZ,20060508,83771.7717,31126.3325
600354.SH,20060508,97632.36,39375.0
600491.SH,20060508,204120.0,66150.0
000502.SZ,20060508,69428.1568,25492.918
000531.SZ,20060508,143388.4379,63793.4571
000875.SZ,20060508,182070.0,109820.0
600565.SH,20060508,76640.0,24141.6
600576.SH,20060508,60168.8579,18600.0
600668.SH,20060508,82236.0349,45001.1814
600741.SH,20060508,216382.4488,130166.4
002032.SZ,20060508,157185.86,53285.31
600125.SH,20060508,386146.5754,257731.2192
600139.SH,20060508,23943.213,9261.0
600176.SH,20060508,271393.92,90464.64
600205.SH,20060508,1399776.0,399936.0
600507.SH,20060508,61750.0,33345.0
600804.SH,20060508,43612.5888,26911.8432
600886.SH,20060508,315555.3251,151445.7291
000541.SZ,20060508,327621.7087,134390.3684
000582.SZ,20060508,74634.8328,22651.2
600289.SH,20060508,264936.78,100080.0
600557.SH,20060508,101595.06,55777.68
600698.SH,20060508,221574.3763,69929.8891
000028.SZ,20060508,148108.7916,36674.5579
000049.SZ,20060508,90580.9039,37888.4929
000545.SZ,20060508,26855.8924,13482.9724
000710.SZ,20060508,40824.0,11907.0
002033.SZ,20060508,95250.803,32366.25
600230.SH,20060508,137445.7586,56392.0
600193.SH,20060508,50340.0,17940.0
600339.SH,20060508,103123.7929,49140.0
600348.SH,20060508,746031.0,302445.0
600368.SH,20060508,174148.0,40188.0
600470.SH,20060508,147204.0,80179.2
600577.SH,20060508,63828.0,26595.0
600853.SH,20060508,113401.2038,35051.2838
600694.SH,20060508,1010979.6036,591296.079
600882.SH,20060508,44975.4732,30931.2544
600976.SH,20060508,80841.0622,46112.5
600332.SH,20060508,571684.5,71487.0
600609.SH,20060508,167178.0712,55692.0
000027.SZ,20060508,788836.9378,361971.6901
000060.SZ,20060508,898128.0,544314.2671
600027.SH,20060508,1800304.1758,170131.0
600103.SH,20060508,165980.5,104908.7
600146.SH,20060508,60000.0,23760.0
600210.SH,20060508,343379.9418,185371.7121
600223.SH,20060508,108322.5,53357.0375
600269.SH,20060508,788564.7708,316056.0
600313.SH,20060508,63302.2,20080.0
600639.SH,20060508,580937.8432,131658.7932
600866.SH,20060508,102657.1982,82712.7707
600966.SH,20060508,133920.0,67704.0
000061.SZ,20060508,310906.0805,189929.6488
000415.SZ,20060508,92805.6384,38191.1021
600850.SH,20060508,52506.6705,19993.068
600980.SH,20060508,83980.0,39092.69
000050.SZ,20060508,203138.1,73454.6696
000825.SZ,20060508,524310.024,318224.2726
000833.SZ,20060508,244349.7795,95336.0465
000902.SZ,20060508,62780.0,18980.0
600129.SH,20060508,126047.4,49401.0
600197.SH,20060508,220059.0,74850.0
600588.SH,20060508,413510.4,155066.4
600724.SH,20060508,255058.1992,110233.0334
000059.SZ,20060508,250699.1309,88157.16
000527.SZ,20060508,554083.4892,365769.1381
000862.SZ,20060508,75327.3,40365.0
000881.SZ,20060508,92366.6016,60327.3116
600138.SH,20060508,166341.0,94758.3
600415.SH,20060508,741688.8606,314039.4087
600105.SH,20060508,93605.9989,45279.0
600240.SH,20060508,83825.0,41313.75
600516.SH,20060508,53800.0,21520.0
000024.SZ,20060508,787142.4388,311778.8706
000560.SZ,20060508,48249.6,22401.6
000627.SZ,20060508,117174.6018,44495.4373
600225.SH,20060508,37808.1002,16270.3208
600612.SH,20060508,156103.2255,24346.5859
600897.SH,20060508,276750.0,69187.5
000001.SZ,20060508,1529416.2091,1107758.5045
000524.SZ,20060508,72542.2371,35146.5576
000691.SZ,20060508,57832.32,29160.32
000927.SZ,20060508,835871.1865,125655.2
600582.SH,20060508,333200.4,111066.8
000070.SZ,20060508,105250.0,40668.6
000158.SZ,20060508,130720.0,53351.4254
000507.SZ,20060508,174913.6919,99147.9161
000564.SZ,20060508,71371.627,54113.5917
000605.SZ,20060508,35227.5,8806.875
002027.SZ,20060508,170819.3405,57499.4511
002049.SZ,20060508,54511.0,24367.5
600880.SH,20060508,160199.5695,67510.0506
000932.SZ,20060508,750951.4515,301093.2015
000635.SZ,20060508,72036.5856,44137.3458
000700.SZ,20060508,76642.8128,45886.851
600211.SH,20060508,106784.6,39195.0
600416.SH,20060508,145275.0,73196.25
600448.SH,20060508,79625.0,30387.5
000548.SZ,20060508,130112.2743,67320.1839
000685.SZ,20060508,70106.553,38250.14
002014.SZ,20060508,62484.6,21916.44
000819.SZ,20060508,102878.3948,32460.2687
600648.SH,20060508,378489.21,38171.628
600767.SH,20060508,101621.0342,28829.878
600831.SH,20060508,194551.9802,97794.5264
600975.SH,20060508,71810.3463,25095.0
600760.SH,20060508,45591.7817,28568.34
600856.SH,20060508,53907.625,25344.8754
000702.SZ,20060508,69569.9257,41794.2416
002007.SZ,20060508,166126.5,74173.1515
600742.SH,20060508,55419.1308,37310.8226
600830.SH,20060508,91163.917,53418.2973
000673.SZ,20060508,45951.0,13515.0
000937.SZ,20060508,465443.1722,195648.213
000996.SZ,20060508,44390.0,18103.4
600028.SH,20060508,56529990.228,1825600.0
600266.SH,20060508,318000.0,110505.0
600168.SH,20060508,138079.95,52677.9
000420.SZ,20060508,72625.4331,49228.0979
000753.SZ,20060508,130954.5039,53909.8553
600123.SH,20060508,539797.5,272188.8
600232.SH,20060508,111176.755,39227.76
000810.SZ,20060508,66129.5162,25061.4
002021.SZ,20060508,104300.8,45722.56
002045.SZ,20060508,117200.0,46762.8
600087.SH,20060508,204229.9417,94387.8957
600848.SH,20060508,132163.9606,11146.1933
000419.SZ,20060508,111798.6947,41633.1447
000803.SZ,20060508,33449.13,16087.5
600783.SH,20060508,62504.1801,26269.2518
600791.SH,20060508,51737.4,22419.54
600877.SH,20060508,126997.3851,58852.8
000404.SZ,20060508,52431.6212,19192.6934
000593.SZ,20060508,61278.9467,20066.7611
000893.SZ,20060508,85026.0,21831.0
600111.SH,20060508,294278.346,140107.9702
600684.SH,20060508,64902.6673,45125.793
000023.SZ,20060508,48703.4402,21235.9668
000671.SZ,20060508,56056.9512,17142.8403
000759.SZ,20060508,206817.806,162787.9057
000955.SZ,20060508,59081.0,20923.32
000530.SZ,20060508,137205.8702,50075.9334
600292.SH,20060508,114733.5,54331.2
600310.SH,20060508,138723.75,39825.0
600543.SH,20060508,72660.0,29400.0
600655.SH,20060508,398790.7709,127761.0946
600664.SH,20060508,822207.6231,536418.3398
000016.SZ,20060508,202267.4143,94162.1312
000539.SZ,20060508,1156840.74,223075.1788
000733.SZ,20060508,241372.88,119972.0
000995.SZ,20060508,62832.0,17952.0
600751.SH,20060508,122669.5562,25818.6357
000029.SZ,20060508,378360.84,81829.6292
000686.SZ,20060508,116086.8815,49350.0745
000752.SZ,20060508,98645.6756,41191.958
600598.SH,20060508,655351.092,193442.4
000586.SZ,20060508,40622.4,17631.432
000913.SZ,20060508,162819.424,64068.576
600239.SH,20060508,43447.8492,23159.9088
600331.SH,20060508,674336.0,337168.0
000159.SZ,20060508,70263.0507,28630.0
000797.SZ,20060508,168632.9065,56346.29
600231.SH,20060508,171839.2,92560.3536
600449.SH,20060508,77244.0,30144.0
600745.SH,20060508,16679.0508,6406.0433
000821.SZ,20060508,88726.3667,53508.4907
000933.SZ,20060508,382500.0,180999.0
600064.SH,20060508,188247.8007,112268.2667
600315.SH,20060508,376110.0,111440.0
600365.SH,20060508,72100.0,40170.0
600367.SH,20060508,178796.8,74558.2656
600429.SH,20060508,145415.0,48777.0
600135.SH,20060508,114912.0,42336.0
600693.SH,20060508,108247.1258,59286.8184
600704.SH,20060508,109802.3559,66016.9144
600769.SH,20060508,124178.496,31100.16
600859.SH,20060508,452311.9529,228333.7985
000410.SZ,20060508,366147.3314,193365.5011
000514.SZ,20060508,66999.4416,24645.22
000708.SZ,20060508,204031.4499,75834.9179
000858.SZ,20060508,3156075.1872,1039596.9518
002038.SZ,20060508,113436.0,41231.52
600132.SH,20060508,548755.428,166998.0
600143.SH,20060508,345345.0,115443.9
600279.SH,20060508,103917.8868,51651.6
600604.SH,20060508,142745.1959,24216.0756
600631.SH,20060508,841184.8534,324746.316
600815.SH,20060508,127184.1051,44715.1878
600817.SH,20060508,116548.4103,23817.3189
600997.SH,20060508,371368.0,151819.5
000567.SZ,20060508,40824.0,20412.0
600005.SH,20060508,2116260.0,639900.0
600725.SH,20060508,65340.0,30071.25
000859.SZ,20060508,84516.48,51512.1865
000983.SZ,20060508,985356.0,449540.7143
600581.SH,20060508,157416.8198,65976.768
600806.SH,20060508,124218.7518,30420.0
000421.SZ,20060508,73825.3169,28441.2557
000617.SZ,20060508,406548.48,127046.4
000899.SZ,20060508,152900.928,66346.1286
002017.SZ,20060508,76816.8,28552.5
600101.SH,20060508,112580.9913,62987.6852
600297.SH,20060508,72220.0,25120.0
000423.SZ,20060508,349857.0859,246211.4204
000823.SZ,20060508,170260.8,86393.4432
600776.SH,20060508,217916.0,40946.0
000971.SZ,20060508,44319.0,26203.9714
600513.SH,20060508,39600.0,17820.0
600619.SH,20060508,327399.6439,23556.3438
600771.SH,20060508,133997.9503,35491.5
000100.SZ,20060508,545715.8714,262254.9074
000838.SZ,20060508,48644.5354,13109.85
600093.SH,20060508,44178.75,17671.5
600803.SH,20060508,63721.5033,44532.18
000002.SZ,20060508,2719380.6444,2001784.4584
000036.SZ,20060508,278724.1526,190492.21
000528.SZ,20060508,287253.3568,159797.3805
000938.SZ,20060508,167336.96,77945.91
600202.SH,20060508,265143.9648,108739.0304
600521.SH,20060508,253890.0,111076.875
600580.SH,20060508,143703.4049,62233.92
000554.SZ,20060508,256262.8385,157149.7189
000639.SZ,20060508,84304.7298,37963.7848
600241.SH,20060508,46110.0,17748.0
600121.SH,20060508,245364.6,116251.2
600476.SH,20060508,54206.25,23887.5
600874.SH,20060508,405851.3336,47281.8628
000014.SZ,20060508,69027.9975,44220.9807
000789.SZ,20060508,79336.5,25746.5
000965.SZ,20060508,63256.9344,20405.0
000056.SZ,20060508,86372.3629,28981.8533
000728.SZ,20060508,110121.99,33176.0
002011.SZ,20060508,42282.0278,21621.6
000981.SZ,20060508,70035.0,21750.0
600128.SH,20060508,66416.0175,33322.0396
600317.SH,20060508,194504.5842,93904.1049
600386.SH,20060508,118137.6,52505.6
600789.SH,20060508,121467.4934,60503.8938
600981.SH,20060508,66460.03,24772.5
000155.SZ,20060508,202100.0,73788.0
000611.SZ,20060508,71416.5505,30796.461
000662.SZ,20060508,90715.464,48984.4464
600439.SH,20060508,137322.9,49436.244
000409.SZ,20060508,28962.231,12721.7236
000595.SZ,20060508,51388.5522,25519.426
000680.SZ,20060508,242184.1344,169338.3744
000948.SZ,20060508,72520.2859,20720.0
002050.SZ,20060508,77744.0,26832.0
600573.SH,20060508,171750.0,43281.0
600746.SH,20060508,87942.9567,25263.6773
600011.SH,20060508,5846860.9684,315250.0
000962.SZ,20060508,271576.8,143354.0572
600235.SH,20060508,82180.8,37234.08
600260.SH,20060508,131118.54,82635.9912
600278.SH,20060508,104960.0,35424.0
600472.SH,20060508,304286.0,128492.0
000795.SZ,20060508,68369.6,36731.3021
000836.SZ,20060508,44068.8842,25884.8837
000970.SZ,20060508,558867.6,319624.704
002025.SZ,20060508,392832.0,157746.6
600083.SH,20060508,38870.0,22938.4714
600175.SH,20060508,52230.528,24896.16
600190.SH,20060508,393744.0,94848.0
600647.SH,20060508,35856.2225,19557.3054
600763.SH,20060508,42965.76,10805.76
000722.SZ,20060508,77221.652,51612.5676
600192.SH,20060508,167621.5,57791.5
600321.SH,20060508,115246.56,54268.5
600626.SH,20060508,124529.2405,68794.6826
600642.SH,20060508,1664881.9938,503720.015
600699.SH,20060508,38073.3603,19364.1996
000682.SZ,20060508,214800.7671,140894.2071
000695.SZ,20060508,93524.1139,42276.079
000826.SZ,20060508,111255.209,49806.25
000951.SZ,20060508,237212.65,107596.8
000055.SZ,20060508,167540.1,33543.2199
000518.SZ,20060508,152374.3209,103064.832
000561.SZ,20060508,69080.1898,42123.2607
000572.SZ,20060508,95425.3734,49909.0678
000718.SZ,20060508,127117.0274,59971.5163
000889.SZ,20060508,80700.7597,43944.7795
000096.SZ,20060508,180048.0,63049.0995
000736.SZ,20060508,26664.0,10504.0
000918.SZ,20060508,52224.6144,18432.0
000975.SZ,20060508,132134.4,57139.2
600079.SH,20060508,86008.7592,59328.491
000931.SZ,20060508,236196.429,131196.429
002001.SZ,20060508,172056.18,61114.5
002030.SZ,20060508,86860.4,29715.4
600133.SH,20060508,123740.8978,37356.8
000670.SZ,20060508,46275.5504,26293.696
000799.SZ,20060508,128493.2,45474.0
600029.SH,20060508,1014809.296,232000.0
000806.SZ,20060508,141576.5835,90278.4124
000906.SZ,20060508,90487.5,25336.5
600183.SH,20060508,698627.1094,282080.2048
000976.SZ,20060508,136030.158,59764.4316
600218.SH,20060508,63481.6,30663.36
000018.SZ,20060508,76621.4873,9164.7336
000025.SZ,20060508,63000.5376,13727.3536
000629.SZ,20060508,774697.8865,398940.0862
600137.SH,20060508,19245.4783,5515.8
600257.SH,20060508,58648.2,34959.848
600676.SH,20060508,93942.7919,55094.04
000088.SZ,20060508,964875.0,314584.8613
000780.SZ,20060508,112418.0573,71578.0446
000908.SZ,20060508,75600.0,24300.0
600052.SH,20060508,148959.1155,78702.624
600219.SH,20060508,277643.8662,203589.8662
600182.SH,20060508,109480.0,54740.0
600291.SH,20060508,54080.0,26769.6
600731.SH,20060508,56389.1016,28392.7327
000008.SZ,20060508,28651.0979,16473.6042
000659.SZ,20060508,184463.2208,119298.5848
000703.SZ,20060508,34112.0,14976.0
000779.SZ,20060508,39011.9724,21681.27
002022.SZ,20060508,167739.0,59727.2832
600243.SH,20060508,62796.6,22055.0
600169.SH,20060508,170454.9707,87716.16
600273.SH,20060508,53750.0,29925.0
600284.SH,20060508,101700.0,47520.0
600764.SH,20060508,138155.6063,57833.0507
000568.SZ,20060508,728652.1168,288338.6264
000637.SZ,20060508,220607.9772,75427.598
600285.SH,20060508,42552.64,22048.0
000019.SZ,20060508,120251.1612,26405.9433
000576.SZ,20060508,118490.1059,74473.8159
000917.SZ,20060508,211004.1722,158853.0528
002043.SZ,20060508,56974.0,25890.48
600019.SH,20060508,7600208.0,2052793.96
600346.SH,20060508,44835.0,16439.5
600561.SH,20060508,68346.432,35709.8751
600982.SH,20060508,56448.0,21840.0
000665.SZ,20060508,33268.7992,11803.2537
000667.SZ,20060508,105697.53,34527.3788
000783.SZ,20060508,611855.4965,124020.0
600268.SH,20060508,171690.0,76824.0
001914.SZ,20060508,96831.203,34490.635
