ts_code,total_mv,circ_mv
000001.SZ,26527890.1767,26527663.9136
000002.SZ,29882866.0946,25686909.5937
000004.SZ,471720.4023,239845.3149
000005.SZ,279453.7263,279297.8079
000006.SZ,685797.4834,684940.4498
000007.SZ,279237.1235,249012.1235
000008.SZ,831457.8085,796923.9283
000009.SZ,1880246.9805,1854457.0848
000010.SZ,337780.1418,215134.6572
000011.SZ,656768.9594,580176.0484
000012.SZ,1504366.9429,947216.7307
000014.SZ,182341.489,182341.489
000016.SZ,1736128.6392,1151130.0703
000017.SZ,134528.8991,73927.366
000019.SZ,926638.3442,334637.9912
000020.SZ,267304.1983,171020.1291
000021.SZ,3458930.7624,3454387.9275
000023.SZ,224923.865,224923.865
000025.SZ,778060.2676,708964.8676
000026.SZ,376363.0834,313553.6875
000027.SZ,2200292.8363,2200292.8363
000028.SZ,1918437.0108,1647814.3736
000030.SZ,1033825.2554,1004891.9768
000031.SZ,2173160.8629,919557.5397
000032.SZ,780571.9396,776914.8337
000034.SZ,1509594.5617,1132982.3849
000035.SZ,1229079.5436,1153364.2642
000036.SZ,648479.1689,646323.2858
000037.SZ,731753.7915,411417.3294
000038.SZ,617922.9093,274314.7741
000039.SZ,2603490.3063,1107391.4966
000040.SZ,447549.0349,319162.5417
000042.SZ,707380.3319,704527.5617
000045.SZ,356027.5619,319454.6027
000046.SZ,1932986.644,1925132.8599
000048.SZ,955515.3694,955365.665
000049.SZ,1043862.204,1034017.952
000050.SZ,3012789.008,2690341.9952
000055.SZ,465783.391,290300.6424
000056.SZ,416957.6956,320823.718
000058.SZ,809354.8431,352398.6971
000059.SZ,758135.7625,758134.1244
000060.SZ,1349341.0536,1348854.399
000061.SZ,1318541.1298,1317341.7153
000062.SZ,1308432.5618,1306844.7101
000063.SZ,17875093.148,13468849.93
000065.SZ,570974.5895,499428.2887
000066.SZ,3953045.7716,3362468.3672
000068.SZ,322134.8685,322134.8685
000069.SZ,4987123.9003,4277369.6247
000070.SZ,766686.1401,746653.1845
000078.SZ,1085695.22,1030109.8133
000088.SZ,873990.0,873990.0
000089.SZ,1669326.3803,1669326.3803
000090.SZ,1147286.8965,1147207.2281
000096.SZ,656304.0,634984.064
000099.SZ,427885.7165,427885.7165
000100.SZ,7792380.7021,7292548.0737
000150.SZ,328258.8863,301440.3505
000151.SZ,261646.32,235624.8668
000153.SZ,239724.4646,239598.5126
000155.SZ,538480.0,538480.0
000156.SZ,1560920.2213,1394241.622
000157.SZ,5068825.874,4134144.035
000158.SZ,1680146.1738,1649975.6097
000159.SZ,233613.3926,233613.3926
000166.SZ,11293014.9966,10163020.8065
000301.SZ,2220008.3253,671248.2812
000333.SZ,42458768.7328,41484370.4349
000338.SZ,11266100.9309,6027902.3075
000400.SZ,1346116.9575,1346040.6369
000401.SZ,2368945.2828,2368401.4227
000402.SZ,1984649.4582,1983787.3465
000403.SZ,1803645.9726,1795880.9231
000404.SZ,250558.5524,250064.2073
000407.SZ,286907.5979,285492.4886
000408.SZ,1234149.5241,293087.8866
000409.SZ,215102.0175,170770.7537
000410.SZ,801601.1093,800115.2753
000411.SZ,277816.9675,231371.4312
000413.SZ,1656042.2841,1405740.8857
000415.SZ,1867725.4272,1071313.7744
000416.SZ,241469.6583,241365.0585
000417.SZ,390721.9842,390292.753
000419.SZ,229391.8804,229268.3728
000420.SZ,407936.2778,407718.9191
000421.SZ,241657.0061,241657.0061
000422.SZ,246913.3458,246898.5706
000423.SZ,2226289.3119,2225764.3335
000425.SZ,4676700.0527,4176037.3296
000426.SZ,1243779.1323,991253.2822
000428.SZ,369870.138,369854.2205
000429.SZ,1459382.6759,909335.4095
000430.SZ,196741.3954,161225.0568
000488.SZ,1402925.7606,801459.8483
000498.SZ,564550.0878,564525.5178
000501.SZ,962009.9065,960464.326
000502.SZ,122350.5798,121376.3475
000503.SZ,995895.002,995895.002
000504.SZ,295060.4842,294207.5213
000505.SZ,572836.7978,320028.7111
000506.SZ,217390.1561,217309.0049
000507.SZ,484751.3703,438267.5706
000509.SZ,113916.6701,113916.2225
000510.SZ,256465.7289,231330.7251
000513.SZ,4113628.8332,2625950.3129
000514.SZ,327383.1344,327383.1344
000516.SZ,800246.0166,783174.6658
000517.SZ,780061.0088,605944.9799
000518.SZ,414911.1575,414902.8843
000519.SZ,1225451.9042,1224513.3718
000520.SZ,386615.8798,386615.8798
000521.SZ,324869.941,271331.1821
000523.SZ,356438.815,356105.9732
000524.SZ,434295.1709,346525.0023
000525.SZ,499464.6708,494082.7521
000526.SZ,442497.4922,442497.4922
000528.SZ,963776.6585,955099.1688
000529.SZ,413323.5536,403478.1389
000530.SZ,299340.44,212618.3317
000531.SZ,506961.2868,506961.2868
000532.SZ,386762.7575,385462.815
000533.SZ,195500.928,193827.3792
000534.SZ,458835.4946,458576.5871
000536.SZ,428735.0845,428277.6514
000537.SZ,1292589.3797,281726.3949
000538.SZ,11104467.0347,5234637.3572
000539.SZ,1869101.099,909190.9062
000540.SZ,2136602.6771,2126857.5434
000541.SZ,766841.6924,587759.9493
000543.SZ,915812.7857,723319.9751
000544.SZ,630620.8637,630620.8637
000545.SZ,256576.605,249444.805
000546.SZ,771101.3033,711099.5376
000547.SZ,2296120.7998,1723729.2401
000548.SZ,186706.7133,186696.6153
000550.SZ,1089376.068,654300.4133
000551.SZ,442889.0083,442889.0083
000552.SZ,509994.5442,509274.3014
000553.SZ,2245936.1883,430190.1324
000554.SZ,241839.039,182412.8046
000555.SZ,1394437.8893,1384435.2197
000557.SZ,634393.0097,634193.5461
000558.SZ,362271.9297,362027.0918
000559.SZ,1398605.0026,1398599.882
000560.SZ,810292.2927,659593.1401
000561.SZ,427517.4709,421797.6564
000563.SZ,1387404.4961,1387404.4961
000564.SZ,3057984.5696,1021001.0289
000565.SZ,208124.2656,208124.2656
000566.SZ,939193.4226,846058.0121
000567.SZ,884771.7179,300545.0954
000568.SZ,14030863.9676,13986348.6208
000570.SZ,268336.9278,196636.9278
000571.SZ,212470.704,210898.4909
000572.SZ,305902.3752,305440.8717
000573.SZ,167372.4958,163270.5278
000576.SZ,330817.409,319704.3602
000581.SZ,2259040.3262,1872902.2071
000582.SZ,1683655.3596,1305230.2037
000584.SZ,360021.387,351211.448
000585.SZ,124018.54,86537.7789
000586.SZ,190538.4,190538.4
000587.SZ,201756.1864,115236.1258
000589.SZ,321428.4895,312512.1145
000590.SZ,233005.5428,232913.0689
000591.SZ,995349.4486,674279.7455
000592.SZ,461695.6332,457404.0352
000593.SZ,174294.6704,174222.8201
000595.SZ,144448.7783,142162.313
000596.SZ,7472920.4,5692240.4
000597.SZ,697374.8839,644842.7031
000598.SZ,1403522.7429,1403522.7429
000599.SZ,357084.8753,330875.0546
000600.SZ,908354.5726,552652.3719
000601.SZ,592142.3146,591747.9672
000603.SZ,832103.0313,698038.4863
000605.SZ,209479.2084,209479.2084
000606.SZ,318572.5308,294195.8681
000607.SZ,438628.0147,381374.6466
000608.SZ,375706.5678,375650.7314
000609.SZ,175369.5959,171113.5658
000610.SZ,201945.9596,200688.5676
000611.SZ,117562.0637,111133.0779
000612.SZ,635442.277,634833.4578
000613.SZ,300746.6,219614.0716
000615.SZ,340303.8395,336175.3137
000616.SZ,420488.921,420488.921
000617.SZ,9120357.0499,2065622.7292
000619.SZ,176400.0,176400.0
000620.SZ,582283.9589,582260.6346
000622.SZ,164987.688,164987.688
000623.SZ,1813172.4973,1780458.8856
000625.SZ,5244492.174,4259502.6681
000626.SZ,338211.0639,289038.6072
000627.SZ,2465373.9533,2147261.4533
000628.SZ,257593.96,155459.7412
000629.SZ,1760897.9714,1530202.1019
000630.SZ,2042147.4618,2042128.4629
000631.SZ,734620.7887,734620.7887
000632.SZ,198311.3368,198295.1642
000633.SZ,140948.9325,140948.109
000635.SZ,216404.5478,216404.5478
000636.SZ,2371472.511,2371472.511
000637.SZ,216788.0235,152828.37
000638.SZ,129329.2,129329.2
000639.SZ,645498.0008,643657.3287
000650.SZ,730620.6448,696431.9556
000651.SZ,37249405.5966,36965814.3186
000652.SZ,910429.0667,909527.8345
000655.SZ,378041.0461,378041.0461
000656.SZ,4319830.0951,4245571.2635
000657.SZ,566795.0447,498147.2129
000659.SZ,291854.472,291854.472
000661.SZ,13550035.3092,11384192.3472
000662.SZ,329022.4179,328987.1994
000663.SZ,147130.877,127314.8157
000665.SZ,554755.0025,554716.9751
000666.SZ,647095.47,269743.746
000667.SZ,695690.7945,690142.7262
000668.SZ,245225.9563,244969.6163
000669.SZ,108865.4075,108865.4075
000671.SZ,2800512.3595,2747033.6847
000672.SZ,1909565.8372,1909565.8372
000673.SZ,112400.1628,112110.4708
000676.SZ,1177222.0751,896309.7548
000677.SZ,273881.0095,273881.0095
000678.SZ,258301.8299,258301.8299
000679.SZ,123314.4,123297.3152
000680.SZ,434275.6639,369925.4762
000681.SZ,1358419.6484,1282023.3044
000682.SZ,678407.8655,494879.509
000683.SZ,714205.6724,646995.0076
000685.SZ,1149111.7424,976266.0983
000686.SZ,1933214.1078,1933214.1078
000687.SZ,284259.9633,279280.7404
000688.SZ,2092630.7378,2092622.789
000690.SZ,1031370.8466,987874.1508
000691.SZ,139975.91,125780.5679
000692.SZ,138536.5738,138524.3285
000695.SZ,181716.6869,181368.0553
000697.SZ,632662.3276,532902.3365
000698.SZ,257327.52,246706.1259
000700.SZ,689617.8611,606919.9142
000701.SZ,203306.528,203306.528
000702.SZ,141316.3253,141316.3253
000703.SZ,3472588.529,3109444.9692
000705.SZ,233886.3002,197388.5473
000707.SZ,118357.1701,118356.7876
000708.SZ,7888685.1858,1194123.2722
000709.SZ,2176814.6097,2176462.9832
000710.SZ,2162741.1706,863058.8168
000711.SZ,331668.3724,248846.4533
000712.SZ,1122688.0,997383.9866
000713.SZ,424108.9187,375716.979
000715.SZ,227813.9791,227451.3779
000716.SZ,303036.7374,269982.3497
000717.SZ,914580.227,914580.227
000718.SZ,946806.5518,714224.9107
000719.SZ,707033.7906,460998.9522
000720.SZ,675777.1041,452452.647
000721.SZ,305422.223,266711.4329
000722.SZ,279887.444,279887.444
000723.SZ,2742406.9818,2524786.9141
000725.SZ,16007263.431,15575857.8364
000726.SZ,663327.9512,433857.2946
000727.SZ,679435.047,439598.3862
000728.SZ,2726012.1081,2386364.976
000729.SZ,1857417.4257,1653697.9965
000731.SZ,313486.7066,313486.7066
000732.SZ,1134939.0566,1133667.0246
000733.SZ,1108891.3012,1108891.3012
000735.SZ,1250543.7457,1249863.0746
000736.SZ,446682.4083,446682.4083
000737.SZ,145421.4,145421.4
000738.SZ,1542034.6018,1542023.9011
000739.SZ,2415973.1586,2350989.3333
000750.SZ,2335701.4455,2335699.9976
000751.SZ,375025.2282,375024.6164
000752.SZ,99173.1926,99173.1926
000753.SZ,276623.2188,276623.2188
000755.SZ,172689.3805,172689.3805
000756.SZ,647355.6843,415874.3752
000757.SZ,261232.8028,177486.5028
000758.SZ,870465.2634,870383.5186
000759.SZ,452879.2975,452593.0097
000761.SZ,1263371.1194,1132971.1194
000762.SZ,384885.4184,384867.8878
000766.SZ,479381.3747,350684.0503
000767.SZ,698465.8837,661091.5034
000768.SZ,4762069.5221,4762039.2071
000776.SZ,10486616.6257,8144945.0545
000777.SZ,444764.4079,444751.5992
000778.SZ,1348917.4995,1313095.8458
000779.SZ,402770.0186,186003.3393
000780.SZ,243433.5178,243433.5178
000782.SZ,174814.2152,147730.9171
000783.SZ,3461509.9317,3461446.4741
000785.SZ,4845963.2313,118710.0527
000786.SZ,3858835.9111,3858835.9111
000788.SZ,421363.1095,421363.1095
000789.SZ,1033396.2867,1033371.7832
000790.SZ,298934.8735,298648.5664
000791.SZ,428266.6542,428258.3855
000793.SZ,679063.4554,660504.2402
000795.SZ,679076.7777,677518.2935
000796.SZ,806212.259,805648.5883
000797.SZ,633320.4455,629797.3598
000798.SZ,186561.72,186523.176
000799.SZ,1616196.7465,1616196.7465
000800.SZ,5125948.8277,850142.1378
000801.SZ,597319.0813,597319.0813
000802.SZ,458176.1632,455224.1632
000803.SZ,164180.6332,154937.1487
000806.SZ,190284.7348,120831.223
000807.SZ,1313846.7535,1094810.6295
000809.SZ,180629.2932,180629.2932
000810.SZ,1207263.5171,1148356.4825
000811.SZ,454215.2226,454207.6948
000812.SZ,225995.6285,197069.3725
000813.SZ,1232814.99,1232814.2475
000815.SZ,501979.9113,501979.9113
000816.SZ,181606.8247,171043.3948
000818.SZ,1559151.4,1528827.7415
000819.SZ,218237.2338,218237.2338
000820.SZ,61175.5413,27615.0643
000821.SZ,325632.3444,276489.0178
000822.SZ,312387.0822,312387.0822
000823.SZ,691075.242,691016.6989
000825.SZ,1913939.2595,1913875.5891
000826.SZ,1090101.0334,907439.0035
000828.SZ,727661.8944,727660.9494
000829.SZ,617539.7989,555899.5705
000830.SZ,1085461.8365,1084906.0398
000831.SZ,1146659.2188,1146659.2188
000833.SZ,308801.6552,174675.2802
000835.SZ,101295.7159,93897.45
000836.SZ,427793.1493,427743.5273
000837.SZ,318257.2477,318120.5736
000838.SZ,286120.1642,219988.3449
000839.SZ,1007395.3725,1007395.3725
000848.SZ,763181.071,763039.5468
000850.SZ,326508.0931,326410.3405
000851.SZ,705228.4067,676526.2248
000852.SZ,374028.0036,374028.0036
000856.SZ,191134.0,191134.0
000858.SZ,63118827.7693,61722820.3176
000859.SZ,411134.0499,411057.7389
000860.SZ,4315600.342,4315600.342
000861.SZ,717849.9227,656375.8345
000862.SZ,279623.1228,198535.7444
000863.SZ,527939.3727,455938.9042
000868.SZ,304331.6047,288657.422
000869.SZ,1930266.624,1276945.6128
000875.SZ,755502.521,755497.5578
000876.SZ,11830138.1153,11818124.9558
000877.SZ,1314049.8676,1102758.9084
000878.SZ,1805058.6307,1743758.5517
000880.SZ,222537.003,108918.81
000881.SZ,688269.9933,503582.0142
000882.SZ,520096.8699,471609.4762
000883.SZ,2290622.2191,2289584.7695
000885.SZ,489929.0172,489929.0172
000886.SZ,485514.6953,477232.4572
000887.SZ,979106.446,976925.0677
000888.SZ,312459.4695,312459.4695
000889.SZ,622264.7512,578128.6522
000890.SZ,86178.6432,86174.7847
000892.SZ,399259.0525,219037.5164
000893.SZ,432191.7683,228823.6535
000895.SZ,13240616.6559,3518367.2371
000897.SZ,370355.3416,370349.0212
000898.SZ,2407744.0515,2046387.9022
000899.SZ,413687.3702,413685.2481
000900.SZ,573739.1103,573473.9436
000901.SZ,744546.2093,697031.5407
000902.SZ,1146681.2459,1031502.1085
000903.SZ,1150947.7005,1032063.738
000905.SZ,387618.7436,329219.07
000906.SZ,375109.8341,367957.8688
000908.SZ,327276.0586,266689.231
000909.SZ,294860.726,294860.726
000910.SZ,909656.2125,900065.8625
000912.SZ,664832.0,664832.0
000913.SZ,504332.032,504332.032
000915.SZ,803053.9991,799973.0301
000917.SZ,907236.0563,828560.5126
000918.SZ,802865.2175,802865.2175
000919.SZ,333144.0,332320.1964
000920.SZ,267126.0,267013.057
000921.SZ,1691142.1842,1119550.8877
000922.SZ,359636.0279,350000.4647
000923.SZ,857033.1258,259974.0
000925.SZ,375902.3937,310007.5156
000926.SZ,512992.4986,504482.489
000927.SZ,545549.5148,545548.4683
000928.SZ,526541.7727,526541.7727
000929.SZ,125206.284,125198.3463
000930.SZ,1302303.124,673158.9583
000931.SZ,772708.2835,765592.8966
000932.SZ,2322920.263,1600035.8038
000933.SZ,805812.0,805798.538
000935.SZ,1000106.8362,1000104.6263
000936.SZ,938287.6473,937572.0302
000937.SZ,1067131.1487,877793.1523
000938.SZ,7820275.5423,7820275.5423
000948.SZ,453587.1556,381341.0716
000949.SZ,423830.0885,423641.2014
000950.SZ,871005.0868,437538.9191
000951.SZ,1860235.9776,1859741.3419
000952.SZ,294251.7931,255617.1098
000953.SZ,185990.0751,149382.194
000955.SZ,467865.255,467172.9662
000957.SZ,401988.8686,401981.2533
000958.SZ,2266419.1969,462693.3986
000959.SZ,1782524.2952,1704243.7939
000960.SZ,1461848.108,1461841.4066
000961.SZ,3082690.4447,3072919.3251
000962.SZ,292272.043,292270.9928
000963.SZ,4077056.2468,4076997.426
000965.SZ,374013.0116,374013.0116
000966.SZ,422256.2345,422256.2345
000967.SZ,2634830.7676,1669388.9789
000968.SZ,754652.0748,754515.5826
000969.SZ,640229.0525,624518.6719
000970.SZ,1057743.6,1057743.6
000971.SZ,301818.0666,225874.0587
000972.SZ,213645.5514,213645.5514
000973.SZ,464363.1221,464351.9846
000975.SZ,2961175.9592,1847472.336
000976.SZ,824965.9375,824382.2032
000977.SZ,5539661.7397,5539661.7397
000978.SZ,169967.2,169945.2166
000980.SZ,405534.2576,249188.9426
000981.SZ,551834.6138,352681.2372
000982.SZ,566829.648,566829.648
000983.SZ,1525180.8,1525179.6674
000985.SZ,166716.397,166716.397
000987.SZ,3201604.9689,3102049.9778
000988.SZ,2191995.9013,2191285.8208
000989.SZ,793720.4175,538055.1465
000990.SZ,1523662.4935,1014174.5107
000993.SZ,278892.4361,227157.0
000996.SZ,298425.0,298425.0
000997.SZ,1703802.1415,1646449.0369
000998.SZ,2121639.1501,1561694.3607
000999.SZ,2755603.5,2754182.792
001696.SZ,719076.9058,559666.535
001872.SZ,2687466.4434,649871.937
001896.SZ,377392.8138,304882.3543
001914.SZ,3274348.6333,2059248.7526
001965.SZ,4232081.7398,380067.3762
001979.SZ,13452094.9978,13451354.2063
002001.SZ,5906672.6627,5831952.2669
002002.SZ,1001832.2363,986674.0698
002003.SZ,409331.0311,349150.5421
002004.SZ,1083015.7975,989416.5702
002005.SZ,298237.68,285930.7037
002006.SZ,213925.2,213925.2
002007.SZ,7406928.9076,6361911.9472
002008.SZ,3426362.0847,3190343.987
002009.SZ,282358.6687,282355.8112
002010.SZ,1869985.6252,1826842.1717
002011.SZ,354043.9015,352766.5974
002012.SZ,267949.3943,267326.0683
002013.SZ,2876107.2738,2875907.3336
002014.SZ,457283.9854,454797.4873
002015.SZ,764140.6413,226397.6611
002016.SZ,530766.7346,423838.7346
002017.SZ,535783.3008,533933.8272
002019.SZ,2583893.6614,1692251.5779
002020.SZ,758216.112,614940.0559
002021.SZ,136187.3779,136117.5831
002022.SZ,842002.5625,840015.9677
002023.SZ,1137456.8775,990898.6171
002024.SZ,8406965.8085,7020995.9135
002025.SZ,1190904.0,1190622.9911
002026.SZ,207948.7174,207948.7174
002027.SZ,7955411.1118,7955411.1118
002028.SZ,1389662.5675,1073463.6807
002029.SZ,380857.68,370416.1447
002030.SZ,1838833.2688,1786934.6127
002031.SZ,422283.9686,362601.3385
002032.SZ,5659979.5396,4209846.281
002033.SZ,330243.9173,330237.5888
002034.SZ,791879.8147,505844.9161
002035.SZ,953545.6654,858866.1054
002036.SZ,1131700.8913,1124255.1294
002037.SZ,323295.5799,217045.0901
002038.SZ,1184534.55,982069.114
002039.SZ,488332.4605,488326.4659
002040.SZ,307802.8848,307802.8848
002041.SZ,1034880.0,1034880.0
002042.SZ,919222.2108,918477.9476
002043.SZ,745315.2739,715609.0323
002044.SZ,4539268.4879,3974603.6189
002045.SZ,453395.6278,452216.386
002046.SZ,572589.1932,446299.6629
002047.SZ,643822.5221,606270.2928
002048.SZ,1022002.9764,889378.3789
002049.SZ,4051116.7544,4047207.469
002050.SZ,6939824.7151,6069089.2008
002051.SZ,911970.3866,819377.3658
002052.SZ,110402.0347,110400.9123
002053.SZ,521270.3177,254616.0111
002054.SZ,286753.8864,213675.8236
002055.SZ,724338.085,648610.3271
002056.SZ,1738928.8,1718570.5894
002057.SZ,427438.8176,356241.8308
002058.SZ,260358.7226,259908.51
002059.SZ,482931.4058,348588.0588
002060.SZ,360678.6174,360514.1718
002061.SZ,741469.4199,415410.8493
002062.SZ,501637.5,438149.6674
002063.SZ,1034640.8128,951983.4765
002064.SZ,2511367.4178,843405.7664
002065.SZ,3492455.7424,3147328.7238
002066.SZ,214830.0,214830.0
002067.SZ,338916.305,296940.68
002068.SZ,305366.7103,254938.2028
002069.SZ,200533.6387,194224.8052
002071.SZ,178120.7286,176842.8587
002072.SZ,96272.0,96272.0
002073.SZ,376396.6296,376374.6258
002074.SZ,3201714.9981,2861394.5871
002075.SZ,2866596.5318,2866596.5318
002076.SZ,154350.8331,120567.1439
002077.SZ,301200.8782,280572.7364
002078.SZ,2487750.8467,2467176.3667
002079.SZ,775289.6337,773411.5701
002080.SZ,2431601.0732,2431601.0732
002081.SZ,2147526.9512,2084104.0576
002082.SZ,579274.7908,180894.0717
002083.SZ,476700.0026,463206.9461
002084.SZ,433696.0489,420580.4121
002085.SZ,1410537.3923,1363359.4027
002086.SZ,137655.7,99056.6304
002087.SZ,289961.9889,289551.7179
002088.SZ,329872.2541,286001.1097
002089.SZ,362912.7786,312104.9195
002090.SZ,365051.2372,360655.4793
002091.SZ,953757.3248,921053.5796
002092.SZ,1004538.4119,1004490.2547
002093.SZ,894660.0,890349.7812
002094.SZ,292249.6632,281057.3506
002095.SZ,504429.12,502269.6296
002096.SZ,220173.191,219915.236
002097.SZ,676423.4232,564603.6824
002098.SZ,196542.0,196542.0
002099.SZ,1165474.9822,1155197.2702
002100.SZ,1539335.7681,1539335.7681
002101.SZ,377977.9899,375495.4749
002102.SZ,513598.0766,383076.6718
002103.SZ,378799.5237,256013.743
002104.SZ,585413.9374,493953.3724
002105.SZ,198990.0,198990.0
002106.SZ,854743.3698,852366.3402
002107.SZ,653401.2672,637684.8362
002108.SZ,509034.7874,509034.7874
002109.SZ,324306.995,324306.995
002110.SZ,1718554.9428,1544712.0735
002111.SZ,545631.5032,486268.1853
002112.SZ,137692.8,135782.3759
002113.SZ,216109.7031,132653.8004
002114.SZ,198888.0892,198885.3561
002115.SZ,700491.1369,517957.0316
002116.SZ,307792.5273,306144.4096
002117.SZ,569130.0771,568947.2674
002118.SZ,530234.568,530201.0149
002119.SZ,483365.792,473344.508
002120.SZ,8679900.5231,8367429.0068
002121.SZ,468980.266,354046.1445
002122.SZ,156816.0,156815.9703
002123.SZ,1317437.437,1069661.5546
002124.SZ,1224567.2715,997265.713
002125.SZ,506103.2973,444579.8207
002126.SZ,925167.0815,884940.6113
002127.SZ,4693712.2105,3735363.5021
002128.SZ,1571847.1173,1336921.5909
002129.SZ,5564742.6331,5361155.1863
002130.SZ,584168.1408,578657.0703
002131.SZ,2823508.1577,2419108.6613
002132.SZ,334228.5752,333076.0719
002133.SZ,237662.2617,236350.1517
002134.SZ,252733.5615,252733.5615
002135.SZ,802696.1072,743804.522
002136.SZ,188357.52,187472.1994
002137.SZ,455651.3298,287862.002
002138.SZ,1968223.1021,1705465.3211
002139.SZ,561792.2833,454236.9164
002140.SZ,376302.8436,363949.6818
002141.SZ,371032.6817,208170.816
002142.SZ,16215635.9559,15170869.0259
002144.SZ,162268.0007,128248.0609
002145.SZ,716060.5092,716009.8842
002146.SZ,3508968.2278,3142109.3018
002147.SZ,261414.9273,76790.2854
002148.SZ,283452.6372,222249.4497
002149.SZ,295662.9204,295610.7954
002150.SZ,253127.1076,252112.2691
002151.SZ,1626551.0896,1218250.7401
002152.SZ,2818522.9227,2800231.7698
002153.SZ,3622749.4898,1649535.9271
002154.SZ,359195.5028,325877.3187
002155.SZ,930378.5529,930292.005
002156.SZ,2733126.1311,2732651.7033
002157.SZ,4002754.3156,3560233.2099
002158.SZ,608327.7251,602332.5368
002159.SZ,154058.6659,152839.0823
002160.SZ,350851.6514,300948.5897
002161.SZ,556297.5648,535900.9808
002162.SZ,263816.475,263570.7804
002163.SZ,761765.4,761670.6939
002164.SZ,196159.1265,142176.8012
002165.SZ,268517.9171,264286.5853
002166.SZ,436910.994,342890.8834
002167.SZ,341520.3,340230.825
002168.SZ,629514.7109,623745.0198
002169.SZ,814576.9218,786017.817
002170.SZ,337894.6609,264117.0875
002171.SZ,1144286.9939,929694.1986
002172.SZ,204991.0796,203935.4331
002173.SZ,240164.1607,195839.1959
002174.SZ,1896891.0698,1414075.53
002175.SZ,118343.1793,118338.5564
002176.SZ,279837.3953,279691.3554
002177.SZ,323506.3,323506.3
002178.SZ,314059.4734,313664.1677
002179.SZ,4049050.1677,3916657.0967
002180.SZ,3344235.7469,3166471.0251
002181.SZ,613038.7159,598980.4007
002182.SZ,561741.1855,561741.1855
002183.SZ,1050735.4204,1049313.6136
002184.SZ,314012.6171,205136.4653
002185.SZ,3786685.2157,3785474.0364
002186.SZ,325737.9365,325304.7125
002188.SZ,118546.6371,97221.4138
002189.SZ,459756.8587,388866.1861
002190.SZ,756560.1844,728002.2976
002191.SZ,1315453.6641,1142509.2863
002192.SZ,433104.8786,432212.5403
002193.SZ,180583.7295,180042.1506
002194.SZ,1421664.8008,1035067.252
002195.SZ,1660205.8223,1636759.8338
002196.SZ,237628.3295,208092.5872
002197.SZ,465701.881,393302.9021
002198.SZ,243604.727,243604.727
002199.SZ,203274.3731,203274.3731
002200.SZ,105508.146,100203.999
002201.SZ,450825.8893,449697.4993
002202.SZ,4246192.9852,3404540.9145
002203.SZ,1784226.9496,1668559.1117
002204.SZ,909675.2851,909675.2851
002205.SZ,168304.2741,168304.2741
002206.SZ,409714.5961,321748.2881
002207.SZ,124611.4139,123752.7002
002208.SZ,616842.9558,455142.3414
002209.SZ,118708.3824,93950.9459
002210.SZ,161982.2778,129845.8772
002211.SZ,235266.8238,168742.4238
002212.SZ,2919377.8782,2831168.0678
002213.SZ,349994.0,349990.1773
002214.SZ,959530.6653,747516.3709
002215.SZ,565813.2817,450714.5115
002216.SZ,1761565.1301,1246504.1338
002217.SZ,1633002.0993,1447174.2312
002218.SZ,437665.1048,430364.8106
002219.SZ,242480.7359,239747.9984
002221.SZ,1494703.2385,1385970.4141
002222.SZ,650655.0,643691.8485
002223.SZ,3217950.9421,2782606.6237
002224.SZ,450125.7648,334778.8765
002225.SZ,452786.3452,300676.6378
002226.SZ,679446.0394,521311.6058
002227.SZ,297806.49,297412.2063
002228.SZ,450271.3885,448706.7793
002229.SZ,380236.6727,380151.6722
002230.SZ,7393807.9503,6467476.7669
002231.SZ,233347.2,233347.2
002232.SZ,387712.4838,382160.514
002233.SZ,1447421.8694,1410728.3419
002234.SZ,649400.2588,443231.1731
002235.SZ,465630.1998,425335.4686
002236.SZ,5327811.8546,3319312.7801
002237.SZ,1229040.0,1149760.17
002238.SZ,658098.5112,658098.5112
002239.SZ,1023954.5294,1023954.5294
002240.SZ,833206.145,549482.388
002241.SZ,7528641.1594,6312482.2348
002242.SZ,2511711.306,2498752.8795
002243.SZ,1489531.1495,466769.7147
002244.SZ,1316140.7655,1138880.6908
002245.SZ,394488.634,367667.0738
002246.SZ,414521.2695,339671.9036
002247.SZ,125928.7673,80589.1792
002248.SZ,253683.87,244713.6269
002249.SZ,905998.0528,627143.4726
002250.SZ,1677762.5497,1667475.7523
002251.SZ,970164.137,970164.137
002252.SZ,5561150.0233,4102220.4704
002253.SZ,301662.089,277256.6568
002254.SZ,768428.6688,768420.3899
002255.SZ,240889.5217,185043.8827
002256.SZ,184476.3635,136735.2127
002258.SZ,891441.0785,887633.8197
002259.SZ,165512.2187,165512.2187
002261.SZ,909233.4379,765513.1128
002262.SZ,1681989.7232,1463540.2139
002263.SZ,462076.5846,462067.4334
002264.SZ,356657.7815,353971.5487
002265.SZ,243065.9892,232891.1561
002266.SZ,803360.2587,664844.8607
002267.SZ,700607.5304,700607.5304
002268.SZ,1739547.2581,1737040.0273
002269.SZ,542700.0,542700.0
002270.SZ,419099.9998,404141.9452
002271.SZ,5984019.265,4198658.7154
002272.SZ,181974.6,137330.4558
002273.SZ,2009185.7478,1947505.6095
002274.SZ,490467.7927,483069.552
002275.SZ,809754.4,729496.9729
002276.SZ,800433.0728,799177.3536
002277.SZ,602282.6496,602282.6496
002278.SZ,195419.481,184719.85
002279.SZ,534152.4299,458180.956
002280.SZ,441961.384,357894.3511
002281.SZ,2057499.9988,1997404.8891
002282.SZ,359821.056,256794.2706
002283.SZ,527695.2617,447137.7431
002284.SZ,364380.9144,338898.2415
002285.SZ,570571.8682,562733.3258
002286.SZ,286173.4,286170.6007
002287.SZ,1020675.3846,1016204.1601
002288.SZ,422966.2598,363355.9749
002289.SZ,297068.957,274499.6426
002290.SZ,134705.3432,120143.0955
002291.SZ,1867633.8531,1352156.3691
002292.SZ,914725.5199,548276.0227
002293.SZ,816486.9376,760732.5085
002294.SZ,2196633.6,2196325.53
002295.SZ,169416.416,169121.849
002296.SZ,272972.966,239447.9668
002297.SZ,306826.0943,305945.5055
002298.SZ,571875.3917,436485.5702
002299.SZ,3119458.8766,2747827.246
002300.SZ,385642.62,385612.9938
002301.SZ,1173698.1383,1024125.1535
002302.SZ,1276240.2013,1252688.4974
002303.SZ,718190.8083,431437.2732
002304.SZ,16983754.76,14075548.999
002306.SZ,274680.0,259326.8471
002307.SZ,580241.3577,576045.1897
002308.SZ,580883.5913,578727.0417
002309.SZ,503892.9253,402300.8108
002310.SZ,1334674.616,818784.0431
002311.SZ,7208010.5301,7138949.9936
002312.SZ,642190.7476,617131.6572
002313.SZ,618384.0,616905.5747
002314.SZ,869198.1867,365134.2518
002315.SZ,444808.0,242723.6433
002316.SZ,237051.36,176913.397
002317.SZ,1032736.6444,903120.8335
002318.SZ,603384.6382,586322.795
002319.SZ,107000.0,106972.9156
002320.SZ,1768286.995,1768279.6622
002321.SZ,230813.7552,229411.8348
002322.SZ,430378.4924,380785.6054
002323.SZ,205075.6554,87345.1219
002324.SZ,1013217.2653,588873.5951
002325.SZ,388576.6278,293640.5924
002326.SZ,1079407.6639,822848.8433
002327.SZ,659244.682,391638.7282
002328.SZ,448682.53,324259.2003
002329.SZ,510960.4214,305416.9228
002330.SZ,361440.0,361345.608
002331.SZ,463993.6001,431381.8161
002332.SZ,1558476.8944,1537720.9096
002333.SZ,219135.1696,211446.7979
002334.SZ,330017.762,277220.5977
002335.SZ,547636.1339,454323.6004
002336.SZ,235840.0,200021.8
002337.SZ,196597.6605,196302.0708
002338.SZ,597600.0,597540.1155
002339.SZ,309130.0992,255700.1752
002340.SZ,2176914.3109,1878705.566
002341.SZ,589933.8711,444629.5675
002342.SZ,285120.0,261697.2806
002343.SZ,414631.0759,412600.9685
002344.SZ,572104.2905,568843.2888
002345.SZ,308745.7331,299636.4323
002346.SZ,461446.3097,412391.2833
002347.SZ,193112.494,136846.7935
002348.SZ,282265.6,221440.9776
002349.SZ,420369.3601,413088.9673
002350.SZ,274438.7196,271829.061
002351.SZ,1809415.1625,929824.6949
002352.SZ,23153060.7702,22793166.1367
002353.SZ,2914749.6977,1835127.1693
002354.SZ,290828.5848,218257.055
002355.SZ,348760.5648,324749.9404
002356.SZ,81282.2084,73956.8679
002357.SZ,177121.3053,176977.497
002358.SZ,498349.7397,487987.5481
002359.SZ,163078.764,124740.7164
002360.SZ,191058.1488,144730.7799
002361.SZ,398685.2792,297335.9461
002362.SZ,369749.7536,304702.4231
002363.SZ,280035.5026,279805.2969
002364.SZ,728689.4933,666210.1519
002365.SZ,315015.5925,260767.3798
002366.SZ,416187.528,239914.3829
002367.SZ,728256.9032,478669.1538
002368.SZ,1663493.4177,1632371.4888
002369.SZ,517226.5001,515416.5362
002370.SZ,252701.8385,218179.9811
002371.SZ,7789672.1896,7204449.4444
002372.SZ,1925490.2973,1731577.7289
002373.SZ,3389087.9486,2375785.3828
002374.SZ,219356.867,201554.3338
002375.SZ,1242176.7536,1233828.8526
002376.SZ,691675.1857,666280.4557
002377.SZ,346370.926,183615.8277
002378.SZ,400164.4998,399763.7669
002379.SZ,265876.8,265876.8
002380.SZ,328548.5675,196251.1181
002381.SZ,407868.1136,312384.6492
002382.SZ,2328135.0727,1546482.2913
002383.SZ,733980.8112,514727.6499
002384.SZ,4578731.5595,3484599.9867
002385.SZ,3251380.3586,2157271.562
002386.SZ,398237.0787,398197.2252
002387.SZ,1887375.0035,1473580.7656
002388.SZ,373794.8172,296503.2
002389.SZ,1248802.7442,787612.085
002390.SZ,763590.7038,713780.0313
002391.SZ,544100.7803,377062.5261
002392.SZ,472624.8631,330220.1806
002393.SZ,455407.66,455407.66
002394.SZ,303319.848,290768.6756
002395.SZ,466147.242,466147.242
002396.SZ,1992485.4296,1915488.916
002397.SZ,507343.4382,321749.9675
002398.SZ,823392.7575,620706.2104
002399.SZ,2962104.047,2962104.047
002400.SZ,1985660.9888,1907549.5955
002401.SZ,467194.151,456182.553
002402.SZ,1329094.0253,1160527.263
002403.SZ,274651.508,247445.042
002404.SZ,352380.921,280030.1081
002405.SZ,3095346.6823,3014104.8529
002406.SZ,365217.6389,270628.4964
002407.SZ,737266.2785,624602.833
002408.SZ,1102404.9461,1076984.711
002409.SZ,2261039.3622,1137459.2266
002410.SZ,6608769.5709,5224631.4076
002411.SZ,1075663.3041,1001371.947
002412.SZ,359284.8,349544.055
002413.SZ,888090.5092,830811.4075
002414.SZ,4067184.1033,3187575.6764
002415.SZ,27334156.2858,23664046.6267
002416.SZ,905915.0002,893797.5999
002417.SZ,182520.0,155112.2337
002418.SZ,192051.6,162049.7259
002419.SZ,1140285.0,1139872.4359
002420.SZ,156791.0,153154.9217
002421.SZ,812716.4762,692235.6546
002422.SZ,3079702.3823,2263257.4083
002423.SZ,1993051.3224,435083.3891
002424.SZ,1171296.0,604072.6828
002425.SZ,659946.7344,659314.8291
002426.SZ,557525.8705,450525.3908
002427.SZ,306579.0861,305902.0223
002428.SZ,728228.8,718409.9071
002429.SZ,2331374.4126,2315595.2262
002430.SZ,1219259.1741,1201035.0686
002431.SZ,440147.6932,401294.8019
002432.SZ,440163.6217,440163.6217
002433.SZ,339680.5276,326456.9776
002434.SZ,1179200.0,1032932.5987
002435.SZ,457313.7174,443849.9831
002436.SZ,1870299.7325,1587036.9609
002437.SZ,679219.9916,672024.642
002438.SZ,373060.7278,348980.7068
002439.SZ,3556954.057,2720367.1501
002440.SZ,1063062.0,866071.6791
002441.SZ,460733.3588,333123.8559
002442.SZ,199680.0,199493.736
002443.SZ,337307.017,330977.8143
002444.SZ,1239760.5981,1166669.5345
002445.SZ,219523.7197,215868.9809
002446.SZ,636983.1969,480013.1641
002447.SZ,245477.196,232225.4646
002448.SZ,332231.4474,261144.8262
002449.SZ,734750.8768,722008.1583
002451.SZ,315345.6,303881.7736
002452.SZ,337227.8,261080.0722
002453.SZ,276509.2,276509.2
002454.SZ,303604.9128,301774.0124
002455.SZ,250216.9367,190669.2179
002456.SZ,4473267.2795,4428571.5853
002457.SZ,253253.952,252748.9047
002458.SZ,1527987.9815,964357.2045
002459.SZ,2003121.3274,576916.7335
002460.SZ,6727856.2157,4170072.7771
002461.SZ,2060608.8149,2060606.9994
002462.SZ,402555.8256,344619.4429
002463.SZ,4184164.3226,4095783.1485
002464.SZ,296379.2124,296341.5926
002465.SZ,2796359.0309,2580637.4103
002466.SZ,3345630.1025,3339640.9759
002467.SZ,903705.7085,775457.0606
002468.SZ,2910054.9176,2778500.0849
002469.SZ,225965.0192,208077.0276
002470.SZ,782074.6026,675100.6445
002471.SZ,277692.0,277054.7168
002472.SZ,343290.7,278017.1425
002473.SZ,127680.0,127680.0
002474.SZ,456072.6,343940.6569
002475.SZ,27718550.0748,27712362.951
002476.SZ,362916.0,362885.5346
002478.SZ,468476.525,292170.3604
002479.SZ,541332.792,537225.83
002480.SZ,429987.6235,357635.3218
002481.SZ,2032942.65,1810153.7078
002482.SZ,519600.5241,516901.9959
002483.SZ,416491.6209,296670.4645
002484.SZ,756023.9388,708367.8885
002485.SZ,288864.0,288847.7514
002486.SZ,326976.0,326969.2502
002487.SZ,321362.37,313826.5536
002488.SZ,547339.3266,445920.2373
002489.SZ,911633.5948,788332.526
002490.SZ,298395.3016,202564.197
002491.SZ,658530.7412,614138.6747
002492.SZ,234495.0,230518.2786
002493.SZ,8071491.2433,7462228.8314
002494.SZ,189310.3616,144854.8387
002495.SZ,255425.7888,194904.2285
002496.SZ,413072.4809,265528.0134
002497.SZ,811097.8013,715673.6915
002498.SZ,1736587.512,1736587.512
002499.SZ,67851.0,67845.3188
002500.SZ,1971621.4316,1971621.4316
002501.SZ,177365.9947,165721.6196
002502.SZ,251929.8601,221661.4919
002503.SZ,859716.5001,608843.5444
002504.SZ,263630.7344,106539.0855
002505.SZ,1485202.8335,1278091.7226
002506.SZ,1321304.868,1319224.3761
002507.SZ,2656187.116,2616391.3843
002508.SZ,3265591.7561,3216993.5874
002509.SZ,112162.1713,93979.5842
002510.SZ,414085.7394,357327.171
002511.SZ,2519615.7005,2448383.9996
002512.SZ,590669.9121,441094.6969
002513.SZ,143176.323,132362.1188
002514.SZ,239896.8363,175600.361
002515.SZ,650578.3312,564464.3404
002516.SZ,466255.8622,297511.2486
002517.SZ,736161.0308,547214.416
002518.SZ,710000.9353,679853.6476
002519.SZ,486618.1479,436623.0402
002520.SZ,520457.4208,380127.9406
002521.SZ,273066.5721,234014.4235
002522.SZ,603249.0717,569553.8986
002523.SZ,362660.0448,341105.9891
002524.SZ,458999.336,430962.2036
002526.SZ,417173.7576,395516.6147
002527.SZ,313824.4409,228768.8825
002528.SZ,548993.1876,478867.1226
002529.SZ,144560.0,144560.0
002530.SZ,915557.8556,749624.1958
002531.SZ,1054958.2949,1042284.413
002532.SZ,352156.0161,301600.9003
002533.SZ,383443.5966,270445.3394
002534.SZ,582490.4274,577596.1381
002535.SZ,112235.6304,79702.5254
002536.SZ,314447.0192,295895.5306
002537.SZ,704328.251,704328.251
002538.SZ,351884.3478,342281.683
002539.SZ,633332.7,379640.4512
002540.SZ,561574.039,395587.9504
002541.SZ,1150610.32,811845.7373
002542.SZ,639166.9968,475379.4478
002543.SZ,619418.8,525489.2194
002544.SZ,754474.9618,670562.1432
002545.SZ,956683.7418,793651.2601
002546.SZ,332785.5893,311028.3587
002547.SZ,846042.876,572212.5885
002548.SZ,397780.3607,358213.6446
002549.SZ,502702.2,499909.3496
002550.SZ,549109.275,390748.7358
002551.SZ,561006.3799,385423.8905
002552.SZ,454448.7896,297021.0329
002553.SZ,223068.0,150182.5828
002554.SZ,270914.93,194388.337
002555.SZ,7773086.245,4848386.1264
002556.SZ,712709.009,595477.0141
002557.SZ,2768220.0,2768220.0
002558.SZ,3411080.1854,3411080.1854
002559.SZ,324569.516,267864.0047
002560.SZ,345763.9042,201168.7707
002561.SZ,325958.192,311365.3217
002562.SZ,484393.2676,289495.2941
002563.SZ,1964534.2808,1340988.8798
002564.SZ,358182.6162,357811.99
002565.SZ,447386.2211,445673.2526
002566.SZ,228025.6524,159655.4824
002567.SZ,727816.5951,687797.0693
002568.SZ,2201884.0254,1477782.9606
002569.SZ,152190.87,151772.6468
002570.SZ,569543.64,569513.1443
002571.SZ,183040.9769,132738.8835
002572.SZ,2078378.9466,1451835.093
002573.SZ,607674.9202,606151.3972
002574.SZ,250272.0,250272.0
002575.SZ,206033.76,195770.5335
002576.SZ,155854.4,155207.9998
002577.SZ,347093.76,347075.355
002578.SZ,334963.6273,195434.3929
002579.SZ,553242.8742,492857.0377
002580.SZ,188530.1973,168493.9649
002581.SZ,1509475.0208,917010.1764
002582.SZ,593552.4682,429943.1151
002583.SZ,1320814.1255,757021.3492
002584.SZ,397947.167,263595.2626
002585.SZ,601264.6042,457493.5711
002586.SZ,234565.8614,181905.256
002587.SZ,375122.4358,259230.3099
002588.SZ,495146.352,316676.5884
002589.SZ,844142.5742,639454.2646
002590.SZ,332874.9666,301526.2385
002591.SZ,241350.5366,163390.1443
002592.SZ,266897.9499,231519.1127
002593.SZ,248894.05,165789.9274
002594.SZ,16909029.4153,7075798.1277
002595.SZ,1492000.0,982943.6509
002596.SZ,836486.2091,739833.426
002597.SZ,1267301.7295,1263368.4165
002598.SZ,196560.0,170167.8277
002599.SZ,263732.7873,181911.959
002600.SZ,7618906.4284,2069790.9381
002601.SZ,3515396.138,2491497.887
002602.SZ,8468316.2976,3525655.9474
002603.SZ,3300593.2835,2706318.2361
002605.SZ,1373605.0987,928100.0978
002606.SZ,303177.024,302674.824
002607.SZ,17207044.2953,2288737.3284
002608.SZ,2417971.0106,2417971.0106
002609.SZ,763037.0596,511863.1207
002610.SZ,601387.8792,587770.8594
002611.SZ,648953.3219,556685.3851
002612.SZ,445984.938,236091.1896
002613.SZ,327072.33,192463.3647
002614.SZ,512984.785,307058.9233
002615.SZ,192898.4194,105877.7093
002616.SZ,830909.1213,514535.8893
002617.SZ,767419.5645,540557.3146
002618.SZ,553399.2,553399.2
002619.SZ,437240.4067,336732.5194
002620.SZ,216197.73,177432.4458
002621.SZ,534850.8749,494364.6526
002622.SZ,270480.0,270472.5135
002623.SZ,607520.0,605901.0541
002624.SZ,6086089.7484,5461368.4837
002625.SZ,1596549.6057,863339.1771
002626.SZ,1510997.2031,1510776.6131
002627.SZ,315299.4673,261781.5736
002628.SZ,304124.2698,292318.5345
002629.SZ,119876.868,100224.891
002630.SZ,246787.2,203056.6486
002631.SZ,498592.3451,486553.935
002632.SZ,510922.0556,472210.3709
002633.SZ,117000.0,116546.625
002634.SZ,255399.9972,175701.0274
002635.SZ,1455468.8177,830621.441
002636.SZ,613704.0,609579.3881
002637.SZ,458607.8,404539.4453
002638.SZ,375115.3368,241904.3609
002639.SZ,500836.0659,395322.8959
002640.SZ,878735.3101,695732.1461
002641.SZ,781747.2,633559.7367
002642.SZ,398271.3484,332549.7075
002643.SZ,1483705.4069,1459639.0993
002644.SZ,411078.885,411078.885
002645.SZ,548419.1603,382121.9405
002646.SZ,446850.0,446668.281
002647.SZ,1855070.1215,1855070.1215
002648.SZ,1641186.9412,1597777.298
002649.SZ,469735.524,383850.1567
002650.SZ,566784.0,432646.2747
002651.SZ,507732.5,263042.1819
002652.SZ,175125.888,152920.6779
002653.SZ,2582108.0961,1140430.3651
002654.SZ,428234.8268,323237.9395
002655.SZ,423000.0,423000.0
002656.SZ,125403.4925,87041.8873
002657.SZ,472944.9371,392478.1476
002658.SZ,364753.7503,183459.4094
002659.SZ,294154.5223,294151.4248
002660.SZ,241957.0376,181171.0423
002661.SZ,710985.5611,701588.0405
002662.SZ,546000.0,531065.4804
002663.SZ,431013.7085,307731.9758
002664.SZ,507625.38,443840.9351
002665.SZ,660067.3916,586656.8601
002666.SZ,445054.2681,261036.3833
002667.SZ,152547.12,93445.1925
002668.SZ,500859.4797,390689.5645
002669.SZ,364094.7921,360943.7337
002670.SZ,1699004.3253,1424911.3539
002671.SZ,201732.7229,198595.8075
002672.SZ,879267.102,660418.451
002673.SZ,2836490.2137,2836490.2137
002674.SZ,270665.6172,267978.2515
002675.SZ,1508162.9329,1244589.219
002676.SZ,244080.0,244068.0787
002677.SZ,699673.9337,339345.6193
002678.SZ,987498.8748,986632.956
002679.SZ,248958.336,248958.336
002681.SZ,632385.6497,337619.1123
002682.SZ,235632.4409,231113.2514
002683.SZ,2614694.4784,2245227.3687
002684.SZ,311488.5396,240377.9547
002685.SZ,614691.291,484236.3817
002686.SZ,232158.0446,188008.6952
002687.SZ,189700.0,154887.34
002688.SZ,479008.3999,469951.4107
002689.SZ,381851.7254,380944.5457
002690.SZ,3092700.0,1500095.8304
002691.SZ,168980.0,168527.7802
002692.SZ,203953.464,192811.0506
002693.SZ,208575.0,207759.6628
002694.SZ,169603.8912,144496.0601
002695.SZ,1232108.1504,1099930.2024
002696.SZ,233390.4559,122182.3469
002697.SZ,1398080.0,1108415.3
002698.SZ,1230127.65,988556.7749
002699.SZ,532100.0441,417329.54
002700.SZ,161367.0682,120819.2962
002701.SZ,923867.3585,916655.959
002702.SZ,302398.04,200547.215
002703.SZ,341916.1278,239477.5572
002705.SZ,2671309.1257,2653452.2616
002706.SZ,1103732.3695,827143.7626
002707.SZ,592523.7756,369747.6367
002708.SZ,301946.5329,253323.4819
002709.SZ,1645003.3497,1625331.5412
002712.SZ,424277.8162,317545.5769
002713.SZ,335629.584,321067.4792
002714.SZ,26009968.9802,16410040.6398
002715.SZ,231288.0,218372.8379
002716.SZ,160399.8581,130662.0204
002717.SZ,723212.3837,501866.1217
002718.SZ,185604.3345,93747.9115
002719.SZ,119807.9464,111368.139
002721.SZ,323035.9256,246259.1465
002722.SZ,213367.3151,209440.8754
002723.SZ,327126.102,299777.1848
002724.SZ,450000.0,207476.6638
002725.SZ,260352.0,178478.1811
002726.SZ,843554.1881,828391.2495
002727.SZ,1698634.9233,947853.5957
002728.SZ,305477.9918,190775.3243
002729.SZ,230046.0,230046.0
002730.SZ,235552.02,209582.27
002731.SZ,193141.624,165600.8473
002732.SZ,356397.75,352177.5341
002733.SZ,775850.8667,721518.3494
002734.SZ,504026.1099,433586.2347
002735.SZ,292537.5215,155708.9636
002736.SZ,8905200.0,8905200.0
002737.SZ,815264.0,744613.0263
002738.SZ,438012.1262,334051.6959
002739.SZ,3597759.3665,3378285.6307
002740.SZ,239744.2487,127606.5125
002741.SZ,471539.7981,401924.1429
002742.SZ,281664.0,126325.8033
002743.SZ,216257.5408,215661.9621
002745.SZ,1666704.9447,954594.0455
002746.SZ,617638.4247,483672.5247
002747.SZ,902575.5263,782409.3802
002748.SZ,165360.0,165360.0
002749.SZ,545961.8202,348399.6755
002750.SZ,368059.5,365107.9716
002751.SZ,332283.818,253023.1929
002752.SZ,454916.5634,453219.8607
002753.SZ,314241.5315,167769.9758
002755.SZ,1715240.3286,278682.6559
002756.SZ,612000.0,367408.097
002757.SZ,477516.7575,387961.8933
002758.SZ,274029.3265,228679.4834
002759.SZ,271050.8302,271050.8302
002760.SZ,202928.0,167334.438
002761.SZ,973206.0882,219004.2
002762.SZ,199316.075,106521.6944
002763.SZ,296236.8,132242.2524
002765.SZ,207518.5683,107922.4216
002766.SZ,132430.7604,91895.3154
002767.SZ,195000.0,161318.625
002768.SZ,869627.5,566514.3064
002769.SZ,286708.2655,199436.7721
002770.SZ,324080.8679,178404.9341
002771.SZ,268917.5762,167777.6245
002772.SZ,326153.4622,226067.8167
002773.SZ,3381558.2556,2399279.1092
002774.SZ,237577.6512,234326.0784
002775.SZ,250739.7867,199730.3996
002776.SZ,427163.3502,427163.3502
002777.SZ,851229.0084,727331.9204
002778.SZ,257259.1265,257259.1265
002779.SZ,195756.0,175638.4006
002780.SZ,278769.0855,200587.5712
002781.SZ,318150.0,294371.6769
002782.SZ,545280.0,545280.0
002783.SZ,365217.0106,310517.8578
002785.SZ,312000.0,241212.8441
002786.SZ,301560.84,300374.34
002787.SZ,218342.4577,127511.8907
002788.SZ,263098.5042,255850.2971
002789.SZ,196707.0,118672.7959
002790.SZ,272007.45,164403.2
002791.SZ,2683572.84,1297369.9344
002792.SZ,831762.5724,419145.423
002793.SZ,1849937.3985,331488.1693
002795.SZ,278000.0,278000.0
002796.SZ,557128.6201,466742.9148
002797.SZ,2402646.4,2402646.4
002798.SZ,1372199.9498,775891.117
002799.SZ,317250.0,317250.0
002800.SZ,155259.72,148438.0013
002801.SZ,438891.52,216702.688
002802.SZ,225035.6805,123960.3406
002803.SZ,960402.7729,704668.8626
002805.SZ,172264.2795,114761.5324
002806.SZ,207433.5408,124341.9687
002807.SZ,851420.9459,845617.6936
002808.SZ,238156.8,151835.9872
002809.SZ,262752.0,166499.581
002810.SZ,538540.3968,525152.0064
002811.SZ,271357.3938,244745.5918
002812.SZ,5220413.3311,3377905.259
002813.SZ,246000.0,110698.8828
002815.SZ,1671694.5616,799657.4986
002816.SZ,307200.0,297345.196
002817.SZ,195813.531,128292.0912
002818.SZ,907037.3851,363572.4774
002819.SZ,393057.8988,204522.4778
002820.SZ,231628.8,229294.1005
002821.SZ,5086952.8861,4890627.9698
002822.SZ,623566.5037,567762.6731
002823.SZ,325841.9476,175003.4087
002824.SZ,414059.5397,210283.4001
002825.SZ,198693.1088,118319.483
002826.SZ,215622.36,149219.648
002827.SZ,268824.0,268816.9336
002828.SZ,192432.9569,142418.4654
002829.SZ,495505.1039,270645.1239
002830.SZ,162141.44,81064.64
002831.SZ,2325188.431,1129179.8398
002832.SZ,753612.243,490798.1862
002833.SZ,552156.8072,311952.0962
002835.SZ,235518.9049,124995.4951
002836.SZ,168320.0,168320.0
002837.SZ,878093.536,643496.9535
002838.SZ,1102230.47,1079969.3885
002839.SZ,970667.9968,713640.1936
002840.SZ,449807.3906,437394.6356
002841.SZ,6097660.3107,3580146.8697
002842.SZ,270917.8952,230963.6417
002843.SZ,174090.0,137470.5722
002845.SZ,418959.9419,246539.0525
002846.SZ,328891.2057,226870.1502
002847.SZ,1191400.0,1012036.0916
002848.SZ,200580.0,177562.8
002849.SZ,176245.0165,165107.4808
002850.SZ,1244250.0,770323.1441
002851.SZ,1344996.3277,946498.9739
002852.SZ,437835.0,312622.6301
002853.SZ,365673.891,224158.0304
002855.SZ,261537.016,252995.0519
002856.SZ,190073.304,115941.3394
002857.SZ,160512.0,115463.2814
002858.SZ,190743.2,144165.1738
002859.SZ,1081796.5298,1059648.6396
002860.SZ,313319.0023,207516.9255
002861.SZ,339261.076,192206.7989
002862.SZ,252480.0,135361.7868
002863.SZ,186404.1998,186404.1998
002864.SZ,246836.16,127967.048
002865.SZ,167448.5817,161530.7537
002866.SZ,352652.8019,151700.6648
002867.SZ,1495432.0146,1479645.6147
002868.SZ,234833.3297,234833.3297
002869.SZ,744440.6805,595266.1305
002870.SZ,222225.36,97227.36
002871.SZ,199828.064,72873.5056
002872.SZ,171084.0,115690.5882
002873.SZ,233489.424,233184.342
002875.SZ,181992.1566,175292.8091
002876.SZ,507936.0,378392.3054
002877.SZ,248051.6319,164383.9124
002878.SZ,498959.812,418274.3007
002879.SZ,309744.6546,179191.8994
002880.SZ,981558.0,312999.7604
002881.SZ,437752.346,109448.346
002882.SZ,407358.9,81161.25
002883.SZ,180677.5989,94225.0451
002884.SZ,403931.2288,268546.8512
002885.SZ,275040.0,103433.3989
002886.SZ,344865.6995,143965.3557
002887.SZ,394576.0,126607.3545
002888.SZ,269301.024,76845.024
002889.SZ,327852.7924,88318.8632
002890.SZ,240745.37,154494.9812
002891.SZ,632635.6124,340737.1236
002892.SZ,327160.24,103063.3024
002893.SZ,189302.802,99116.3175
002895.SZ,495265.59,108186.03
002896.SZ,175840.0,75281.5
002897.SZ,562534.912,222689.998
002898.SZ,212960.0,79644.4139
002899.SZ,160920.0,106390.2465
002900.SZ,365989.6578,138057.0918
002901.SZ,3794164.4232,378209.052
002902.SZ,414120.0,213789.45
002903.SZ,194550.0,85602.0
002905.SZ,406425.6,101606.4
002906.SZ,622126.5,265956.9721
002907.SZ,685047.0279,110831.6377
002908.SZ,263330.2787,158564.1298
002909.SZ,191718.2739,85153.615
002910.SZ,200214.63,77823.795
002911.SZ,874588.0,425952.4341
002912.SZ,1549467.68,752374.58
002913.SZ,867394.5796,218642.28
002915.SZ,352411.3335,89052.67
002916.SZ,7516145.28,2196731.1554
002917.SZ,270801.312,81101.472
002918.SZ,1276545.3574,437238.4211
002919.SZ,210684.1601,72934.7164
002920.SZ,2826450.0,628756.65
002921.SZ,157651.2,93267.3
002922.SZ,174886.0087,73913.7187
002923.SZ,332272.0995,110675.8346
002925.SZ,2555440.2152,925531.6469
002926.SZ,2703750.0,1831491.856
002927.SZ,283414.8499,118469.9734
002928.SZ,930561.75,316286.8557
002929.SZ,652526.2017,226433.6586
002930.SZ,547985.2586,221390.9363
002931.SZ,242553.52,74034.9318
002932.SZ,306291.6762,138102.1062
002933.SZ,407556.55,166234.6761
002935.SZ,467854.62,237189.6051
002936.SZ,2279943.7815,579745.7955
002937.SZ,424524.8,138330.3448
002938.SZ,11330633.86,1314516.1974
002939.SZ,3755120.4747,2013658.9265
002940.SZ,472500.0,222862.5
002941.SZ,983625.0,263443.75
002942.SZ,340080.0,110844.825
002943.SZ,243400.0,126190.4258
002945.SZ,3753000.0,1049156.8337
002946.SZ,1517897.5641,283265.1282
002947.SZ,679616.6719,272312.3531
002948.SZ,2245825.62,301316.0085
002949.SZ,330702.61,160521.424
002950.SZ,1415348.1846,499574.3788
002951.SZ,709155.0,125488.3322
002952.SZ,310602.6,196780.185
002953.SZ,396814.8474,121524.9248
002955.SZ,703215.5373,272422.1145
002956.SZ,617440.0,154360.0
002957.SZ,1004500.0,100450.0
002958.SZ,2483333.3335,1203408.7476
002959.SZ,1560000.0,390000.0
002960.SZ,542160.0,135540.0
002961.SZ,1208175.0,122175.0
002962.SZ,602380.8,150595.2
002963.SZ,380410.6229,95102.7
002965.SZ,561508.2,140395.68
002966.SZ,2760000.0006,276000.0006
002967.SZ,1411564.096,352901.696
002968.SZ,622753.88,155688.47
002969.SZ,748767.7577,74876.7966
002970.SZ,1031616.0,257904.0
002971.SZ,378080.0,94520.0
002972.SZ,419112.64,104778.16
002973.SZ,946047.9,94660.35
002975.SZ,933910.3148,233477.9148
002976.SZ,355600.0,88900.0
002977.SZ,575861.0,144166.6
002978.SZ,1397084.0,141450.4
002979.SZ,547664.0,136916.0
002980.SZ,778000.389,194500.389
002981.SZ,455904.0,113976.0
002982.SZ,1074834.0,270396.5
002983.SZ,637701.68,159425.42
002985.SZ,1456401.84,364100.46
002986.SZ,622916.64,155756.64
002987.SZ,823394.7078,205871.25
002988.SZ,472988.64,118291.1365
002990.SZ,1085411.52,271352.88
003816.SZ,14846591.6634,742329.7434
300001.SZ,2102877.7181,1981361.7145
300002.SZ,1431597.1483,1189748.9528
300003.SZ,6062964.8902,5156394.7665
300004.SZ,262076.5045,222179.4693
300005.SZ,329620.9154,263458.2089
300006.SZ,445920.4215,368570.9628
300007.SZ,410231.9284,332669.5218
300008.SZ,304325.1306,250399.0592
300009.SZ,1989370.265,1385101.7721
300010.SZ,1467468.6534,1229393.0384
300011.SZ,321782.6229,258137.3434
300012.SZ,2949209.4659,2677148.4881
300013.SZ,281859.5696,258099.3188
300014.SZ,7150051.9214,6902966.1817
300015.SZ,16346220.5011,13466463.2499
300016.SZ,457957.4448,375278.8319
300017.SZ,1935042.4052,1729983.2017
300018.SZ,276000.0306,223961.2272
300019.SZ,328585.6373,270542.3158
300020.SZ,677430.1258,634256.398
300021.SZ,358014.9485,291143.727
300022.SZ,161221.9211,145338.8311
300023.SZ,337285.9289,154084.2365
300024.SZ,2075118.6906,2013123.7039
300025.SZ,201409.3641,187574.0832
300026.SZ,1584006.4491,1402437.4306
300027.SZ,1209974.6048,959775.4593
300029.SZ,119000.0,119000.0
300030.SZ,263711.626,217238.5772
300031.SZ,820515.9882,670185.4621
300032.SZ,306810.7903,306810.7903
300033.SZ,6252825.6,3127431.885
300034.SZ,827301.7562,742444.4421
300035.SZ,584196.7258,390119.6135
300036.SZ,1051018.364,873916.5497
300037.SZ,1848568.1085,1155329.676
300038.SZ,976131.9935,671145.8142
300039.SZ,551242.0,482866.4988
300040.SZ,228128.8445,165207.8898
300041.SZ,629628.6573,476953.944
300042.SZ,332263.2,278221.7362
300043.SZ,496435.162,365024.8611
300044.SZ,576576.0723,397154.0172
300045.SZ,788983.3834,549231.9128
300046.SZ,449043.84,449043.84
300047.SZ,458538.4192,366928.1601
300048.SZ,449013.4749,439082.7791
300049.SZ,236221.6838,204779.4459
300050.SZ,291514.3262,194185.6799
300051.SZ,269885.6332,165973.769
300052.SZ,289596.23,286274.5248
300053.SZ,821525.108,688815.5941
300054.SZ,1308297.1786,956639.2177
300055.SZ,514784.9649,513543.9883
300056.SZ,216645.629,183867.5882
300057.SZ,341962.662,252621.7543
300058.SZ,2000303.3807,1863697.2584
300059.SZ,12668324.1668,10288904.9264
300061.SZ,359441.3409,261000.0384
300062.SZ,162932.0,100083.388
300063.SZ,532540.3865,425450.4908
300064.SZ,255561.0381,128398.8738
300065.SZ,396979.5129,329980.8288
300066.SZ,515856.498,494040.8565
300067.SZ,329396.7423,229358.7091
300068.SZ,935689.4383,877125.7462
300069.SZ,191997.0,151624.4157
300070.SZ,2522183.4854,1738421.1206
300071.SZ,167846.605,159641.7223
300072.SZ,968084.7644,877863.9703
300073.SZ,1297066.6358,1277490.6471
300074.SZ,248796.2896,229049.4291
300075.SZ,565736.0974,432634.8455
300076.SZ,203096.0,182599.0928
300077.SZ,414865.56,405522.1848
300078.SZ,1149361.9581,1035691.3612
300079.SZ,717764.0487,633523.9127
300080.SZ,975597.7866,241853.6823
300081.SZ,469892.1939,327352.4683
300082.SZ,414308.79,411873.8259
300083.SZ,748380.0866,644942.0754
300084.SZ,149289.1063,127943.8462
300085.SZ,985056.9058,578595.8802
300086.SZ,218250.0,211271.9146
300087.SZ,532748.6279,487733.7384
300088.SZ,2440112.15,2409002.002
300089.SZ,172699.4163,99757.3645
300091.SZ,446586.0273,358753.3047
300092.SZ,168604.072,121733.1031
300093.SZ,234576.0,214835.778
300094.SZ,353110.585,336030.321
300095.SZ,305998.37,218450.2522
300096.SZ,337120.0,295193.3099
300097.SZ,403103.8876,281975.0775
300098.SZ,1079483.839,807379.2466
300099.SZ,373040.4075,252144.6407
300100.SZ,235131.8072,196285.9145
300101.SZ,659405.445,650376.1508
300102.SZ,343145.1683,343137.8933
300103.SZ,283300.092,218758.8076
300104.SZ,490701.1436,487763.6192
300105.SZ,217090.368,217090.368
300106.SZ,148777.9462,148777.9462
300107.SZ,309435.2279,188393.0851
300108.SZ,193810.2701,129167.7254
300109.SZ,450358.1623,160919.4568
300110.SZ,466974.1279,465100.3814
300111.SZ,266512.4,265699.898
300112.SZ,211580.6276,156693.5666
300113.SZ,1576032.0348,1086056.051
300114.SZ,655744.1539,655744.1539
300115.SZ,1840647.31,1831899.7366
300116.SZ,693535.3969,607878.4051
300117.SZ,204276.6,203571.225
300118.SZ,1164557.0438,900259.9087
300119.SZ,739009.5569,445518.5339
300120.SZ,319752.5484,161768.4293
300121.SZ,274596.4088,263721.9259
300122.SZ,14260800.0,7805729.3198
300123.SZ,1161798.3389,666675.444
300124.SZ,5984735.3487,4774258.2678
300125.SZ,314617.4941,312575.4191
300126.SZ,182678.5176,126608.1799
300127.SZ,523820.2496,368153.2367
300128.SZ,356681.6243,349510.4184
300129.SZ,277593.1568,214936.2781
300130.SZ,643734.4731,455780.7672
300131.SZ,667384.4898,491596.5762
300132.SZ,985119.7496,877459.113
300133.SZ,1323777.9706,1044382.8016
300134.SZ,1112872.1087,1033006.1087
300135.SZ,210124.8,210124.8
300136.SZ,4652377.7567,3896307.7001
300137.SZ,373600.0689,319358.462
300138.SZ,621407.1863,492001.3941
300139.SZ,209884.0,168478.3488
300140.SZ,390501.0635,346693.751
300141.SZ,249073.11,161450.6585
300142.SZ,7284376.4302,6891400.3944
300143.SZ,725440.3169,681579.9651
300144.SZ,5140488.4826,4342322.2459
300145.SZ,615500.2355,560635.0256
300146.SZ,3038385.7037,1713958.3354
300147.SZ,621126.2786,611673.7214
300148.SZ,308401.0728,284856.22
300149.SZ,723177.1627,583932.7796
300150.SZ,258616.8754,220394.2452
300151.SZ,751237.5,429110.306
300152.SZ,172497.6,172426.6335
300153.SZ,170560.0,169146.1567
300154.SZ,242839.064,170180.584
300155.SZ,336889.7732,172259.3659
300157.SZ,200815.9385,199393.7262
300158.SZ,540287.5872,527121.5915
300159.SZ,594653.7206,557488.2711
300160.SZ,434807.2034,409392.4479
300161.SZ,375074.0112,364576.0105
300162.SZ,249899.6715,163875.6391
300163.SZ,192444.0,148361.2679
300164.SZ,213678.5202,150015.216
300165.SZ,242885.76,168009.5385
300166.SZ,1487116.217,1151791.7396
300167.SZ,142914.24,142914.24
300168.SZ,2370419.185,2353499.8874
300169.SZ,225907.1476,181982.5034
300170.SZ,815063.6178,673440.9427
300171.SZ,843228.3077,562693.0566
300172.SZ,252101.85,167637.752
300173.SZ,381017.327,294541.4466
300174.SZ,418118.4,413055.3158
300175.SZ,330972.4,330972.4
300176.SZ,226559.268,219486.0119
300177.SZ,681641.4266,509841.4296
300178.SZ,187418.5211,177687.2166
300179.SZ,288193.8064,196847.7859
300180.SZ,1385151.6483,833651.0455
300181.SZ,354828.2864,270398.5704
300182.SZ,1341554.5804,949215.1486
300183.SZ,700559.4174,400676.3508
300184.SZ,791722.3252,670947.6036
300185.SZ,637210.066,569053.8641
300187.SZ,301626.0772,296732.8644
300188.SZ,1608007.0,1190338.1625
300189.SZ,432128.0,406406.9937
300190.SZ,601946.847,559989.0516
300191.SZ,560640.0,362699.04
300192.SZ,507910.0397,294744.8152
300193.SZ,377134.5746,340772.9622
300194.SZ,621029.8634,465991.3998
300195.SZ,258356.2435,180390.28
300196.SZ,466259.1325,283357.241
300197.SZ,612392.1378,462819.0544
300198.SZ,428092.6441,353519.5681
300199.SZ,524482.2669,336056.6632
300200.SZ,425556.1169,335423.8188
300201.SZ,400754.7844,349989.2073
300202.SZ,575880.192,445030.2719
300203.SZ,787832.7934,786853.4809
300204.SZ,517925.5839,508273.3244
300205.SZ,439947.288,435786.5301
300206.SZ,880726.8748,515423.2304
300207.SZ,2592211.5668,2289435.7921
300208.SZ,437693.4,373638.8644
300209.SZ,521631.6883,322842.9352
300210.SZ,157855.7047,130497.9183
300211.SZ,203095.5779,199253.6191
300212.SZ,2694994.0414,2555597.7552
300213.SZ,368259.4329,270842.2943
300214.SZ,347888.9056,295705.5699
300215.SZ,482293.1017,349539.979
300217.SZ,310732.4643,214514.6123
300218.SZ,155796.666,155286.4509
300219.SZ,696616.4099,617652.0463
300220.SZ,682920.0,678321.3956
300221.SZ,207160.8943,193495.175
300222.SZ,632707.2651,404490.6841
300223.SZ,4562051.219,1282735.2494
300224.SZ,697184.0726,690083.2831
300225.SZ,312305.76,311154.8362
300226.SZ,1267620.208,1217958.3038
300227.SZ,422540.9978,296817.3479
300228.SZ,201387.9395,178964.8118
300229.SZ,824569.3545,802864.8123
300230.SZ,372189.9547,247491.9662
300231.SZ,391700.7949,317792.4301
300232.SZ,818528.3068,572637.8624
300233.SZ,1247472.0512,1165696.6258
300234.SZ,303274.483,187633.7143
300235.SZ,269536.7305,169530.2305
300236.SZ,1794757.0563,1763469.449
300237.SZ,324035.1697,320929.8341
300238.SZ,432734.104,420077.0366
300239.SZ,241508.7019,233307.1541
300240.SZ,202520.1015,200326.513
300241.SZ,306408.8638,243323.39
300242.SZ,574272.4777,533214.5735
300243.SZ,165413.8699,133681.8811
300244.SZ,1842761.1391,1348972.0636
300245.SZ,299978.8208,294718.0138
300246.SZ,312774.408,230701.025
300247.SZ,203422.1992,166629.2347
300248.SZ,550850.9068,364547.1347
300249.SZ,277793.5732,193968.8463
300250.SZ,286206.8625,197647.7535
300251.SZ,3558467.028,3376795.0743
300252.SZ,539090.9771,383772.6814
300253.SZ,3743859.4646,3028873.637
300254.SZ,139149.744,107710.5899
300255.SZ,514231.7829,374932.2775
300256.SZ,576677.7104,492871.8618
300257.SZ,1133418.0,1080212.2587
300258.SZ,449550.0,418447.2816
300259.SZ,648963.1928,384519.3371
300260.SZ,349356.2,220021.4796
300261.SZ,477801.4976,462449.1261
300262.SZ,269916.1006,184802.9842
300263.SZ,736469.7897,582313.9376
300264.SZ,200353.5,156379.6388
300265.SZ,362137.5,361348.0403
300266.SZ,528777.6973,523527.6646
300267.SZ,853918.4162,584913.4081
300268.SZ,167500.0,167271.9375
300269.SZ,212980.5292,151829.8746
300270.SZ,222865.2366,145755.3534
300271.SZ,2096760.6295,1729583.573
300272.SZ,236614.7331,152870.573
300273.SZ,576023.2126,436644.4711
300274.SZ,1735064.1044,1283130.2683
300275.SZ,200315.6,149284.1907
300276.SZ,718832.9179,328172.1963
300277.SZ,314230.0,313658.4063
300278.SZ,219763.4956,106614.0175
300279.SZ,249162.8089,242546.3026
300280.SZ,539678.9275,493884.5178
300281.SZ,304138.5191,232974.791
300282.SZ,216077.4147,214119.162
300283.SZ,172374.3216,98479.415
300284.SZ,731468.7029,499516.092
300285.SZ,2583680.7202,1917096.6146
300286.SZ,230926.7813,183259.8141
300287.SZ,598509.1779,471851.1196
300288.SZ,392349.9677,234948.6536
300289.SZ,224841.76,222885.758
300290.SZ,335397.0847,306505.4353
300291.SZ,410365.5104,349375.9054
300292.SZ,698618.0608,564230.042
300293.SZ,332100.0,332100.0
300294.SZ,1514470.3962,1514470.3962
300295.SZ,234810.8502,203941.3635
300296.SZ,1502841.1716,1088669.7386
300297.SZ,476176.1054,379965.5138
300298.SZ,1526349.7818,1187355.213
300299.SZ,494006.6429,431115.5932
300300.SZ,418677.6752,414216.0236
300301.SZ,207798.6062,158419.617
300302.SZ,533616.8078,285452.5717
300303.SZ,741253.467,662751.6972
300304.SZ,336021.975,327332.2168
300305.SZ,304056.909,244922.8709
300306.SZ,257911.8476,135591.2391
300307.SZ,352880.0,349018.2392
300308.SZ,4229069.2565,2364390.2741
300309.SZ,310143.3178,268380.8288
300310.SZ,511361.948,394410.0079
300311.SZ,489591.9511,367494.431
300312.SZ,160980.12,101351.8557
300313.SZ,153358.924,90232.0035
300314.SZ,303264.0,199150.5583
300315.SZ,1830969.5035,1747801.2817
300316.SZ,2892670.0477,2712085.8295
300317.SZ,253055.1466,233126.9955
300318.SZ,427238.9589,378932.4049
300319.SZ,724163.3328,683928.5087
300320.SZ,325868.9315,272609.3129
300321.SZ,174847.2,162919.5375
300322.SZ,670356.7128,613542.6379
300323.SZ,601780.9474,458421.4616
300324.SZ,1123682.3554,784079.0914
300325.SZ,306751.6409,303912.0726
300326.SZ,1860941.0811,1837253.4343
300327.SZ,872147.0928,869298.3345
300328.SZ,764989.3488,754344.2388
300329.SZ,178266.3041,176955.3504
300330.SZ,172704.0,172415.8937
300331.SZ,692839.6977,507021.7126
300332.SZ,385527.9762,365903.4638
300333.SZ,301728.0,297143.7702
300334.SZ,203894.1153,197541.394
300335.SZ,169847.4487,127482.6903
300336.SZ,419239.6998,383476.7492
300337.SZ,285206.24,245792.8894
300338.SZ,255063.7954,192420.1777
300339.SZ,756590.299,709946.1549
300340.SZ,229964.8765,186294.9349
300341.SZ,417313.6088,416887.7171
300342.SZ,816185.6741,786970.1656
300343.SZ,345482.9756,233121.3439
300344.SZ,206383.7834,128575.4999
300345.SZ,306700.3607,306700.3607
300346.SZ,1809443.5877,1637469.1592
300347.SZ,6197997.3985,4459570.8706
300348.SZ,1191034.9841,918905.9535
300349.SZ,651403.3782,575303.491
300350.SZ,179248.3868,115745.2095
300351.SZ,323793.7273,206802.0132
300352.SZ,1011977.2127,766030.1512
300353.SZ,595292.745,427714.3487
300354.SZ,156716.7877,87164.2245
300355.SZ,434749.604,354240.8825
300356.SZ,217413.1625,199191.1594
300357.SZ,3230513.28,2823270.8459
300358.SZ,370566.7915,362234.7155
300359.SZ,369048.1916,310523.8017
300360.SZ,421667.6373,331989.644
300363.SZ,1437195.4674,1175819.6359
300364.SZ,421103.9845,365885.5732
300365.SZ,622196.6212,352852.6978
300366.SZ,486683.5149,307696.3184
300367.SZ,468742.8263,328941.1493
300368.SZ,440449.1973,395412.093
300369.SZ,1641728.0287,1493333.4589
300370.SZ,255558.0738,192892.0327
300371.SZ,221943.199,143904.7117
300373.SZ,1296905.1051,1292705.0272
300374.SZ,262634.3759,182004.9555
300375.SZ,289763.6865,169364.7516
300376.SZ,1129754.7925,1124116.4721
300377.SZ,647104.2938,494000.7329
300378.SZ,343816.1265,342052.2558
300379.SZ,1153031.1071,953788.3866
300380.SZ,243681.12,214889.6868
300381.SZ,612086.561,599522.9813
300382.SZ,418910.5059,418867.5998
300383.SZ,3848590.963,3746138.074
300384.SZ,539382.9967,369878.4441
300385.SZ,223207.7744,150771.7268
300386.SZ,684756.072,359131.2543
300387.SZ,241607.9309,239339.2109
300388.SZ,621749.2536,514207.8826
300389.SZ,310208.2436,157521.1392
300390.SZ,709492.212,434213.3843
300391.SZ,437569.8039,435694.7152
300392.SZ,343296.0,231549.213
300393.SZ,625775.5324,424447.6982
300394.SZ,938817.0152,830880.7632
300395.SZ,896119.6116,715894.3757
300396.SZ,721818.45,653772.5675
300397.SZ,902400.0,579044.23
300398.SZ,1152788.7964,959802.8913
300399.SZ,321297.6,217973.8576
300400.SZ,341347.3262,255172.4055
300401.SZ,646559.9369,619204.0516
300402.SZ,178366.0,178366.0
300403.SZ,297279.0,187735.0163
300404.SZ,332607.6257,220260.8747
300405.SZ,128587.1722,75686.6215
300406.SZ,1051747.5285,692955.242
300407.SZ,246795.7607,168710.2434
300408.SZ,3651270.1687,3479050.8626
300409.SZ,529453.2816,363282.2457
300410.SZ,244025.7446,233213.5846
300411.SZ,420298.432,136236.4447
300412.SZ,191673.069,165102.0445
300413.SZ,9218794.752,4318556.8441
300414.SZ,376041.3536,348160.6555
300415.SZ,347328.0,328775.7531
300416.SZ,422595.1506,419462.5656
300417.SZ,257027.7134,141895.7024
300418.SZ,2689965.1625,2106761.5227
300419.SZ,198954.7896,198954.7896
300420.SZ,526417.7872,312656.427
300421.SZ,145479.2424,109547.6874
300422.SZ,391067.0533,362394.8071
300423.SZ,654593.0371,336448.4929
300424.SZ,332696.7828,266626.7965
300425.SZ,300756.6044,290393.8663
300426.SZ,270202.755,161385.9279
300427.SZ,586962.1551,415024.517
300428.SZ,962406.437,328750.7276
300429.SZ,1025354.2421,597618.0522
300430.SZ,191222.2539,163921.3354
300431.SZ,75461.1135,55682.3139
300432.SZ,671041.2812,649727.3514
300433.SZ,9157878.0188,9127190.8803
300434.SZ,304521.855,157725.6231
300435.SZ,365012.987,218656.4492
300436.SZ,439320.0,352685.7822
300437.SZ,221177.0403,135981.2078
300438.SZ,640646.7447,482928.6644
300439.SZ,540053.2977,322789.9233
300440.SZ,443968.0,437889.311
300441.SZ,620387.0844,580023.1179
300442.SZ,172400.0,171013.2575
300443.SZ,412552.4379,276328.9001
300444.SZ,231359.6536,125935.7561
300445.SZ,267327.7811,158624.4003
300446.SZ,175726.8,169607.7486
300447.SZ,288449.6317,168530.7007
300448.SZ,722783.5562,439483.0909
300449.SZ,282776.6062,229164.2935
300450.SZ,3973559.7852,3822302.9062
300451.SZ,1755430.1307,1317602.993
300452.SZ,423917.1474,334328.2488
300453.SZ,419277.18,234815.7693
300454.SZ,7193925.068,3700928.6798
300455.SZ,1035739.1316,722123.4842
300456.SZ,1717078.7015,916206.1983
300457.SZ,1726034.2465,1327200.5077
300458.SZ,1043738.1598,672870.854
300459.SZ,1034714.8652,662815.0562
300460.SZ,258973.9938,258973.9938
300461.SZ,199615.1456,102525.5316
300462.SZ,412300.4048,200889.7403
300463.SZ,2750593.1956,1926836.7519
300464.SZ,328403.6228,239749.3221
300465.SZ,544156.429,544156.429
300466.SZ,259736.9475,162984.1991
300467.SZ,348624.203,214544.7342
300468.SZ,612704.4511,606823.7031
300469.SZ,218674.3108,176672.1306
300470.SZ,562696.706,514020.078
300471.SZ,324236.08,241576.7995
300472.SZ,222511.6367,175937.6741
300473.SZ,291938.6702,289339.8722
300474.SZ,1895309.286,942863.581
300475.SZ,352380.0,258604.001
300476.SZ,1736725.2943,1693201.9205
300477.SZ,552262.8878,318023.927
300478.SZ,148967.448,147142.6911
300479.SZ,256978.0258,251985.8885
300480.SZ,354816.2416,221455.1135
300481.SZ,448054.7085,446979.3647
300482.SZ,2892220.8289,2034756.3281
300483.SZ,372124.3034,260733.6117
300484.SZ,208208.0,139220.7266
300485.SZ,848742.998,435303.8206
300486.SZ,538760.433,481000.741
300487.SZ,590742.8633,324070.4875
300488.SZ,280826.3813,84712.1049
300489.SZ,370260.0,291885.7541
300490.SZ,217308.9442,194736.7646
300491.SZ,197736.6487,150421.2633
300492.SZ,525241.6,375169.2923
300493.SZ,416958.2728,416958.2728
300494.SZ,371520.0,228975.7482
300495.SZ,736313.2009,503266.1579
300496.SZ,2425958.4896,1706793.947
300497.SZ,931316.5674,725922.9923
300498.SZ,14569470.6874,10978496.5678
300499.SZ,309654.5403,205749.0309
300500.SZ,242178.4982,219561.2714
300501.SZ,190653.2964,103778.1614
300502.SZ,1556563.2926,1125008.4382
300503.SZ,443022.9788,293353.8832
300504.SZ,689912.64,271952.64
300505.SZ,196679.3568,123235.5344
300506.SZ,363550.4057,222211.9551
300507.SZ,309661.002,190526.6247
300508.SZ,210552.192,95711.4421
300509.SZ,213408.0,118334.736
300510.SZ,407009.9776,345681.8734
300511.SZ,509429.9035,323785.6341
300512.SZ,285390.0,228819.3727
300513.SZ,416581.8538,320619.0294
300514.SZ,216800.0,165756.608
300515.SZ,198738.48,168932.4066
300516.SZ,527580.0,527580.0
300517.SZ,176971.604,101804.8891
300518.SZ,220095.72,141792.3737
300519.SZ,234880.0,167498.8
300520.SZ,454117.4183,359258.0774
300521.SZ,303984.0,303982.0051
300522.SZ,320281.8978,213659.4865
300523.SZ,914963.8303,896097.9451
300526.SZ,2152374.2114,2145215.9555
300527.SZ,778564.514,778564.514
300528.SZ,252628.2606,146462.1071
300529.SZ,4958659.3429,2858891.2797
300530.SZ,566803.503,344296.9071
300531.SZ,557589.7007,483280.0
300532.SZ,240121.1907,143888.6645
300533.SZ,519426.3048,327791.9209
300534.SZ,182613.69,180185.0823
300535.SZ,126857.6375,102216.3265
300536.SZ,242842.5741,181464.1298
300537.SZ,374473.513,228995.8171
300538.SZ,418867.5148,214010.0273
300539.SZ,148268.2987,76253.8035
300540.SZ,156386.34,108690.7673
300541.SZ,389158.7449,307627.4391
300542.SZ,337947.7481,236314.4431
300543.SZ,287988.7941,219628.3927
300545.SZ,434279.6406,219491.6777
300546.SZ,321856.694,196918.1247
300547.SZ,170271.3466,124460.6863
300548.SZ,795049.668,609642.1209
300549.SZ,158941.28,118684.46
300550.SZ,350751.1665,339922.8666
300551.SZ,349341.696,248512.8956
300552.SZ,722092.1443,380656.0755
300553.SZ,169296.0,99518.9783
300554.SZ,140493.6,75515.1059
300555.SZ,171200.0,147615.6301
300556.SZ,197679.0582,144497.1521
300557.SZ,149470.0299,148015.901
300558.SZ,4496814.0,4254320.4118
300559.SZ,870975.9276,644717.6232
300560.SZ,353657.232,353657.232
300561.SZ,386187.4827,204639.8205
300562.SZ,359850.7193,218670.2686
300563.SZ,290825.0714,151517.0611
300564.SZ,267800.0,66950.0
300565.SZ,245648.0,178898.2839
300566.SZ,405849.3075,290589.7307
300567.SZ,1774602.8719,1207083.3744
300568.SZ,824187.342,533263.9019
300569.SZ,351066.4254,227354.1254
300570.SZ,462293.568,386465.5442
300571.SZ,595327.8823,459892.9925
300572.SZ,1196558.3079,942303.9262
300573.SZ,1022791.44,751175.9772
300575.SZ,475994.676,280931.5375
300576.SZ,810600.0,398821.6173
300577.SZ,635286.0018,304213.3209
300578.SZ,644180.3396,448234.3914
300579.SZ,738540.0,714059.2782
300580.SZ,381400.0,354512.7303
300581.SZ,253002.48,253002.48
300582.SZ,229402.9562,154853.3699
300583.SZ,293818.2762,226806.1086
300584.SZ,290640.0,153447.4763
300585.SZ,243200.0,147695.36
300586.SZ,424080.0,268250.4788
300587.SZ,351251.229,277726.7286
300588.SZ,152074.806,98540.2798
300589.SZ,238299.165,111307.7923
300590.SZ,687947.4,484240.59
300591.SZ,195312.0,112337.1091
300592.SZ,137066.832,106568.532
300593.SZ,235621.4784,135236.7403
300594.SZ,244048.8915,61012.2915
300595.SZ,3541600.0467,2519544.1366
300596.SZ,649268.0001,387892.4815
300597.SZ,271440.0,200821.0838
300598.SZ,1795144.0,1795144.0
300599.SZ,434720.0,194650.0628
300600.SZ,290542.5911,197332.4518
300601.SZ,9273014.7606,5019260.1602
300602.SZ,1509093.8333,843338.7032
300603.SZ,863687.11,466283.5449
300604.SZ,957909.563,488530.7181
300605.SZ,215386.5111,134574.928
300606.SZ,211894.362,122453.9262
300607.SZ,1032877.5409,644162.8669
300608.SZ,263751.3142,203601.8113
300609.SZ,493283.9507,216046.4417
300610.SZ,178405.12,130758.3919
300611.SZ,144234.1433,86762.3536
300612.SZ,293706.0,180574.664
300613.SZ,800006.4,754119.9
300615.SZ,303724.7179,139532.8992
300616.SZ,1293397.686,839067.5267
300617.SZ,428386.0198,221549.3014
300618.SZ,1386842.7002,965216.9306
300619.SZ,148911.92,108802.5103
300620.SZ,366768.22,361186.126
300621.SZ,234953.932,223324.1143
300622.SZ,217083.1282,131622.9676
300623.SZ,1199507.7942,877562.1869
300624.SZ,753669.884,461714.6315
300625.SZ,398720.0,197075.622
300626.SZ,172800.0,112722.12
300627.SZ,680669.1358,523932.0071
300628.SZ,5618400.912,2988796.3411
300629.SZ,320398.1667,159575.1105
300630.SZ,2092558.3129,1477605.1305
300631.SZ,206885.84,201404.21
300632.SZ,355151.6987,193675.7134
300633.SZ,1326429.44,1307632.69
300634.SZ,954823.87,479512.495
300635.SZ,409647.61,249708.7989
300636.SZ,463816.8496,390169.624
300637.SZ,246498.21,243268.6043
300638.SZ,1328083.6683,687928.4532
300639.SZ,864688.9359,650305.6704
300640.SZ,218345.486,107754.3934
300641.SZ,237945.6,147377.556
300642.SZ,439284.1024,358285.0064
300643.SZ,300000.0,300000.0
300644.SZ,207552.0,134047.4008
300645.SZ,199246.6672,199246.6672
300647.SZ,281602.4729,170420.0873
300648.SZ,207974.4,121161.2206
300649.SZ,218624.0,123194.624
300650.SZ,166072.9252,81036.6557
300651.SZ,398342.5373,212564.1056
300652.SZ,165704.0,148926.47
300653.SZ,749400.0,749400.0
300654.SZ,170410.425,79763.9933
300655.SZ,871840.2647,547022.5992
300656.SZ,220413.6,148995.1428
300657.SZ,622986.8354,517670.4665
300658.SZ,410584.225,142929.6
300659.SZ,1173653.2232,606637.1174
300660.SZ,445860.8462,210916.1568
300661.SZ,3761356.8014,2453531.9072
300662.SZ,797870.199,396590.0123
300663.SZ,667544.6966,504409.7162
300664.SZ,627821.0526,427169.609
300665.SZ,118803.2,71441.7113
300666.SZ,1197711.0,513838.3094
300667.SZ,350792.0795,152986.3253
300668.SZ,162400.2675,68766.9989
300669.SZ,370580.1636,115407.8725
300670.SZ,207224.1542,92102.4
300671.SZ,397008.22,219996.2839
300672.SZ,899228.9298,548093.7395
300673.SZ,638411.394,174772.43
300674.SZ,1584839.62,1093905.0898
300675.SZ,193160.0439,106238.0439
300676.SZ,4919229.5,3006138.9221
300677.SZ,1758064.509,1063435.8016
300678.SZ,391140.0,232786.971
300679.SZ,939837.6,446459.4695
300680.SZ,247060.0708,138397.7713
300681.SZ,280324.8,70081.2
300682.SZ,1705604.2979,430992.3725
300683.SZ,531451.6157,241211.4257
300684.SZ,797991.5664,329644.6703
300685.SZ,1315377.735,820369.2
300686.SZ,456159.184,200043.6011
300687.SZ,400188.0083,173668.3888
300688.SZ,222196.8,119393.7418
300689.SZ,247452.0,69286.56
300690.SZ,260904.9586,125973.08
300691.SZ,354476.9088,156008.16
300692.SZ,199635.4732,123279.4732
300693.SZ,251804.6054,129573.6648
300694.SZ,264409.2478,158460.0787
300695.SZ,501616.3371,125466.3371
300696.SZ,508328.4,213078.5343
300697.SZ,271856.0,67964.0
300698.SZ,253394.0,110549.9325
300699.SZ,3044787.9,1894941.0044
300700.SZ,139511.8614,75933.0985
300701.SZ,376920.0,119403.5445
300702.SZ,1696136.8965,511085.6094
300703.SZ,211758.464,134415.0
300705.SZ,264249.68,111540.7042
300706.SZ,495472.32,216904.5733
300707.SZ,262052.4,128682.7014
300708.SZ,367119.104,128761.7028
300709.SZ,1039279.2631,663317.2632
300710.SZ,171466.386,83776.476
300711.SZ,246748.1153,78117.9912
300712.SZ,254945.6,109898.9416
300713.SZ,177862.5,79637.4537
300715.SZ,647910.3325,297064.2764
300716.SZ,138577.32,82070.82
300717.SZ,151552.0,62894.08
300718.SZ,324324.0,81081.0
300719.SZ,280178.2655,145337.2898
300720.SZ,173664.0,66964.8384
300721.SZ,170165.952,88691.2351
300722.SZ,228446.4,57111.6
300723.SZ,642959.772,180067.6746
300724.SZ,2356791.14,1247303.8523
300725.SZ,1476708.1207,988772.7336
300726.SZ,1063465.8,292988.0175
300727.SZ,182960.96,56144.27
300729.SZ,247124.9414,71266.8007
300730.SZ,207622.7722,110861.6399
300731.SZ,428292.2562,282029.6234
300732.SZ,311128.5689,199259.8963
300733.SZ,159200.0,67498.3244
300735.SZ,1424528.2397,423819.1564
300736.SZ,117515.016,71979.6789
300737.SZ,1102410.6104,545169.3036
300738.SZ,928270.4861,476125.1309
300739.SZ,534164.4,135275.4
300740.SZ,585987.6443,315308.2038
300741.SZ,1993603.56,375094.3346
300742.SZ,174188.3268,95287.1219
300743.SZ,153124.92,85654.271
300745.SZ,210130.1659,117840.975
300746.SZ,282624.3867,84776.05
300747.SZ,1920384.0,982941.1889
300748.SZ,1500316.3783,936003.2493
300749.SZ,264258.1872,111112.7976
300750.SZ,33980723.7569,18515068.1114
300751.SZ,1305200.0,725864.0888
300752.SZ,278783.1682,76974.2957
300753.SZ,389593.36,173229.3272
300755.SZ,1424616.9312,407136.2731
300756.SZ,211070.034,68334.4227
300757.SZ,404560.0,213435.742
300758.SZ,310310.784,193763.749
300759.SZ,6224820.1522,2219416.5228
300760.SZ,33131234.0723,13602906.0968
300761.SZ,1616327.76,478083.9225
300762.SZ,699873.28,354312.0813
300763.SZ,707930.2427,282456.4457
300765.SZ,870660.0,217665.0
300766.SZ,1174293.5,908391.6983
300767.SZ,819440.0,488062.5612
300768.SZ,1681242.03,602403.7172
300769.SZ,698481.9972,383731.9862
300770.SZ,2306217.0343,1412666.8495
300771.SZ,586720.0,270969.298
300772.SZ,395082.24,171433.08
300773.SZ,2703267.58,1294182.7209
300775.SZ,1061856.5,565752.0
300776.SZ,816143.0514,350628.0444
300777.SZ,1312432.81,860470.8866
300778.SZ,255000.0,117550.155
300779.SZ,191900.0,132695.3709
300780.SZ,255352.47,96185.027
300781.SZ,264952.8103,66238.2026
300782.SZ,6152500.0,1538125.0
300783.SZ,3355167.0,343047.0
300785.SZ,949760.0119,237440.0119
300786.SZ,247007.04,61751.76
300787.SZ,495911.4,123977.85
300788.SZ,884204.5448,221051.1374
300789.SZ,267665.6401,66941.5
300790.SZ,533625.3455,133445.736
300791.SZ,600120.0,150030.0
300792.SZ,2566932.309,640620.0
300793.SZ,650052.0,162552.0
300795.SZ,224968.344,56242.086
300796.SZ,245934.5,61509.0
300797.SZ,389425.8,97356.45
300798.SZ,617432.9407,61750.84
300799.SZ,551276.0,137819.0
300800.SZ,532000.0,133000.0
300801.SZ,439992.0,109998.0
300802.SZ,509120.0,127280.0
300803.SZ,2194694.9946,308341.1
300805.SZ,1049610.4,104978.4
300806.SZ,525891.7944,131474.21
300807.SZ,261565.605,65535.0
300808.SZ,332800.0,83200.0
300809.SZ,320587.56,80146.89
300810.SZ,388227.1,97180.1
300811.SZ,358560.0,89640.0
300812.SZ,410036.8031,102520.2
300813.SZ,312183.79,78091.0
300815.SZ,1598381.6,399595.4
300816.SZ,703200.0,175800.0
300817.SZ,268830.24,67223.52
300818.SZ,234710.0,58677.5
300819.SZ,243999.91,61006.11
300820.SZ,527780.55,131986.8
300821.SZ,1354800.0,338700.0
300822.SZ,443853.87,110973.87
300823.SZ,287974.8821,72025.2
300825.SZ,594811.9139,148703.59
300826.SZ,303440.0,75860.0
300827.SZ,321934.504,80484.504
300828.SZ,305475.6,76368.9
300829.SZ,652614.5518,163574.0
300830.SZ,721319.625,144263.925
300831.SZ,780160.0,195040.0
300832.SZ,5944738.8,595051.6
300833.SZ,585060.726,146266.916
300835.SZ,580695.39,145194.39
300836.SZ,336318.0562,84079.514
300837.SZ,306100.0,76525.0
300838.SZ,232732.38,58183.095
600000.SH,31348021.864,30014819.8441
600004.SH,3401962.925,3401962.925
600006.SH,826000.0,826000.0
600007.SH,1333642.075,1333642.075
600008.SH,1728376.2549,1728376.2549
600009.SH,14631395.4957,8302766.2824
600010.SH,4968768.5586,3452816.063
600011.SH,6828670.6112,4784003.8148
600012.SH,867453.03,609608.8
600015.SH,9817048.9012,8180874.0846
600016.SH,25306237.8942,20497107.2171
600017.SH,787367.3953,787367.3953
600018.SH,9848811.7263,9848811.7263
600019.SH,10200249.9613,10147440.0423
600020.SH,822538.0905,822538.0905
600021.SH,1936701.5058,1736962.2657
600022.SH,1379265.2516,1379265.2516
600023.SH,4882647.7057,4882647.7057
600025.SH,6678000.0,3312288.0
600026.SH,3276732.0169,1882390.6084
600027.SH,3540808.6184,2511471.756
600028.SH,51939548.9381,40994283.7787
600029.SH,7364996.4605,4639789.6865
600030.SH,30106461.3715,22858347.0993
600031.SH,16229965.4939,16220090.4543
600033.SH,743732.4,743732.4
600035.SH,521421.6149,498003.024
600036.SH,89606111.4204,73294639.5562
600037.SH,1817661.9165,1817661.9165
600038.SH,2433949.3604,2433949.3604
600039.SH,1500656.8316,1400114.4941
600048.SH,17839349.3672,17839349.3672
600050.SH,15667881.3819,10857454.9515
600051.SH,260828.32,260828.32
600052.SH,289433.9785,289433.9785
600053.SH,1126772.5392,1126772.5392
600054.SH,615596.2474,433225.2
600055.SH,858275.3078,858275.3078
600056.SH,1469167.6093,1468648.7723
600057.SH,1270740.4561,1270740.4561
600058.SH,663512.7301,663512.7301
600059.SH,747076.3285,747076.3285
600060.SH,1673547.4829,1673547.4829
600061.SH,5131735.4886,5067031.9582
600062.SH,1333257.7934,1333257.7934
600063.SH,656730.09,656730.09
600064.SH,1161799.4747,1161799.4747
600066.SH,2630159.7969,2630159.7969
600067.SH,516270.3109,516270.3109
600068.SH,2785890.3343,2785890.3343
600069.SH,149392.7136,149392.7136
600070.SH,514116.9262,514116.9262
600071.SH,267495.1946,225598.8332
600072.SH,823127.3692,823127.3692
600073.SH,912410.7763,912410.7763
600075.SH,652669.3142,466810.729
600076.SH,350615.5397,350615.5397
600077.SH,375234.2513,375234.2513
600078.SH,321347.8376,321347.8376
600079.SH,3399151.5023,3229269.1947
600080.SH,156026.9791,127613.6745
600081.SH,327670.2,327670.2
600082.SH,220325.4967,216292.8157
600083.SH,84180.0,83445.5573
600084.SH,267446.9855,267446.9855
600085.SH,3620681.4917,3620681.4917
600086.SH,224100.0,175436.2727
600088.SH,499916.9448,499916.9448
600089.SH,2622304.829,2622304.829
600090.SH,439097.1982,439097.1982
600091.SH,158343.3337,158343.3337
600093.SH,1304283.995,1304283.995
600094.SH,1487670.3593,1368239.5822
600095.SH,368488.8363,368488.8363
600096.SH,685341.6743,632940.6071
600097.SH,231540.0332,217448.3847
600098.SH,1540301.0553,1540301.0553
600099.SH,143304.48,143304.48
600100.SH,2196249.1227,2196249.1227
600101.SH,256231.0634,256231.0634
600103.SH,442717.0189,442717.0189
600104.SH,21380734.298,21380734.298
600105.SH,514395.1992,511448.4236
600106.SH,340230.4159,340230.4159
600107.SH,268920.0,268920.0
600108.SH,648322.7353,648322.7353
600109.SH,3205820.8686,3205820.8686
600110.SH,509588.259,509588.259
600111.SH,3487743.36,3487743.36
600112.SH,105914.608,105914.608
600113.SH,284710.3627,284710.3627
600114.SH,644194.9703,637618.8271
600115.SH,7616471.7794,4560945.8421
600116.SH,1548380.9088,832138.6107
600117.SH,311445.2391,311445.2391
600118.SH,3814709.9495,3814709.9495
600119.SH,213950.4,213950.4
600120.SH,1452617.442,1104968.5396
600121.SH,225406.227,225406.227
600122.SH,136674.4853,136674.4853
600123.SH,560918.4,560918.4
600125.SH,719342.5526,719342.5526
600126.SH,3258987.4651,3258987.4651
600127.SH,608410.4907,608410.4907
600128.SH,165334.225,165334.225
600129.SH,793569.3102,775044.7748
600130.SH,317184.0,317184.0
600131.SH,2291571.3408,781482.1707
600132.SH,2855914.0394,2855914.0394
600133.SH,467735.8614,407584.4451
600135.SH,370715.7563,249904.4625
600136.SH,530249.0911,441602.1427
600137.SH,158659.1036,158659.1036
600138.SH,738316.8,738316.8
600139.SH,194595.8094,194595.8094
600141.SH,943724.2866,652986.9986
600143.SH,3392034.2481,3392034.2481
600146.SH,220415.93,220415.93
600148.SH,188216.8785,188216.8785
600149.SH,187799.04,187799.04
600150.SH,7595357.0309,2479233.5588
600151.SH,719994.6481,719994.6481
600152.SH,255919.4129,182566.7075
600153.SH,2475130.0627,2475130.0627
600155.SH,2012667.0417,2012667.0417
600156.SH,166071.7199,166071.7199
600157.SH,1503521.2344,1503521.2344
600158.SH,724768.6854,564788.5417
600159.SH,207500.808,207500.808
600160.SH,1814229.3664,1814229.3664
600161.SH,4287049.2755,4287049.2755
600162.SH,679156.2848,679156.2848
600163.SH,579430.9249,342816.5739
600165.SH,317786.0716,317786.0716
600166.SH,1229560.9128,1229560.9128
600167.SH,3381840.5841,3381840.5841
600168.SH,535725.1175,535725.1175
600169.SH,494843.315,494843.315
600170.SH,2760363.2957,2760363.2957
600171.SH,1231508.7029,1178489.795
600172.SH,421117.867,357472.9075
600173.SH,320411.0375,319810.5395
600176.SH,3460279.1668,3460279.1668
600177.SH,2856094.8343,2856094.8343
600178.SH,207936.0,207936.0
600179.SH,618583.6446,280234.0033
600180.SH,643430.2347,643430.2347
600182.SH,481440.0,240720.0
600183.SH,6293669.0551,6293669.0551
600184.SH,485866.5888,485866.5888
600185.SH,2463004.2589,2463004.2589
600186.SH,369819.6199,369819.6199
600187.SH,368827.5335,368827.5335
600188.SH,4292278.6,2598774.201
600189.SH,231550.5853,154074.0969
600190.SH,612701.199,544522.2662
600191.SH,282230.424,282230.424
600192.SH,216456.52,216456.52
600193.SH,168873.081,168873.081
600195.SH,1275775.649,1275775.649
600196.SH,8011620.8517,6286254.8487
600197.SH,668017.1393,668017.1393
600198.SH,1107928.2408,1105851.1472
600199.SH,359157.0659,331132.2875
600200.SH,456641.2413,456641.2413
600201.SH,2759288.5905,2759288.5905
600202.SH,163686.4669,163686.4669
600203.SH,453251.9902,453251.9902
600206.SH,1136165.2907,1129263.1163
600207.SH,372796.9808,372796.9808
600208.SH,2597001.7479,2596647.9201
600209.SH,212481.4058,212481.4058
600210.SH,664330.4372,664330.4372
600211.SH,1252829.9207,1252829.9207
600212.SH,179605.7218,179605.7218
600213.SH,157960.0,157960.0
600215.SH,273439.3334,273439.3334
600216.SH,1668706.312,1668698.9205
600217.SH,720714.4269,720714.4269
600218.SH,350317.25,350317.25
600219.SH,2473749.6746,2473749.6746
600220.SH,472585.1864,472585.1864
600221.SH,2857040.4561,2794120.4638
600222.SH,316785.2282,316785.2282
600223.SH,789763.752,789763.752
600225.SH,161840.2224,161388.4742
600227.SH,484236.3815,365559.3504
600228.SH,241802.64,241802.64
600229.SH,527274.1035,527274.1035
600230.SH,366970.3803,366970.3803
600231.SH,601324.9552,601324.9552
600232.SH,233784.5867,233784.5867
600233.SH,5018828.1486,5008024.0121
600234.SH,188477.1143,188477.1143
600235.SH,165111.0,165111.0
600236.SH,3460363.8551,3460363.8551
600237.SH,212202.9564,212202.9564
600238.SH,241579.8,239855.8516
600239.SH,658331.6327,658331.6327
600241.SH,99474.1149,85029.6703
600242.SH,320578.9156,289673.7707
600243.SH,113223.3,113223.3
600246.SH,1805474.1765,1805474.1765
600247.SH,63587.4624,63587.4624
600248.SH,392883.7436,281060.7794
600249.SH,265100.0,265100.0
600250.SH,185424.5458,154439.3986
600251.SH,525844.1454,525844.1454
600252.SH,1129409.8228,1129409.8228
600255.SH,192885.6975,192885.6975
600256.SH,1834269.5619,1823588.8506
600257.SH,179020.2339,179020.2339
600258.SH,1667276.3599,1652368.5178
600259.SH,934983.4975,934983.4975
600260.SH,1377984.5949,1306768.847
600261.SH,522757.0548,522757.0548
600262.SH,289000.0,289000.0
600265.SH,259859.6,259859.6
600266.SH,1175280.0,1175280.0
600267.SH,1391331.3843,1391331.3843
600268.SH,593756.4671,542500.4546
600269.SH,831404.897,831404.897
600271.SH,3104835.9847,3088632.8447
600272.SH,188082.0,123840.0
600273.SH,1247908.303,1231361.1216
600275.SH,110926.5179,110926.5179
600276.SH,44030107.5793,43938737.5305
600277.SH,912067.0696,912067.0696
600278.SH,486729.3007,486729.3007
600279.SH,436766.7921,255008.7545
600280.SH,173398.5657,173398.5657
600281.SH,209876.0262,209876.0262
600282.SH,1228495.6529,1228495.6529
600283.SH,338875.9277,338875.9277
600284.SH,611261.28,611261.28
600285.SH,502510.9579,502510.9579
600287.SH,247663.374,247663.374
600288.SH,511056.0,511056.0
600289.SH,336981.8048,302202.7133
600290.SH,91188.4213,91188.4213
600291.SH,981571.8114,981571.8114
600292.SH,385723.5437,385723.5437
600293.SH,299317.4219,299317.4219
600295.SH,1013842.419,434520.0
600297.SH,2716951.0863,2716951.0863
600298.SH,3570742.726,3570742.726
600299.SH,3341648.9862,3341648.9862
600300.SH,525008.0,525008.0
600301.SH,158489.8464,158489.8464
600302.SH,141518.0098,141518.0098
600303.SH,233759.057,233759.057
600305.SH,1744140.5396,1744140.5396
600306.SH,77846.7072,77548.0518
600307.SH,958293.6859,958293.6859
600308.SH,516062.1472,516062.1472
600309.SH,15541745.7987,7047594.279
600310.SH,335248.875,335248.875
600311.SH,110489.6,110489.6
600312.SH,1035330.9588,1035330.9588
600313.SH,390673.7173,368002.3556
600315.SH,2738022.4724,2738022.4724
600316.SH,983163.996,983163.996
600317.SH,1417583.2777,1417583.2777
600318.SH,441493.4089,433620.1502
600319.SH,153694.278,153694.278
600320.SH,1596311.1108,1006565.2913
600321.SH,308152.2,308152.2
600322.SH,272002.2,272002.2
600323.SH,1730224.1526,1730224.1526
600325.SH,1465115.9743,1460681.6383
600326.SH,600576.8499,600576.8499
600327.SH,348603.1301,348603.1301
600328.SH,695264.4938,318010.559
600329.SH,1283625.9092,939906.8742
600330.SH,1043404.3193,1043404.3193
600331.SH,447040.0,447040.0
600332.SH,5366735.9226,4640846.0226
600333.SH,235085.844,204433.2459
600335.SH,719696.4234,508689.9975
600336.SH,495493.6268,481587.0268
600337.SH,899623.6699,877982.0886
600338.SH,773421.8021,773421.8021
600339.SH,1328789.0981,1328789.0981
600340.SH,6794959.7248,6718147.6598
600343.SH,520776.38,520776.38
600345.SH,413820.0,413820.0
600346.SH,10368593.9848,6822841.1521
600348.SH,1010100.0,1010100.0
600350.SH,2963678.1679,2963678.1679
600351.SH,385770.0115,385770.0115
600352.SH,4255358.0729,4255358.0729
600353.SH,324057.12,324057.12
600354.SH,250705.988,250705.988
600355.SH,150087.206,150087.206
600356.SH,199253.8291,199253.8291
600358.SH,172183.4011,172183.4011
600359.SH,343743.0508,343743.0508
600360.SH,884925.6571,881551.0891
600361.SH,306271.6423,306271.6423
600362.SH,4709311.9908,2822336.4708
600363.SH,593371.8915,593371.8915
600365.SH,142400.0,142400.0
600366.SH,596435.5738,596435.5738
600367.SH,207141.275,202384.0
600368.SH,399599.3841,399599.3841
600369.SH,2574169.7605,2574169.7605
600370.SH,229606.3382,229606.3382
600371.SH,339615.54,339615.54
600372.SH,2348966.8375,2348966.8375
600373.SH,1609815.6982,1609815.6982
600375.SH,419584.1507,419584.1507
600376.SH,1619966.972,1619966.972
600377.SH,5088124.975,3837764.4892
600378.SH,1717036.2182,569125.1542
600379.SH,202743.7603,202743.7603
600380.SH,3002977.8875,3002977.8875
600381.SH,269460.8801,269460.8801
600382.SH,396287.5237,396287.5237
600383.SH,6230125.3294,6230125.3294
600385.SH,97898.8248,94373.4911
600386.SH,293529.6,293529.6
600387.SH,401951.8433,330679.944
600388.SH,937556.85,937556.85
600389.SH,574695.0,574695.0
600390.SH,3090170.9703,3090170.9703
600391.SH,601825.836,601825.836
600392.SH,1323395.9685,1323395.9685
600393.SH,740584.378,288556.0212
600395.SH,877177.4863,877177.4863
600396.SH,368176.7043,368176.7043
600397.SH,208881.5351,208881.5351
600398.SH,2727149.7517,2727149.7517
600399.SH,844058.8,844058.8
600400.SH,861307.3501,861307.3501
600403.SH,886991.4011,886991.4011
600405.SH,267652.7291,264465.6641
600406.SH,8772443.6726,5570438.097
600408.SH,187264.8,187264.8
600409.SH,926892.9022,914757.767
600410.SH,1530549.5325,1530549.5325
600415.SH,2835914.5857,2835914.5857
600416.SH,1255122.1493,1255122.1493
600418.SH,1804326.4475,1804326.4475
600419.SH,398064.2174,398064.2174
600420.SH,939655.9231,939655.9231
600421.SH,234720.0,234720.0
600422.SH,751055.4707,750063.8318
600423.SH,217245.0471,217245.0471
600425.SH,557031.1947,557031.1947
600426.SH,3058120.33,3046219.93
600428.SH,663315.0882,663315.0882
600429.SH,801193.2229,801193.2229
600433.SH,392836.4719,392836.4719
600435.SH,1137840.48,1137840.48
600436.SH,9321250.8945,9321250.8945
600438.SH,6358889.9794,6358889.9794
600439.SH,375819.1661,375819.1661
600444.SH,145689.8223,145689.8223
600446.SH,1546211.5497,1533219.2397
600448.SH,265049.1076,259922.2042
600449.SH,598682.6646,598682.6646
600452.SH,629081.6,629081.6
600455.SH,145214.85,145214.85
600456.SH,1110085.506,1110085.506
600458.SH,545099.9452,545099.9452
600459.SH,1015920.2935,1015920.2935
600460.SH,1927418.511,1927418.511
600461.SH,624757.2733,520342.1989
600462.SH,93945.28,93945.28
600463.SH,193800.0,193800.0
600466.SH,1571422.5042,1571422.5042
600467.SH,391546.4735,391546.4735
600468.SH,534022.0381,534022.0381
600469.SH,265459.0408,265459.0408
600470.SH,142918.4,142918.4
600475.SH,653929.4947,145665.1341
600476.SH,212290.26,212290.26
600477.SH,820573.9536,820518.7078
600478.SH,730750.3726,709026.1243
600479.SH,402185.3394,402185.3394
600480.SH,591810.7001,588410.6977
600481.SH,471552.7127,468649.6727
600482.SH,3491661.4963,1405642.9659
600483.SH,1165427.8935,1165427.8935
600486.SH,2545199.7232,2545199.7232
600487.SH,3239604.5207,3088632.6656
600488.SH,492105.286,436530.7084
600489.SH,4057636.1355,3016293.9032
600490.SH,709045.4653,537185.353
600491.SH,1317121.5993,1317121.5993
600493.SH,138176.0,138176.0
600495.SH,480859.9726,480859.9726
600496.SH,604688.6968,504488.6968
600497.SH,1807408.5066,1530013.856
600498.SH,3460259.5935,3271005.333
600499.SH,868673.1673,649273.5881
600500.SH,1452368.3043,1424364.0643
600501.SH,388002.1956,388002.1956
600502.SH,657483.2239,347898.8688
600503.SH,605665.62,605665.62
600505.SH,360921.825,360921.825
600506.SH,142537.1324,142537.1324
600507.SH,1126046.8742,1125406.0164
600508.SH,594796.914,594796.914
600509.SH,381118.3706,299785.57
600510.SH,837676.02,837676.02
600511.SH,2485332.8754,1822723.1207
600512.SH,450890.5986,450890.5986
600513.SH,302389.8885,299729.0835
600515.SH,1945981.0451,825831.0923
600516.SH,2462462.8281,2462462.8281
600517.SH,3871380.9987,918125.6162
600518.SH,1253413.1421,1111014.3154
600519.SH,177946699.359,177946699.359
600520.SH,142903.86,142903.86
600521.SH,4262001.5777,4031452.9309
600522.SH,3568960.9341,3568960.9341
600523.SH,630321.3479,629905.5626
600525.SH,638524.0493,638524.0493
600526.SH,277534.1687,277534.1687
600527.SH,446794.3127,372490.3127
600528.SH,2077150.7348,1718295.2168
600529.SH,2622022.861,2622022.861
600530.SH,225420.0,225420.0
600531.SH,432826.3257,432826.3257
600532.SH,359697.8068,359697.8068
600533.SH,360150.0,360150.0
600535.SH,2252360.015,2252360.015
600536.SH,3852644.0718,3852644.0718
600537.SH,362318.6545,362318.6545
600538.SH,358982.116,358982.116
600539.SH,160540.0,160540.0
600540.SH,225572.2669,225572.2669
600543.SH,194598.72,194598.72
600545.SH,934438.6065,554293.2588
600546.SH,2242157.8943,2242157.8943
600547.SH,11143103.817,8449387.9038
600548.SH,2006308.6999,1318608.6999
600549.SH,1695691.7172,1695691.7172
600550.SH,957594.8096,797995.6748
600551.SH,420340.821,420340.821
600552.SH,414789.0136,414789.0136
600555.SH,192918.0,144078.0
600556.SH,3404531.5582,706574.9071
600557.SH,828847.6911,828847.6911
600558.SH,263895.8203,263895.8203
600559.SH,926897.9297,905655.3393
600560.SH,214028.7435,214028.7435
600561.SH,112842.464,112842.464
600562.SH,875025.1109,875025.1109
600563.SH,1249425.0,1249425.0
600565.SH,708869.0986,699091.4986
600566.SH,1871884.6637,1871884.6637
600567.SH,1369466.3439,1369466.3439
600568.SH,231172.883,181534.0014
600569.SH,583101.5414,485917.9513
600570.SH,8979180.4844,8979180.4844
600571.SH,367235.9306,360074.248
600572.SH,1440352.908,1436712.3074
600573.SH,180250.0,180250.0
600575.SH,851091.1732,851091.1732
600576.SH,249619.1708,249619.1708
600577.SH,543757.6691,543757.6691
600578.SH,2010526.8682,2010526.8682
600579.SH,477034.036,221641.609
600580.SH,1553646.6337,1552066.9717
600581.SH,470599.6461,470599.6461
600582.SH,1225022.312,1225022.312
600583.SH,2122250.304,2122250.304
600584.SH,4605058.5965,2828669.61
600585.SH,29972855.3868,22622317.7868
600586.SH,398626.83,398626.83
600587.SH,616957.8421,612462.402
600588.SH,11506970.7419,11460491.148
600590.SH,483394.7215,471050.1438
600592.SH,533803.5709,533803.5709
600593.SH,530656.0,530656.0
600594.SH,448230.9084,448230.9084
600595.SH,315757.0732,280388.0049
600596.SH,587182.2273,578793.9173
600597.SH,1916322.9516,1916032.6441
600598.SH,2630966.2653,2630966.2653
600599.SH,123836.0,123836.0
600600.SH,8707084.1138,4485163.2616
600601.SH,733093.6621,733093.6621
600602.SH,1027122.7647,776131.9679
600603.SH,604750.1986,345321.1114
600604.SH,1596055.693,1199151.493
600605.SH,164731.2539,164731.2539
600606.SH,6741157.5293,6741157.5293
600608.SH,147329.9256,142630.4056
600609.SH,694936.2957,579113.58
600611.SH,896002.5655,592496.902
600612.SH,2416804.0697,1465046.4906
600613.SH,353555.4177,317309.8254
600614.SH,177030.1496,152660.2535
600615.SH,187080.4055,186686.3855
600616.SH,278408.9829,278408.9829
600617.SH,437119.4679,392890.4806
600618.SH,841859.1825,545883.5025
600619.SH,784370.6264,516941.2497
600620.SH,428486.5185,428486.5185
600621.SH,1953115.5966,1953115.5966
600622.SH,599874.1608,599874.1608
600623.SH,1115807.2844,986964.2844
600624.SH,634043.3213,634043.3213
600626.SH,455123.5627,431555.7563
600628.SH,780131.7131,780131.7131
600629.SH,450291.011,437221.746
600630.SH,298252.8411,298252.8411
600633.SH,1261564.3105,1261564.3105
600634.SH,67936.3856,67936.3856
600635.SH,1275451.7796,1044918.0036
600636.SH,532748.7669,532748.7669
600637.SH,3329137.696,3329137.696
600638.SH,378448.9937,378448.9937
600639.SH,1728515.8552,1309364.5226
600640.SH,1468854.7052,1468854.7052
600641.SH,1785641.6268,1785641.6268
600642.SH,2647588.6523,2453548.6523
600643.SH,1299159.8841,1148680.9194
600644.SH,272969.1341,272969.1341
600645.SH,1010814.9624,828953.1122
600647.SH,187565.5054,187565.5054
600648.SH,1611060.407,1326469.3145
600649.SH,1383677.8718,1383677.8718
600650.SH,524581.2118,371422.6313
600651.SH,331033.9207,331033.9207
600652.SH,170704.2171,170704.2171
600653.SH,360080.3586,360080.3586
600654.SH,218113.5686,128357.3362
600655.SH,3441013.1001,1420256.3556
600657.SH,1166418.3454,623422.5208
600658.SH,619696.1149,619696.1149
600660.SH,5528993.0405,4414581.8757
600661.SH,472805.5695,427476.2679
600662.SH,905891.4843,905891.4843
600663.SH,4582848.2918,3332412.1958
600664.SH,887484.7529,887462.0969
600665.SH,305035.2499,305035.2499
600666.SH,211100.1133,138228.7515
600667.SH,2438968.2261,2438968.2261
600668.SH,507179.5625,507179.5625
600671.SH,128963.8392,128902.0444
600673.SH,2031366.7526,1657316.2972
600674.SH,4032360.6797,4032360.6797
600675.SH,2578665.2116,947719.3506
600676.SH,528645.3732,528645.3732
600678.SH,216722.79,216722.79
600679.SH,519641.0395,297933.8395
600681.SH,744454.0,723633.6074
600682.SH,1249210.7011,1031575.446
600683.SH,293347.9284,293347.9284
600684.SH,287616.2637,287616.2637
600685.SH,2376104.2214,1380832.5393
600686.SH,431662.545,365256.5836
600687.SH,178645.8365,178645.8365
600688.SH,4026458.622,2726318.622
600689.SH,167626.7801,126938.2553
600690.SH,11435286.7977,10964264.5127
600691.SH,460940.4987,340739.8358
600692.SH,240606.6198,174427.1936
600693.SH,436539.3659,436062.3307
600694.SH,719904.4185,719904.4185
600695.SH,504903.791,260191.6779
600696.SH,341493.2891,341493.2891
600697.SH,241813.874,235837.1428
600698.SH,227783.7468,157841.099
600699.SH,2801163.5792,2801163.5792
600702.SH,1020031.32,998442.57
600703.SH,10261317.1188,10261317.1188
600704.SH,2298230.6462,1955233.8173
600705.SH,3491790.723,3478980.3792
600706.SH,162851.1772,161398.75
600707.SH,1672189.6151,600192.375
600708.SH,650761.929,649781.1091
600710.SH,602411.4891,602411.4891
600711.SH,907057.4386,673511.1584
600712.SH,288667.3408,285337.1022
600713.SH,454142.5024,391277.5607
600714.SH,151580.7196,151580.7196
600715.SH,521213.8335,360860.0876
600716.SH,349150.6001,349150.6001
600717.SH,1099318.4504,1099318.4504
600718.SH,1352941.2513,1352941.2513
600719.SH,168313.4336,168313.4336
600720.SH,1265353.1597,1265145.1798
600721.SH,202195.129,180499.1124
600722.SH,235390.6079,235390.6079
600723.SH,433890.5781,433667.8361
600724.SH,559308.2945,559192.811
600725.SH,268678.46,268678.46
600726.SH,383501.6548,299261.6544
600727.SH,242180.7588,242139.3588
600728.SH,1633783.2947,1603365.722
600729.SH,1240318.3467,1240007.1447
600730.SH,292154.689,292154.689
600731.SH,251852.8929,231597.06
600732.SH,1601152.2013,390585.195
600733.SH,2124144.8769,1109388.8532
600734.SH,207872.3535,173410.3291
600735.SH,196267.9785,196267.9785
600736.SH,589461.9684,589461.9684
600737.SH,1711078.5824,1688879.008
600738.SH,417670.817,399852.5434
600739.SH,2718294.343,2718294.343
600740.SH,906596.716,442945.8824
600741.SH,6866632.8372,6866632.8372
600742.SH,582789.2717,582789.2717
600743.SH,532564.8984,532564.8984
600744.SH,404315.2102,187873.0093
600745.SH,12359874.6642,7007381.1915
600746.SH,662556.1256,192546.3543
600748.SH,953639.0152,953639.0152
600749.SH,195417.3101,195417.3101
600750.SH,758100.0,758100.0
600751.SH,878499.3482,779676.2828
600753.SH,235648.0,235648.0
600754.SH,2892010.1124,2421046.1124
600755.SH,1165546.1318,1165546.1318
600756.SH,588887.4342,588887.4342
600757.SH,652943.8469,652861.4414
600758.SH,454773.9835,454335.7275
600759.SH,450437.9961,449378.6196
600760.SH,4587675.2977,1305558.3832
600761.SH,701691.4003,701691.4003
600763.SH,4674931.2,4674931.2
600764.SH,1814947.4518,839667.6719
600765.SH,887857.2518,739881.0432
600766.SH,162115.9923,161902.8881
600767.SH,128901.8488,128864.0488
600768.SH,137625.8688,137625.8688
600769.SH,208487.3232,208487.3232
600770.SH,639600.0,639600.0
600771.SH,726191.5528,726191.5528
600773.SH,493435.7679,449155.0258
600774.SH,243742.1541,243537.8031
600775.SH,768538.2029,565016.2029
600776.SH,1926704.0982,1466504.0982
600777.SH,1060877.3487,631992.9049
600778.SH,138925.143,138801.8374
600779.SH,2665016.7826,2663695.5816
600780.SH,374906.325,374906.325
600781.SH,251490.1623,150079.552
600782.SH,1352018.4231,1352018.4231
600783.SH,1036148.1372,1036148.1372
600784.SH,252270.9636,252270.9636
600785.SH,363266.3608,363266.3608
600787.SH,996509.8679,996509.8679
600789.SH,761398.7208,737085.2082
600790.SH,473450.4697,473450.4697
600791.SH,156696.48,156500.5388
600792.SH,315785.6284,315785.6284
600793.SH,186760.083,186760.083
600794.SH,381827.9295,381827.9295
600795.SH,3635323.6013,3635323.6013
600796.SH,164866.9728,164866.9728
600797.SH,879173.9132,859990.8736
600798.SH,358340.6577,306162.7316
600800.SH,481155.0077,293258.9026
600801.SH,5176505.042,3362481.362
600802.SH,426934.7586,426934.7586
600803.SH,1304346.4858,1304346.4858
600804.SH,1108673.1874,1108644.9829
600805.SH,356524.793,356265.3792
600807.SH,368892.6828,328186.6995
600808.SH,2002177.1084,1551615.3084
600809.SH,11764760.0627,11688085.7427
600810.SH,418573.792,418573.792
600811.SH,1500688.7541,1500688.7541
600812.SH,1723760.5986,1723760.5986
600814.SH,391834.6634,391834.6634
600815.SH,455942.2814,455942.2814
600816.SH,984444.8254,947572.2936
600817.SH,165737.3845,160349.4462
600818.SH,420132.4184,311010.9884
600819.SH,421647.1471,337084.6462
600820.SH,1877025.3681,1877025.3681
600821.SH,163177.1442,163177.1442
600822.SH,476133.9974,380301.9917
600823.SH,1650514.0348,1650514.0348
600825.SH,638426.4764,638426.4764
600826.SH,441253.7601,441253.7601
600827.SH,1762758.0996,1585196.521
600828.SH,758608.3551,286947.7753
600829.SH,457532.103,457532.103
600830.SH,296218.431,296218.431
600831.SH,581810.9776,581810.9776
600833.SH,236917.7005,236917.7005
600834.SH,633008.406,633008.406
600835.SH,1537177.1799,1212175.9629
600836.SH,331376.536,331376.536
600837.SH,13894053.6,9775294.4654
600838.SH,267789.1633,267789.1633
600839.SH,1417186.9762,1416596.9004
600841.SH,630083.5064,379415.8693
600843.SH,365360.6736,202894.1361
600844.SH,334436.475,270678.3786
600845.SH,6396330.4198,4629306.8984
600846.SH,542292.9959,542292.9959
600847.SH,169689.1518,169689.1518
600848.SH,4603529.3843,2217974.5716
600850.SH,1032982.3918,1032982.3918
600851.SH,910120.7458,556607.4069
600853.SH,284722.1047,237268.9847
600854.SH,205186.1225,205186.1225
600855.SH,702906.1481,545149.6748
600856.SH,132565.4748,130311.9395
600857.SH,207047.2852,207047.2852
600858.SH,263153.694,261879.3027
600859.SH,2125373.4583,1557311.7628
600860.SH,159094.0,121394.0
600861.SH,556309.4904,556309.4904
600862.SH,2224699.4239,2224699.4239
600863.SH,1510210.3351,1510210.3351
600864.SH,1335726.2738,1335726.2738
600865.SH,264873.1825,264873.1825
600866.SH,342904.893,335171.8899
600867.SH,3217769.8339,3217769.8339
600868.SH,592222.3878,592222.3878
600869.SH,909934.6259,909934.6259
600870.SH,166900.6931,166900.6931
600871.SH,3341243.8458,2119508.3351
600872.SH,4173582.2594,4173582.2594
600873.SH,1437286.1024,1426385.5499
600874.SH,961951.9618,732791.9618
600875.SH,2841219.6304,1819176.2352
600876.SH,748497.2697,378107.1633
600877.SH,486719.7234,406870.9677
600879.SH,1756649.2495,1756649.2495
600880.SH,539012.7214,538863.8763
600881.SH,951931.6813,944450.8305
600882.SH,1449942.6534,1447897.1484
600883.SH,233254.944,233254.944
600884.SH,1404578.9975,1404578.9975
600885.SH,2649116.8405,2649116.8405
600886.SH,5428818.6776,5428818.6776
600887.SH,18531284.2748,17969936.591
600888.SH,493908.0028,405109.3038
600890.SH,410070.0069,410070.0069
600892.SH,160566.222,155083.1868
600893.SH,5269135.7019,4561575.5801
600894.SH,627761.2334,627761.2334
600895.SH,3050918.4135,3050918.4135
600896.SH,398916.4754,398916.4754
600897.SH,539929.53,539929.53
600898.SH,189897.9126,189897.9126
600900.SH,39644000.0,39644000.0
600901.SH,1618764.2827,970879.1865
600903.SH,1138185.027,631723.187
600908.SH,911195.419,836547.1767
600909.SH,2592636.0,2592636.0
600917.SH,1131212.0,1131212.0
600918.SH,6432041.5728,643204.1576
600919.SH,6915158.8137,6832063.9026
600926.SH,5319389.7875,4335681.6978
600928.SH,2311111.1114,600930.4012
600929.SH,592867.2416,217925.0212
600933.SH,1134387.2177,353060.6251
600936.SH,656713.3119,656713.3119
600939.SH,671365.0,671365.0
600958.SH,6560049.1432,5325364.1865
600959.SH,1805259.0846,1608971.0561
600960.SH,332680.4313,249763.7471
600961.SH,316474.7484,316474.7484
600962.SH,244904.14,237254.68
600963.SH,642598.9068,642598.9068
600965.SH,551804.4437,551804.4437
600966.SH,1235244.1221,1235244.1221
600967.SH,1676114.7625,1676114.7625
600968.SH,2409129.6952,442029.6952
600969.SH,233501.8554,233501.8554
600970.SH,1012431.9824,1010965.6701
600971.SH,596402.4273,596402.4273
600973.SH,547175.133,487622.8943
600975.SH,546942.1394,546942.1394
600976.SH,243443.5782,243284.8782
600977.SH,2539120.0,2539120.0
600978.SH,177944.4005,177944.4005
600979.SH,382000.5348,382000.5348
600980.SH,200531.165,196655.165
600981.SH,744487.8197,242642.9241
600982.SH,306268.4898,204658.82
600983.SH,389351.012,270662.4
600984.SH,1705711.9099,1386707.6785
600985.SH,1733584.9635,518764.1241
600986.SH,691750.4124,684573.4725
600987.SH,598773.6379,510344.523
600988.SH,1567404.5181,1343651.3692
600989.SH,6497356.96,649756.96
600990.SH,631463.5294,559073.4912
600992.SH,156612.51,156612.51
600993.SH,739688.477,738406.8395
600995.SH,371815.0128,371815.0128
600996.SH,791929.9238,791929.9238
600997.SH,771670.7276,771670.7276
600998.SH,3404205.113,3065033.0435
600999.SH,11496186.4086,9813817.9837
601000.SH,1345185.7954,1345185.7954
601001.SH,649395.6,649395.6
601002.SH,543151.188,452625.99
601003.SH,1140442.974,1140442.974
601005.SH,1204011.306,1131364.134
601006.SH,10481088.0012,10481088.0012
601007.SH,238500.0,238500.0
601008.SH,376276.2169,349233.9947
601009.SH,7875522.3578,6675497.6362
601010.SH,582120.0,582120.0
601011.SH,594235.6063,592173.9295
601012.SH,12243966.3932,12229466.5761
601015.SH,457970.8419,409905.0526
601016.SH,893445.4,893445.4
601018.SH,4557805.3419,4557805.3419
601019.SH,1379440.9,282180.9
601020.SH,408889.4449,407834.2102
601021.SH,3546819.5216,3545794.2366
601028.SH,739959.3432,739959.3432
601038.SH,900081.05,542239.83
601058.SH,1026099.0576,789496.3376
601066.SH,25951831.4978,2933689.3779
601068.SH,1195462.9335,119546.2935
601069.SH,878316.0,878316.0
601077.SH,5621715.0,671715.0
601086.SH,322344.0,80344.0
601088.SH,33732796.2917,27968800.3717
601098.SH,2009724.0,2009724.0
601099.SH,2160772.2893,2160772.2893
601100.SH,6487110.0,6487110.0
601101.SH,423599.39,423599.39
601106.SH,1947610.3513,1856792.0
601107.SH,1076437.12,761284.48
601108.SH,3689492.0,2474080.0401
601113.SH,312765.814,248704.9338
601116.SH,807277.9616,605458.4712
601117.SH,2757547.0,2757547.0
601118.SH,2203905.3155,2203905.3155
601126.SH,504166.64,488676.245
601127.SH,1176079.1618,866181.9584
601128.SH,2115940.7741,1987967.3362
601137.SH,955590.5803,857850.8381
601138.SH,28888780.413,2717826.9843
601139.SH,1961955.465,1954412.5382
601155.SH,7444933.0896,7407865.5256
601158.SH,2568000.0,2568000.0
601162.SH,4019578.2698,2314603.4026
601163.SH,1075200.0,1075200.0
601166.SH,33758059.9704,31874782.1454
601168.SH,1384523.0,1384523.0
601169.SH,10465777.2146,9032765.3569
601177.SH,344451.66,344451.66
601179.SH,2644955.2936,2644955.2936
601186.SH,11963576.0615,10134359.2855
601188.SH,378973.0284,378973.0284
601198.SH,2939986.0604,2939986.0604
601199.SH,376889.7477,376889.7477
601200.SH,1101589.8734,1101589.8734
601208.SH,402277.842,402277.842
601211.SH,14564495.9087,12288858.4694
601212.SH,1962265.2454,1911268.9051
601216.SH,2134818.3997,2134818.3997
601218.SH,282651.6,278547.6
601222.SH,929808.5002,925157.5322
601225.SH,7180000.0,7180000.0
601226.SH,443520.0,443520.0
601228.SH,1888919.9,1888919.9
601229.SH,11592527.4192,10821614.3397
601231.SH,4283747.5295,4283747.5295
601233.SH,2370900.0238,2370900.0238
601236.SH,7888123.1147,790244.0
601238.SH,10073904.2882,5986991.4938
601258.SH,1257948.6836,1257948.6836
601288.SH,119694197.5846,100566910.5152
601298.SH,3823257.9,1101368.744
601311.SH,789534.8783,789534.8783
601318.SH,139843846.7865,82869883.4097
601319.SH,28347577.9637,3590604.4592
601326.SH,1497426.416,443069.6053
601328.SH,38245304.2222,20214194.9677
601330.SH,1108946.0,244146.3135
601333.SH,1600879.362,1277405.562
601336.SH,14443500.758,9655584.1442
601339.SH,522000.0,522000.0
601360.SH,12702895.6036,3360177.2716
601366.SH,498229.7663,498229.7663
601368.SH,471507.6231,392923.0195
601369.SH,1021877.7819,998011.0719
601375.SH,1826201.3704,1261989.0904
601377.SH,3917552.9293,3917552.9293
601388.SH,407319.3259,374699.0
601390.SH,13022592.52,9877563.1178
601398.SH,187469691.2288,141816023.7955
601399.SH,4244665.9798,288249.3838
601500.SH,535586.1153,535586.1153
601512.SH,1756699.08,175671.08
601515.SH,787296.0,787296.0
601518.SH,334897.99,300873.6
601519.SH,1458971.8,1458971.8
601555.SH,3034565.7861,3034565.7861
601558.SH,138703.8,138703.8
601566.SH,511427.0635,511427.0635
601567.SH,962278.9228,962278.9228
601577.SH,2672233.4819,777354.8496
601579.SH,409824.64,409824.64
601588.SH,932664.54,736820.0
601595.SH,597226.5,597226.5
601598.SH,2494070.9059,455501.7468
601599.SH,225859.4159,225859.4159
601600.SH,4868484.464,3740510.1971
601601.SH,27448798.0,19042414.3
601606.SH,837932.2588,344469.955
601607.SH,5212391.8165,3526662.823
601608.SH,1531815.0104,1531815.0104
601609.SH,1633262.249,271282.0
601611.SH,1648583.2762,1632756.9838
601615.SH,1686020.7459,1130035.1187
601616.SH,327451.25,327451.25
601618.SH,5284522.8884,4552417.8884
601619.SH,642971.0,156163.9533
601628.SH,82391615.075,60700589.95
601633.SH,7745027.19,5087403.276
601636.SH,1558548.8212,1542950.2432
601658.SH,45402809.4684,1552423.979
601666.SH,986946.6949,986946.6949
601668.SH,21360221.3991,20998083.8476
601669.SH,5339363.2234,3889396.1375
601677.SH,542345.0754,505683.3954
601678.SH,684169.2,684169.2
601688.SH,16519503.0,13390839.8624
601689.SH,2742968.1474,2742968.1474
601696.SH,6361620.0,636620.0
601698.SH,7644000.0,764400.0
601699.SH,1675189.152,1675189.152
601700.SH,630076.992,630076.992
601717.SH,987508.6809,848865.1869
601718.SH,1462412.5915,1462412.5915
601727.SH,7333793.6969,5271082.2477
601766.SH,16874932.0837,14304745.2522
601777.SH,532071.8195,520759.643
601778.SH,2397690.1664,515512.0634
601788.SH,5154860.5804,4367689.302
601789.SH,472422.72,472422.72
601798.SH,212716.9188,212716.9188
601799.SH,3181860.5831,3181860.5831
601800.SH,12567769.4252,9127601.9252
601801.SH,1046321.6917,1046321.6917
601808.SH,6718401.536,4168338.944
601811.SH,1259751.661,808533.8819
601816.SH,32262960.3894,1710966.1454
601818.SH,20103414.4107,15247458.7142
601827.SH,2000495.456,450895.456
601828.SH,3834000.0,427451.2528
601838.SH,2860903.0565,1500208.5923
601857.SH,79614125.3508,70436103.8508
601858.SH,717774.0,717774.0
601860.SH,1460694.6667,692511.2289
601865.SH,2944500.0,514879.8
601866.SH,2228760.0,1522968.0
601869.SH,2312368.4845,325155.779
601872.SH,4131693.6299,3248567.8227
601877.SH,5527581.9996,5527581.9996
601878.SH,3363347.6426,1219399.0572
601880.SH,2204965.6558,1322825.22
601881.SH,10157533.2745,6459166.6722
601882.SH,406116.0,406116.0
601886.SH,656654.45,656654.45
601888.SH,21477230.984,21477230.984
601890.SH,532467.0,532467.0
601898.SH,5117844.0724,3532672.1544
601899.SH,10252413.0182,7934689.2582
601900.SH,835852.8361,829856.8061
601901.SH,5803631.4835,5803631.4835
601908.SH,803186.1335,803186.1335
601916.SH,8422403.9241,1009800.0
601918.SH,626911.1156,626911.1156
601919.SH,4315354.2879,3047370.2308
601928.SH,1720352.4,1720352.4
601929.SH,671995.5307,671995.5307
601933.SH,8622986.3593,8530894.5186
601939.SH,160757058.5235,6168721.8407
601949.SH,998730.0,219751.0365
601952.SH,1266382.0,1266382.0
601958.SH,1968228.684,1968228.684
601965.SH,895968.9511,891265.6987
601966.SH,2390434.4935,2364922.9495
601968.SH,430833.3161,430833.3161
601975.SH,1245413.3184,903342.0267
601985.SH,6444096.4892,6444096.4892
601988.SH,103330114.7256,73978695.7109
601989.SH,9326032.4475,7478118.0231
601990.SH,4743708.055,2963701.2804
601991.SH,3960436.0479,2138793.04
601992.SH,3363497.9072,2625259.8532
601996.SH,292162.884,275486.9295
601997.SH,2513280.3835,2397544.7635
601998.SH,25005693.9914,16303551.7757
601999.SH,347076.261,347076.261
603000.SH,2164943.0876,2164943.0876
603001.SH,292314.42,292314.42
603002.SH,320108.4957,320108.4957
603003.SH,365715.449,365715.449
603005.SH,2188477.719,2188477.719
603006.SH,196810.5316,196810.5316
603007.SH,225515.7522,223027.875
603008.SH,439638.8726,435457.5926
603009.SH,217914.3069,199121.1256
603010.SH,513944.7422,509986.0238
603011.SH,219288.2003,217291.4099
603012.SH,462142.56,462142.56
603013.SH,793457.6615,92580.0
603015.SH,263793.024,261933.912
603016.SH,332619.2,332619.2
603017.SH,307853.3806,303729.9764
603018.SH,558361.6623,553074.1805
603019.SH,4848837.5628,4848837.5628
603020.SH,326080.0,326080.0
603021.SH,206686.4532,206686.4532
603022.SH,329800.0,329800.0
603023.SH,253627.4132,213132.2799
603025.SH,687204.5696,681400.5662
603026.SH,507510.72,507510.72
603027.SH,1750140.9136,1734257.5037
603028.SH,242659.2,242659.2
603029.SH,138516.56,138516.56
603030.SH,316971.9008,315585.866
603031.SH,395584.0,395584.0
603032.SH,281614.08,281614.08
603033.SH,953376.7487,556746.3496
603035.SH,356720.0,356720.0
603036.SH,190786.558,188311.36
603037.SH,173339.2206,171828.4113
603038.SH,186700.0522,186348.7815
603039.SH,1357847.8639,1322706.9288
603040.SH,254082.9348,194317.6431
603041.SH,185283.0266,184100.0
603042.SH,226848.0,226848.0
603043.SH,1294403.7735,402125.1457
603045.SH,177254.56,122273.3099
603050.SH,197751.6655,196130.5174
603053.SH,1324446.1,132446.1
603055.SH,541250.2757,99609.019
603056.SH,1391040.0,315387.6809
603058.SH,331906.9248,177459.7968
603059.SH,267900.0,66975.0
603060.SH,739508.0,739508.0
603063.SH,322137.42,194129.936
603066.SH,291982.5159,291982.5159
603067.SH,272518.4,272518.4
603068.SH,1058522.978,718484.832
603069.SH,364032.0,364032.0
603076.SH,199809.0,72009.5517
603077.SH,1174556.2803,1174556.2803
603078.SH,636406.68,636406.68
603079.SH,494222.5217,189113.345
603080.SH,190883.5,117680.015
603081.SH,476951.7188,476951.7188
603083.SH,715043.4702,414116.1299
603085.SH,187686.0551,187686.0551
603086.SH,235200.0,235200.0
603088.SH,197254.4,197254.4
603089.SH,185420.1942,185420.1942
603090.SH,155300.0,155300.0
603093.SH,1236560.0,149240.0
603095.SH,410124.0,102531.0
603096.SH,792228.34,790706.04
603098.SH,442091.052,442091.052
603099.SH,208002.6,208002.6
603100.SH,320740.0,320740.0
603101.SH,257040.0,257040.0
603103.SH,1090189.8,127549.8
603105.SH,425000.0,262055.0
603106.SH,337937.6,143020.02
603108.SH,758030.5753,758030.5753
603109.SH,425196.33,106306.33
603110.SH,217468.6039,82156.717
603111.SH,669467.6762,563452.7105
603113.SH,713792.0645,713792.0645
603115.SH,387920.0,96980.0
603116.SH,388359.3392,388359.3392
603117.SH,231486.0786,227932.0207
603118.SH,896747.7318,896747.7318
603121.SH,358128.0,164262.3708
603123.SH,396777.1761,396777.1761
603126.SH,256410.0,256410.0
603127.SH,2069606.0118,1012024.6648
603128.SH,589006.3214,589006.3214
603129.SH,886224.229,432619.1661
603131.SH,518933.9793,475080.2461
603133.SH,378053.235,374279.598
603136.SH,292320.0,73080.0
603138.SH,441227.6148,440919.6498
603139.SH,183379.68,183379.68
603156.SH,2715749.2656,1646699.6009
603157.SH,205924.5374,54821.9382
603158.SH,512052.032,512052.032
603159.SH,155260.0,155260.0
603160.SH,10497461.0539,10331573.5734
603161.SH,185025.8,96257.8
603165.SH,288768.498,288768.498
603166.SH,400013.8531,397836.5731
603167.SH,380609.3154,374894.4594
603168.SH,246460.6692,246460.6692
603169.SH,455300.5938,451911.8977
603177.SH,184628.0,184628.0
603178.SH,177822.6258,177048.403
603179.SH,631079.8296,631079.8296
603180.SH,453616.598,443792.3526
603181.SH,581000.0,287595.0
603183.SH,195598.7346,106547.1347
603185.SH,825241.3455,207146.6124
603186.SH,678266.3648,617646.25
603187.SH,605552.08,449390.7904
603188.SH,342720.0,342720.0
603189.SH,506515.2,506515.2
603192.SH,283413.3342,70853.3342
603195.SH,10025400.0,1002540.0
603196.SH,188160.0,188160.0
603197.SH,502884.0235,496413.5206
603198.SH,1711200.0,1711200.0
603199.SH,241282.4,241282.4
603200.SH,460218.5523,455377.7404
603203.SH,439532.8459,437198.8671
603208.SH,1176471.723,1176471.723
603212.SH,1094827.37,109507.37
603214.SH,458796.0286,248158.8437
603217.SH,360700.48,90175.12
603218.SH,1230984.3329,1215352.229
603220.SH,603239.36,331562.3272
603221.SH,374880.0,93720.0
603222.SH,1697920.0,1697920.0
603223.SH,303125.76,303125.76
603225.SH,1463950.5892,1234245.504
603226.SH,244006.1856,45884.7303
603227.SH,248988.6,248988.6
603228.SH,2845595.6046,2801816.9046
603229.SH,896160.0,896160.0
603232.SH,452887.4728,452887.4728
603233.SH,4422642.1069,892161.3305
603236.SH,2193828.0,548580.0
603238.SH,426240.0,426240.0
603239.SH,350853.12,350853.12
603256.SH,1000692.0,100092.0
603258.SH,946933.918,930720.0
603259.SH,18469501.3726,11290985.6757
603260.SH,2327178.0,906007.9255
603266.SH,224556.4195,221949.8168
603267.SH,892571.456,607367.6447
603268.SH,184639.0056,184639.0056
603269.SH,139583.22,139583.22
603277.SH,475663.8,186726.36
603278.SH,227017.3777,93865.4715
603279.SH,833272.905,84361.5
603283.SH,816355.1732,193580.7001
603286.SH,142595.044,74070.869
603288.SH,36898926.8095,36898926.8095
603289.SH,224912.4,114896.5012
603290.SH,2795040.0,698760.0
603297.SH,441958.91,204222.5297
603298.SH,812679.3092,812679.3092
603299.SH,479401.6678,345733.92
603300.SH,412810.4077,399296.6714
603301.SH,720888.0,280659.7206
603303.SH,496494.2426,496494.2426
603305.SH,1700281.4636,317201.7972
603306.SH,452196.7719,447020.6919
603308.SH,845638.295,751696.273
603309.SH,328120.0,328120.0
603311.SH,242130.0,242130.0
603313.SH,906202.8896,901386.4196
603315.SH,369966.6481,265040.8357
603316.SH,169535.52,87633.8827
603317.SH,2923484.78,611047.98
603318.SH,274274.6729,274274.6729
603319.SH,225957.9387,225957.9387
603320.SH,161337.513,161337.513
603321.SH,229329.0,86726.7
603322.SH,286588.12,286588.12
603323.SH,787939.8962,595275.2488
603326.SH,397606.86,113156.1312
603327.SH,1012525.0,258738.3913
603328.SH,1009408.596,1009408.596
603329.SH,171600.0,84084.0
603330.SH,228992.4,228992.4
603331.SH,215763.1984,53700.8504
603332.SH,278909.61,69728.575
603333.SH,357694.64,353565.7332
603335.SH,193521.3592,91925.3192
603336.SH,430034.8143,430034.8143
603337.SH,840082.7358,840082.7358
603338.SH,3288193.7724,3288193.7724
603339.SH,298736.9728,296478.0988
603345.SH,2595651.9827,2526361.8727
603348.SH,432145.4659,152245.4659
603351.SH,300925.4838,137410.3443
603353.SH,603811.26,151111.26
603355.SH,918290.0,918290.0
603356.SH,177875.56,120380.16
603357.SH,459542.6677,224586.2677
603358.SH,559148.8,559148.8
603359.SH,547104.88,262615.6308
603360.SH,490285.8464,490285.8464
603363.SH,1036461.8702,366881.9303
603365.SH,405871.74,134824.848
603366.SH,500000.0,500000.0
603367.SH,707230.68,448780.488
603368.SH,857975.0606,847839.1681
603369.SH,4862442.0,4862442.0
603377.SH,1051932.0,1051932.0
603378.SH,844458.0,299028.3
603379.SH,1328402.3845,420100.2638
603380.SH,269760.0,80750.6328
603383.SH,686498.0909,682556.4682
603385.SH,550400.7016,550400.7016
603386.SH,315689.5714,79061.625
603387.SH,866024.1161,432093.4884
603388.SH,204636.8975,202165.7205
603389.SH,102473.28,102473.28
603390.SH,494471.8995,123618.0508
603392.SH,6287200.0,632200.0
603393.SH,1160633.6,1160633.6
603396.SH,249110.3316,104083.5629
603398.SH,277117.918,277117.918
603399.SH,414414.1945,387134.5945
603416.SH,522742.64,339265.18
603421.SH,681085.3784,674181.6992
603429.SH,1171135.9876,1067306.24
603439.SH,1126245.9272,112646.1
603444.SH,2939116.4477,2939116.4477
603456.SH,2150312.8682,2144028.9746
603458.SH,377915.6447,252680.7609
603466.SH,532445.575,164538.715
603477.SH,353520.0,167185.5
603486.SH,1621744.1448,516130.7955
603488.SH,182238.3402,181663.8221
603489.SH,1400280.0,350070.0
603496.SH,441363.5102,436713.0344
603499.SH,263816.1876,65100.0
603500.SH,267069.6,76305.6
603501.SH,16438180.5429,2976673.694
603505.SH,518160.0,513082.032
603506.SH,384139.685,96034.9205
603507.SH,332857.5686,208899.9789
603508.SH,964852.6143,564844.4414
603515.SH,1988447.6757,1982385.3337
603516.SH,483747.079,320355.7088
603517.SH,3890976.0331,3890976.0331
603518.SH,169862.2873,168243.98
603519.SH,302725.9772,302725.9772
603520.SH,1675472.1702,1675472.1702
603527.SH,234071.04,144515.9549
603528.SH,659372.034,656556.882
603530.SH,1022513.7164,102353.7164
603533.SH,1446407.0,588487.5867
603535.SH,259891.2,114186.24
603536.SH,261408.0,93755.3283
603538.SH,815018.49,795074.544
603551.SH,687217.18,68737.18
603555.SH,118177.2029,118177.2029
603556.SH,709120.5256,706637.1218
603557.SH,374175.0902,172714.0394
603558.SH,355568.322,328139.4348
603559.SH,292932.1951,292932.1951
603566.SH,844891.488,844891.488
603567.SH,1024086.96,1024086.96
603568.SH,2787626.3612,2786948.9096
603569.SH,572601.3515,572601.3515
603577.SH,309600.0844,263160.072
603578.SH,190628.8191,188649.7791
603579.SH,381780.0,381780.0
603580.SH,158506.5916,158506.5916
603583.SH,1105079.6936,655102.9182
603585.SH,319140.0,319140.0
603586.SH,333112.7745,328256.8245
603587.SH,822852.0,194940.0
603588.SH,760696.4693,754350.0305
603589.SH,2963400.0,2963400.0
603590.SH,563680.0,293704.1957
603595.SH,712873.7136,237292.6873
603596.SH,1301266.785,547162.2975
603598.SH,404310.762,400187.1726
603599.SH,756032.9526,756032.9526
603600.SH,302241.0564,301507.5107
603601.SH,780829.3578,780829.3578
603602.SH,335520.64,198826.8483
603603.SH,284928.7262,160154.0702
603605.SH,3170196.8396,983827.9363
603606.SH,894814.9847,873938.1159
603607.SH,253621.368,96892.8302
603608.SH,407272.376,402211.27
603609.SH,1316701.5315,1291350.5459
603610.SH,614286.2678,153571.7202
603611.SH,569851.369,563851.585
603612.SH,386523.9284,205154.8631
603613.SH,1706959.43,426815.62
603615.SH,208205.66,205788.82
603616.SH,207112.16,207112.16
603617.SH,212673.865,65815.8847
603618.SH,389049.9705,389049.9705
603619.SH,518000.1295,185601.4901
603626.SH,577037.0089,565597.5529
603628.SH,211099.8,211099.8
603629.SH,228600.0,68580.0
603630.SH,340760.16,340760.16
603633.SH,270307.3035,270307.3035
603636.SH,701271.9771,701271.9771
603637.SH,237684.7214,236450.7341
603638.SH,2376076.5563,2218072.6374
603639.SH,509889.3232,506472.3969
603648.SH,328850.6964,243682.9878
603650.SH,1183694.75,265463.35
603655.SH,255884.0,82076.0
603656.SH,214687.2672,214687.2672
603657.SH,229689.6,68488.175
603658.SH,6727739.694,6727739.694
603659.SH,4300397.1703,1912270.7995
603660.SH,491114.1398,481811.3693
603661.SH,419600.0,120635.0
603662.SH,525481.3981,131370.3517
603663.SH,267508.3192,266554.2584
603665.SH,259600.0,259600.0
603666.SH,1005130.8505,286693.5505
603667.SH,242044.8375,217863.36
603668.SH,343701.726,341553.3128
603669.SH,550775.68,550775.68
603676.SH,448803.0,70726.7693
603677.SH,205577.3891,205577.3891
603678.SH,1188248.1188,1188248.1188
603679.SH,419493.315,167986.6285
603680.SH,870750.5344,271299.4975
603681.SH,313358.8071,115977.1631
603682.SH,557550.0,111510.0
603683.SH,154410.73,61483.922
603685.SH,275470.0,93659.8
603686.SH,960580.4082,960580.4082
603687.SH,649523.3873,79050.0
603688.SH,757172.4754,757172.4754
603689.SH,339696.0,339696.0
603690.SH,874513.7647,811248.8808
603693.SH,734184.0,229284.0
603696.SH,328809.6,328809.6
603697.SH,539044.65,159128.1719
603698.SH,591196.97,591196.97
603699.SH,1188750.0,1188750.0
603700.SH,613790.84,312036.3902
603701.SH,231169.4986,229998.4729
603703.SH,315837.5,315837.5
603706.SH,286560.0,104486.2505
603707.SH,4365449.78,2258535.704
603708.SH,2440900.8,2440900.8
603709.SH,185600.0,46400.0
603711.SH,1292566.8701,151004.1903
603712.SH,2337616.0,1109570.6304
603713.SH,1431317.102,629222.8695
603716.SH,295817.2284,275740.0865
603717.SH,198514.713,198514.713
603718.SH,1128932.0,1128932.0
603719.SH,3089304.0,315864.0
603721.SH,327210.0,154921.1663
603722.SH,268857.54,124878.18
603725.SH,144978.512,92883.2337
603726.SH,265852.5184,265852.5184
603727.SH,411158.62,411158.62
603728.SH,544128.0,544128.0
603729.SH,150834.208,150834.208
603730.SH,1289113.1654,234411.9373
603733.SH,962676.0,97526.0
603737.SH,2327824.65,2306623.0625
603738.SH,370852.2858,370852.2858
603739.SH,408630.214,196501.392
603755.SH,778949.4662,194789.34
603757.SH,252941.92,75460.0
603758.SH,299259.5874,299259.5874
603766.SH,772131.7356,772131.7356
603767.SH,214880.796,66506.076
603768.SH,232764.0,232764.0
603773.SH,318314.0459,216461.3813
603776.SH,340832.86,218061.3261
603777.SH,574719.86,570469.0441
603778.SH,177500.0,177500.0
603779.SH,169702.0685,155779.6183
603786.SH,2603850.8,260970.8
603787.SH,255000.0,255000.0
603788.SH,365603.6465,365603.6465
603789.SH,346060.0,346060.0
603790.SH,265033.6,85291.1254
603797.SH,370156.4544,370156.4544
603798.SH,204600.0,204600.0
603799.SH,4022946.8792,3802316.9353
603800.SH,222976.0,222976.0
603801.SH,571733.4016,281112.9037
603803.SH,474108.5572,474108.5572
603806.SH,2965336.92,2965336.92
603808.SH,421305.5146,421297.2791
603809.SH,255278.3772,140502.4236
603810.SH,339490.45,161603.2988
603811.SH,353188.08,353188.08
603813.SH,146573.068,77324.148
603815.SH,1030435.0,103043.5
603816.SH,2796372.7122,2746622.5653
603817.SH,274052.7496,274052.7496
603818.SH,387520.861,383907.16
603819.SH,216789.5397,216010.5573
603822.SH,173488.1438,173488.1438
603823.SH,557550.0,174310.4071
603825.SH,623999.345,256109.2132
603826.SH,1436760.0,1436760.0
603828.SH,276528.1692,276517.8
603829.SH,191520.0,86662.8
603833.SH,4764743.7214,4764743.7214
603838.SH,224277.88,224277.88
603839.SH,518118.8972,516131.8638
603843.SH,238001.785,238001.785
603848.SH,562603.0,99760.315
603855.SH,522644.5,513158.5
603856.SH,407699.214,145372.11
603858.SH,2945277.9738,2945277.9738
603859.SH,430676.353,401588.8652
603860.SH,176902.04,64149.54
603861.SH,374198.5765,338734.8
603863.SH,263544.32,65886.72
603866.SH,3418255.2301,3418255.2301
603867.SH,324380.0,81095.0
603868.SH,1919253.6,1919253.6
603869.SH,562518.0664,562518.0664
603871.SH,512422.4,128105.6
603876.SH,621822.0501,343088.5869
603877.SH,736037.2536,732730.6132
603878.SH,332629.8438,330621.7219
603879.SH,279775.152,156647.952
603880.SH,235755.0,114989.5013
603881.SH,1736917.518,1736917.518
603882.SH,3562342.0091,2175594.283
603883.SH,2344179.5002,2191666.944
603885.SH,1936651.9946,1770058.2748
603886.SH,415680.0,415680.0
603887.SH,791723.2113,563671.5564
603888.SH,1209338.4088,1209338.4088
603889.SH,279925.2742,279925.2742
603890.SH,587259.449,290419.5543
603893.SH,2829065.36,288204.0
603895.SH,223509.44,67762.4455
603896.SH,401865.4752,394193.7552
603897.SH,340036.7146,105859.2648
603898.SH,476480.3498,476480.3498
603899.SH,4829115.5132,4790440.0
603900.SH,277826.6534,277826.6534
603901.SH,322072.1561,322072.1561
603903.SH,240934.9774,240402.871
603906.SH,429686.0928,425318.4
603908.SH,158788.89,158788.89
603909.SH,220709.72,218154.86
603912.SH,441713.0504,230712.8012
603915.SH,604178.9296,110031.52
603916.SH,916299.5,388594.65
603917.SH,175459.2,89808.6035
603918.SH,252447.8471,250121.8933
603919.SH,726903.5757,704043.1331
603920.SH,1056951.696,1044157.992
603922.SH,195584.0,48896.0
603926.SH,184418.715,182360.1
603927.SH,2492696.0,249269.6
603928.SH,214704.0,214704.0
603929.SH,366552.48,366552.48
603933.SH,263816.7252,65960.6052
603936.SH,596304.4618,507983.3975
603937.SH,294729.68,107036.0161
603938.SH,354092.8428,119754.8028
603939.SH,4084784.6116,3955516.2185
603948.SH,373120.0,93280.0
603949.SH,321602.779,80410.62
603950.SH,621636.57,155409.1425
603955.SH,217152.0,180960.0
603956.SH,743300.3745,153315.8745
603958.SH,150195.76,150195.76
603959.SH,332792.32,332792.32
603960.SH,606301.696,606301.696
603963.SH,189381.4,111261.5725
603966.SH,201063.5588,199927.7353
603967.SH,394666.716,98666.716
603968.SH,296291.52,296291.52
603969.SH,405362.0,405362.0
603970.SH,278784.1394,138695.1794
603976.SH,391154.4,99081.9396
603977.SH,460019.0352,361386.2112
603978.SH,340000.0,161758.57
603979.SH,600327.2765,600327.2765
603980.SH,503300.0,247254.2662
603982.SH,358800.0,146103.36
603983.SH,3292210.0,336610.0
603985.SH,279115.2,279115.2
603986.SH,10685779.2391,9001617.6232
603987.SH,642099.486,642099.486
603988.SH,283651.2,283651.2
603989.SH,1072124.2673,1072124.2673
603990.SH,493451.5571,491456.0
603991.SH,212126.6043,212126.6043
603992.SH,675300.6009,69044.0
603993.SH,8034917.4969,6571667.4009
603995.SH,548533.26,137139.26
603996.SH,68734.35,68734.35
603997.SH,706286.0155,436323.777
603998.SH,281565.2233,278385.1233
603999.SH,363456.0,363456.0
605001.SH,676670.58,169178.84
605168.SH,1292307.0237,323077.2237
605288.SH,607500.0,151875.0
688001.SH,1788861.0,171530.7854
688002.SH,2041660.0,250504.8
688003.SH,574992.0,137998.08
688005.SH,1576323.9492,153619.2
688006.SH,1831768.0,179796.48
688007.SH,1195264.5259,160755.7908
688008.SH,10277916.9482,719470.8955
688009.SH,6555097.961,779940.0
688010.SH,607109.4207,147106.776
688011.SH,405200.0,97044.8165
688012.SH,11203759.2784,1077052.2595
688015.SH,712000.0,153720.8
688016.SH,1816008.6488,371571.8731
688018.SH,1452240.0,333278.642
688019.SH,1572592.2402,361433.0504
688020.SH,842880.0,202291.2
688021.SH,606444.2836,149093.0
688022.SH,462240.0,109782.0
688023.SH,1972814.8395,431356.3775
688025.SH,441521.7933,105965.234
688026.SH,813500.0,184471.31
688028.SH,428880.0,105026.2788
688029.SH,2690801.2,649716.3697
688030.SH,800372.3592,171649.3797
688033.SH,1126779.0791,115295.8996
688036.SH,4915200.0,466735.8044
688037.SH,987840.0,207960.8412
688039.SH,758240.0,156095.997
688051.SH,810846.99,185639.2317
688058.SH,493960.0,117315.5
688066.SH,866930.9483,205916.775
688068.SH,359432.6546,85370.2775
688078.SH,290428.75,66086.6249
688080.SH,456602.2973,103867.9059
688081.SH,325753.6,74022.0616
688085.SH,1269166.3635,262596.2495
688086.SH,1259564.0238,288801.9496
688088.SH,3174108.0,314795.851
688089.SH,550800.0,117419.4568
688090.SH,444647.2414,101154.1729
688096.SH,279392.274,63589.6357
688098.SH,821448.5,95237.5
688099.SH,2281716.0,219566.6525
688100.SH,1419000.0,113477.3874
688101.SH,686123.4,164778.3872
688108.SH,746610.0,86497.5
688111.SH,11859225.0,1818757.5
688116.SH,954096.1473,228236.5368
688118.SH,394765.2,93756.735
688122.SH,1549305.992,147426.89
688123.SH,932899.2132,212831.3213
688126.SH,7961634.6,1443921.8758
688128.SH,815067.5,96460.4861
688138.SH,708087.2,168422.84
688139.SH,1359286.6265,326228.7907
688157.SH,732320.0,166563.1848
688158.SH,3084484.7972,319294.189
688159.SH,514963.7234,104816.8991
688166.SH,2122980.0,201683.1
688168.SH,494910.6,117541.2675
688169.SH,2517333.3459,586558.5536
688177.SH,2253423.36,297217.0177
688178.SH,356735.9513,81150.8165
688181.SH,610481.2326,128343.5784
688186.SH,591632.0,136489.2691
688188.SH,1465800.0,353625.8624
688189.SH,667100.0,152716.7061
688196.SH,461280.0,110707.2
688198.SH,760224.0,161547.6
688199.SH,655570.7592,159261.6561
688200.SH,1688099.2817,365376.5496
688202.SH,731352.0,155412.3
688208.SH,2353500.0,237183.8001
688218.SH,326909.24,71850.2156
688222.SH,2083536.0,180169.2048
688228.SH,494102.1184,106815.783
688233.SH,910400.0,208064.3352
688258.SH,814435.4313,193428.8798
688266.SH,1759200.0,401742.0096
688268.SH,1077960.0,244581.1112
688278.SH,1794801.6,168560.8174
688288.SH,428800.0,91120.0
688298.SH,1404000.0,318973.2039
688299.SH,768021.3923,184075.5226
688300.SH,489188.646,116182.5737
688310.SH,283487.6,67328.305
688312.SH,841359.0733,182022.1253
688318.SH,1773422.0,409365.887
688321.SH,2283700.0,239510.0
688333.SH,408800.0,97090.0
688357.SH,296443.14,70429.599
688358.SH,594320.0,142636.8
688360.SH,553042.4465,125708.1105
688363.SH,6281280.0,629118.3485
688365.SH,2883992.0,232242.6544
688366.SH,1444281.6813,124637.7053
688368.SH,486640.0,116084.8436
688369.SH,530843.1748,127144.6274
688388.SH,1249731.788,301378.8324
688389.SH,1214247.2,105117.8
688396.SH,5103238.0434,995263.9386
688398.SH,485360.0,110426.3164
688399.SH,979540.2,232720.17
688466.SH,406724.08,92587.4517
688516.SH,545645.1,111818.5853
688566.SH,853201.4624,175542.0832
688588.SH,1964049.1147,177444.1103
688598.SH,710240.0,162326.6837
302132.SZ,655744.1539,655744.1539
